Trend p-values (Spearman approximation):
- core_mean_risk_p: 4.088377543221e-05
- auc_core_vs_near_p: 0.0014298527501952485