Trend p-values (Spearman approximation):
- core_mean_risk_p: 7.218083464266556e-09
- auc_core_vs_near_p: 0.0013574419792179437