Trend p-values (Spearman approximation):
- core_mean_risk_p: 0.0011657037176187046
- auc_core_vs_near_p: 0.005133970450832415