Trend p-values (Spearman approximation):
- core_mean_risk_p: 1.7977508370847772e-09
- auc_core_vs_near_p: 2.3056005993282724e-09