Trend p-values (Spearman approximation):
- core_mean_risk_p: 2.020605904817785e-14
- auc_core_vs_near_p: 0.001819625294085192