ID,Fi,Lambda,E_utm,N_utm,distance_m,label_text,epoch_col,epoch_date,risk_pk,top20
D10112119153,-33.48103896,149.01310147,687043.6221253517,6293569.808365621,2790.1371071917774,far-field,D20171215,2017-12-15,0.12039239,0
D10112119155,-33.48101766,149.01301092,687035.2532737333,6293572.333606686,2787.818977572571,far-field,D20171215,2017-12-15,0.2714031,0
D10112119156,-33.481007,149.0129656,687031.064686166,6293573.597414462,2786.6682744574046,far-field,D20171215,2017-12-15,0.29503566,0
D10112219136,-33.48134761,149.01385338,687112.8318469627,6293534.225247824,2798.056060107528,far-field,D20171215,2017-12-15,0.2540874,0
D10112219148,-33.48121713,149.01329875,687061.5718416749,6293549.694574856,2782.8276244609337,far-field,D20171215,2017-12-15,0.27615935,0
D10112219152,-33.48117472,149.01311845,687044.9081115118,6293554.722571005,2778.080735948443,far-field,D20171215,2017-12-15,0.12938467,0
D10112219153,-33.48116407,149.01307316,687040.7222991083,6293555.985220382,2776.903926242612,far-field,D20171215,2017-12-15,0.1432818,0
D10112219154,-33.48115342,149.01302788,687036.5374149979,6293557.247849874,2775.733983011031,far-field,D20171215,2017-12-15,0.8207491,1
D10112219157,-33.48112119,149.01289086,687023.8737035303,6293561.068904027,2772.2328641798067,far-field,D20171215,2017-12-15,0.79310346,1
D10112219158,-33.48111018,149.01284407,687019.5492679357,6293562.374169056,2771.051117916884,far-field,D20171215,2017-12-15,0.65353745,0
D10112219177,-33.48090579,149.01197523,686939.2488394626,6293586.60520228,2750.357668110848,far-field,D20171215,2017-12-15,0.65673304,0
D10112219180,-33.48087483,149.01184361,686927.0841422753,6293590.275563329,2747.4322353645393,far-field,D20171215,2017-12-15,0.64112663,0
D10112319135,-33.48148558,149.01387967,687114.978119704,6293518.877575971,2786.5232274351442,far-field,D20171215,2017-12-15,0.35552913,0
D10112319139,-33.48144,149.01368597,687097.0760518275,6293524.281360923,2781.032549652224,far-field,D20171215,2017-12-15,0.48008323,0
D10112319141,-33.48141779,149.01359159,687088.3532953382,6293526.914469161,2778.398997588168,far-field,D20171215,2017-12-15,0.31086504,0
D10112319142,-33.48140677,149.01354473,687084.0223988465,6293528.220999329,2777.1009162922874,far-field,D20171215,2017-12-15,0.2969679,0
D10112319145,-33.48137441,149.01340718,687071.3097690134,6293532.05749009,2773.330884170135,far-field,D20171215,2017-12-15,0.32409334,0
D10112319148,-33.48134245,149.01327132,687058.7533179873,6293535.846559793,2769.664385125579,far-field,D20171215,2017-12-15,0.43950653,0
D10112319149,-33.4813318,149.01322604,687054.5684446777,6293537.10919763,2768.454954581673,far-field,D20171215,2017-12-15,0.72971165,0
D10112319152,-33.48129983,149.01309013,687042.0073568483,6293540.899443998,2764.863440585952,far-field,D20171215,2017-12-15,0.12715517,0
D10112319153,-33.48128918,149.01304483,687037.8206210106,6293542.162110408,2763.6785995749615,far-field,D20171215,2017-12-15,0.13414091,0
D10112319157,-33.48124651,149.01286346,687021.0580204782,6293547.220826376,2759.001956062908,far-field,D20171215,2017-12-15,0.6253716,0
D10112319168,-33.48112751,149.01235761,686974.3061863679,6293561.328708177,2746.505332151619,far-field,D20171215,2017-12-15,0.7577289,1
D10112319169,-33.48111676,149.01231193,686970.0843367355,6293562.60311844,2745.417166979282,far-field,D20171215,2017-12-15,0.5605678,0
D10112319170,-33.48110601,149.01226622,686965.8596982453,6293563.87758084,2744.3342674905302,far-field,D20171215,2017-12-15,0.42278537,0
D10112319171,-33.48109508,149.01221975,686961.5648202435,6293565.17337144,2743.2403206078775,far-field,D20171215,2017-12-15,0.65546966,0
D10112319178,-33.48102185,149.01190838,686932.7871570103,6293573.855044716,2736.0882281428067,far-field,D20171215,2017-12-15,0.29942033,0
D10112319182,-33.48098087,149.01173412,686916.6815451335,6293578.713356391,2732.2212847111023,far-field,D20171215,2017-12-15,0.27771997,0
D10112319185,-33.48094888,149.01159812,686904.1120386176,6293582.505798254,2729.272293194939,far-field,D20171215,2017-12-15,0.24412902,0
D10112319189,-33.48090885,149.01142787,686888.3770021121,6293587.251490096,2725.6636531086106,far-field,D20171215,2017-12-15,0.2563912,0
D10112319197,-33.48082889,149.01108774,686856.9410557405,6293596.73103906,2718.736035646138,far-field,D20171215,2017-12-15,0.2573573,0
D10112419129,-33.48168128,149.01415119,687139.7888210253,6293496.685792749,2782.226728231119,far-field,D20171215,2017-12-15,0.107535675,0
D10112419130,-33.48167033,149.01410466,687135.4884594118,6293497.983989313,2780.846630124609,far-field,D20171215,2017-12-15,0.36154875,0
D10112419131,-33.48165938,149.01405809,687131.1843796483,6293499.282256024,2779.4710552310657,far-field,D20171215,2017-12-15,0.5703775,0
D10112419133,-33.48163639,149.01396044,687122.1594583368,6293502.007790212,2776.6108452449416,far-field,D20171215,2017-12-15,0.27385554,0
D10112419135,-33.48161315,149.0138617,687113.033779075,6293504.763004537,2773.7476655072232,far-field,D20171215,2017-12-15,0.23647444,0
D10112419136,-33.48160153,149.01381232,687108.4700083979,6293506.140626403,2772.3267485588926,far-field,D20171215,2017-12-15,0.22175981,0
D10112419137,-33.48158989,149.01376287,687103.8997746244,6293507.52059014,2770.9116322678865,far-field,D20171215,2017-12-15,0.2226516,0
D10112419141,-33.48154321,149.01356457,687085.5726219399,6293513.054631522,2765.3125694490805,far-field,D20171215,2017-12-15,0.2554251,0
D10112419142,-33.4815319,149.0135165,687081.1299127217,6293514.395501306,2763.9730163399104,far-field,D20171215,2017-12-15,0.1756837,0
D10112419143,-33.48152066,149.01346877,687076.7186472577,6293515.7279935125,2762.650942593935,far-field,D20171215,2017-12-15,0.8773038,1
D10112419146,-33.48148871,149.01333292,687064.1631274389,6293519.515944395,2758.9227803899275,far-field,D20171215,2017-12-15,0.23365042,0
D10112419150,-33.4814461,149.01315177,687047.4208931666,6293524.567658446,2754.041292346022,far-field,D20171215,2017-12-15,0.53745544,0
D10112419153,-33.4814143,149.01301656,687034.924503787,6293528.33778259,2750.464179438238,far-field,D20171215,2017-12-15,0.16765755,0
D10112419154,-33.48140364,149.01297124,687030.7359357462,6293529.601591144,2749.278129513693,far-field,D20171215,2017-12-15,0.2664239,0
D10112419155,-33.48139296,149.01292583,687026.5390462077,6293530.8677779045,2748.0960839163995,far-field,D20171215,2017-12-15,0.17219085,0
D10112419156,-33.48138205,149.01287945,687022.2525101736,6293532.161216507,2746.8956601524087,far-field,D20171215,2017-12-15,0.54763675,0
D10112419161,-33.48132815,149.01265035,687001.0786151325,6293538.551253623,2741.0663840296265,far-field,D20171215,2017-12-15,0.8686088,1
D10112419169,-33.48124353,149.01229059,686967.8287584786,6293548.583314363,2732.2467497441958,far-field,D20171215,2017-12-15,0.21172711,0
D10112419170,-33.48123279,149.01224491,686963.6068923873,6293549.856613066,2731.1560085098204,far-field,D20171215,2017-12-15,0.43712842,0
D10112419171,-33.48122204,149.01219924,686959.3859760653,6293551.131000816,2730.073376713851,far-field,D20171215,2017-12-15,0.34921226,0
D10112419182,-33.48110718,149.01171087,686914.2495391231,6293564.7479947675,2718.907090835538,far-field,D20171215,2017-12-15,0.2326843,0
D10112419187,-33.48105565,149.01149174,686893.9969163071,6293570.857014617,2714.147269801717,far-field,D20171215,2017-12-15,0.75029725,0
D10112419188,-33.48104574,149.01144957,686890.0994272095,6293572.031917091,2713.248594041392,far-field,D20171215,2017-12-15,0.6401605,0
D10112419189,-33.48103592,149.01140778,686886.237056604,6293573.196153177,2712.363679550764,far-field,D20171215,2017-12-15,0.18772295,0
D10112419191,-33.48101631,149.01132437,686878.5280461994,6293575.52098765,2710.615504003844,far-field,D20171215,2017-12-15,0.7877527,1
D10112519129,-33.48180983,149.01413737,687138.2279859718,6293482.455064621,2769.6509952137753,far-field,D20171215,2017-12-15,0.43541914,0
D10112519130,-33.48179888,149.01409083,687133.9267014175,6293483.753278818,2768.259866567497,far-field,D20171215,2017-12-15,0.5644322,0
D10112519135,-33.48174149,149.01384697,687111.3888711311,6293490.557202438,2761.0799887987964,far-field,D20171215,2017-12-15,0.35054994,0
D10112519136,-33.48172985,149.01379754,687106.820503798,6293491.937131882,2759.647500439818,far-field,D20171215,2017-12-15,0.443371,0
D10112519137,-33.48171791,149.01374683,687102.133833369,6293493.35263508,2758.185590142525,far-field,D20171215,2017-12-15,0.82513374,1
D10112519139,-33.48169304,149.01364122,687092.373251791,6293496.300973494,2755.1667239667663,far-field,D20171215,2017-12-15,0.8144322,1
D10112519143,-33.48164533,149.0134386,687073.6468837745,6293501.9570021145,2749.4709258837765,far-field,D20171215,2017-12-15,0.18140607,0
D10112519144,-33.48163432,149.01339179,687069.3206220593,6293503.262327068,2748.1720405407323,far-field,D20171215,2017-12-15,0.15494947,0
D10112519145,-33.48162341,149.01334541,687065.0341031008,6293504.555785518,2746.8919175959777,far-field,D20171215,2017-12-15,0.10077289,0
D10112519146,-33.48161259,149.01329941,687060.7827020453,6293505.838576584,2745.628845773704,far-field,D20171215,2017-12-15,0.23684601,0
D10112519153,-33.48153932,149.01298787,687031.9895786429,6293514.525300348,2737.2478729886634,far-field,D20171215,2017-12-15,0.64722055,0
D10112519155,-33.48151759,149.01289551,687023.4534991279,6293517.1014798805,2734.82260632429,far-field,D20171215,2017-12-15,0.26397145,0
D10112519156,-33.48150642,149.01284803,687019.0653075498,6293518.425732179,2733.5862328521525,far-field,D20171215,2017-12-15,0.33330855,0
D10112519167,-33.48138854,149.01234692,686972.7516845386,6293532.40086972,2720.9729001644455,far-field,D20171215,2017-12-15,0.35865042,0
D10112519169,-33.48136739,149.01225701,686964.4420029647,6293534.90826296,2718.7946307455886,far-field,D20171215,2017-12-15,0.2436088,0
D10112519170,-33.48135727,149.01221395,686960.4622810556,6293536.1080860915,2717.7597163508417,far-field,D20171215,2017-12-15,0.46261892,0
D10112519171,-33.48134693,149.01216999,686956.3993960138,6293537.333925594,2716.71013812403,far-field,D20171215,2017-12-15,0.4922711,0
D10112519172,-33.48133644,149.01212536,686952.2745707427,6293538.577604413,2715.6501999859574,far-field,D20171215,2017-12-15,0.43527052,0
D10112519173,-33.48132605,149.01208119,686948.1922764182,6293539.809363376,2714.608290896331,far-field,D20171215,2017-12-15,0.7027348,0
D10112519174,-33.48131544,149.01203608,686944.0231017362,6293541.067210551,2713.5506021886395,far-field,D20171215,2017-12-15,0.6802913,0
D10112519180,-33.48125331,149.01177189,686919.6059891288,6293548.432933452,2707.487671966673,far-field,D20171215,2017-12-15,0.6197979,0
D10112519183,-33.48122429,149.0116484,686908.1926713866,6293551.873494891,2704.729403781885,far-field,D20171215,2017-12-15,0.32320154,0
D10112519186,-33.48119437,149.01152115,686896.4318706543,6293555.420618574,2701.940805952338,far-field,D20171215,2017-12-15,0.70912606,0
D10112519187,-33.48118419,149.01147785,686892.4299596114,6293556.627498735,2701.0038946747773,far-field,D20171215,2017-12-15,0.5370838,0
D10112519188,-33.48117408,149.01143486,686888.4567049582,6293557.826056353,2700.080050050035,far-field,D20171215,2017-12-15,0.49881095,0
D10112519193,-33.48112393,149.01122154,686868.741031755,6293563.771526534,2695.5840271750844,far-field,D20171215,2017-12-15,0.23862961,0
D10112519196,-33.48109403,149.01109434,686856.9848081934,6293567.31629288,2692.9740812414757,far-field,D20171215,2017-12-15,0.21819262,0
D10112619137,-33.48184425,149.01372367,687099.7098663363,6293479.383818483,2745.2689627059663,far-field,D20171215,2017-12-15,0.2608502,0
D10112619138,-33.48183162,149.01367005,687094.7542667801,6293480.881081747,2743.7217447475473,far-field,D20171215,2017-12-15,0.03819857,0
D10112619139,-33.48181897,149.01361636,687089.7922039266,6293482.380686477,2742.1817484966255,far-field,D20171215,2017-12-15,0.61117715,0
D10112619141,-33.48179313,149.01350666,687079.6536438157,6293485.443953173,2739.062392262673,far-field,D20171215,2017-12-15,0.6756094,0
D10112619142,-33.481781,149.01345515,687074.8930401639,6293486.881955171,2737.6102903989795,far-field,D20171215,2017-12-15,0.3198573,0
D10112619143,-33.48176913,149.01340476,687070.2359547988,6293488.289103359,2736.1981100614894,far-field,D20171215,2017-12-15,0.30640605,0
D10112619144,-33.48175758,149.01335566,687065.6980564386,6293489.658437775,2734.8281935215396,far-field,D20171215,2017-12-15,0.28128716,0
D10112619145,-33.48174613,149.01330703,687061.2036177685,6293491.015833417,2733.4798024928955,far-field,D20171215,2017-12-15,0.084720574,0
D10112619146,-33.48173479,149.01325885,687056.7507587672,6293492.360217432,2732.1508067604473,far-field,D20171215,2017-12-15,0.065472655,0
D10112619152,-33.48167137,149.01298919,687031.8283002421,6293499.87914696,2724.8424498686904,far-field,D20171215,2017-12-15,0.4830559,0
D10112619155,-33.48164005,149.01285604,687019.522337592,6293503.592310663,2721.318857965835,far-field,D20171215,2017-12-15,0.60054994,0
D10112619156,-33.48162943,149.01281088,687015.3485613795,6293504.851388863,2720.1362730345427,far-field,D20171215,2017-12-15,0.5191736,0
D10112619168,-33.48150195,149.01226891,686965.258609458,6293519.964708423,2706.454062265688,far-field,D20171215,2017-12-15,0.8197087,1
D10112619171,-33.48147034,149.01213452,686952.8379932945,6293523.712177977,2703.2072042488653,far-field,D20171215,2017-12-15,0.45934898,0
D10112619174,-33.4814389,149.01200082,686940.4811232032,6293527.439536165,2700.034241533492,far-field,D20171215,2017-12-15,0.4771106,0
D10112619177,-33.48140729,149.01186643,686928.0604896055,6293531.18697294,2696.9041195463196,far-field,D20171215,2017-12-15,0.4096314,0
D10112619182,-33.48135825,149.01165781,686908.7792671437,6293537.000970439,2692.1588157438696,far-field,D20171215,2017-12-15,0.66349584,0
D10112619184,-33.4813392,149.01157672,686901.2846800312,6293539.25954562,2690.351608137144,far-field,D20171215,2017-12-15,0.37291914,0
D10112619185,-33.48132972,149.01153639,686897.5572680918,6293540.383453543,2689.4613591675493,far-field,D20171215,2017-12-15,0.56956005,0
D10112619186,-33.48132012,149.01149553,686893.780861413,6293541.5216217395,2688.5644121832097,far-field,D20171215,2017-12-15,0.46321344,0
D10112619187,-33.48131044,149.01145434,686889.9739596067,6293542.669254227,2687.6660149592426,far-field,D20171215,2017-12-15,0.5037158,0
D10112619191,-33.4812711,149.01128695,686874.5032756862,6293547.333258918,2684.072745525646,far-field,D20171215,2017-12-15,0.51746434,0
D10112619194,-33.48124186,149.01116255,686863.0058547778,6293550.799801614,2681.46259620493,far-field,D20171215,2017-12-15,0.6022592,0
D10112619195,-33.48123196,149.01112047,686859.1167130433,6293551.973420825,2680.5921732268516,far-field,D20171215,2017-12-15,0.20325506,0
D10112619196,-33.4812222,149.01107892,686855.2765215433,6293553.130558962,2679.736976342248,far-field,D20171215,2017-12-15,0.18311533,0
D10112719133,-33.48201403,149.0138852,687114.3551900747,6293460.264769711,2737.8044616230686,far-field,D20171215,2017-12-15,0.15613852,0
D10112719134,-33.48200236,149.01383562,687109.7729632177,6293461.648298539,2736.334644107294,far-field,D20171215,2017-12-15,0.4010107,0
D10112719137,-33.48196596,149.01368105,687095.4874994976,6293465.963525213,2731.8027446064107,far-field,D20171215,2017-12-15,0.30722353,0
D10112719138,-33.48195334,149.01362747,687090.5356020642,6293467.459605558,2730.2493044385446,far-field,D20171215,2017-12-15,0.029429251,0
D10112719139,-33.48194073,149.01357391,687085.5855402779,6293468.954538286,2728.70486661168,far-field,D20171215,2017-12-15,0.4698276,0
D10112719141,-33.48191565,149.01346744,687075.7455141764,6293471.927699014,2725.662473869341,far-field,D20171215,2017-12-15,0.19500594,0
D10112719143,-33.48189191,149.01336661,687066.4267108326,6293474.742084721,2722.8128092694355,far-field,D20171215,2017-12-15,0.16475922,0
D10112719146,-33.48185622,149.013215,687052.4147501371,6293478.973175354,2718.5874076161576,far-field,D20171215,2017-12-15,0.4160969,0
D10112719151,-33.48180357,149.01299117,687031.7280300276,6293485.215169696,2712.4776581335623,far-field,D20171215,2017-12-15,0.32037753,0
D10112719153,-33.48178312,149.01290416,687023.68638659,6293487.639764175,2710.143788557216,far-field,D20171215,2017-12-15,0.11006243,0
D10112719155,-33.48176293,149.01281832,687015.7529055933,6293490.033410879,2707.8662691390587,far-field,D20171215,2017-12-15,0.2919887,0
D10112719158,-33.48173271,149.01268976,687003.8711231659,6293493.616299825,2704.4974829528264,far-field,D20171215,2017-12-15,0.55321044,0
D10112719165,-33.48166,149.01238056,686975.2942434865,6293502.236536631,2696.614434230831,far-field,D20171215,2017-12-15,0.64112663,0
D10112719173,-33.48157366,149.01201354,686941.3735358678,6293512.472329164,2687.660634374513,far-field,D20171215,2017-12-15,0.3480975,0
D10112719177,-33.48153079,149.01183132,686924.5323896188,6293517.554587712,2683.378191869862,far-field,D20171215,2017-12-15,0.7083829,0
D10112719180,-33.48150086,149.011704,686912.7651530092,6293521.102968598,2680.448099913112,far-field,D20171215,2017-12-15,0.20853151,0
D10112719185,-33.48145273,149.01149922,686893.8388312516,6293526.80910705,2675.8461496026844,far-field,D20171215,2017-12-15,0.8960315,1
D10112719186,-33.48144352,149.01145998,686890.2121346986,6293527.901107933,2674.978859600979,far-field,D20171215,2017-12-15,0.47005054,0
D10112719195,-33.48135894,149.01109999,686856.9407655323,6293537.928761616,2667.2685710194537,far-field,D20171215,2017-12-15,0.56346613,0
D10112819129,-33.48218402,149.01404758,687129.078990266,6293441.12087512,2730.5569349629995,far-field,D20171215,2017-12-15,0.52675384,0
D10112819131,-33.48216087,149.01394926,687119.9922072847,6293443.865361098,2727.574297756284,far-field,D20171215,2017-12-15,0.22153686,0
D10112819132,-33.48214912,149.01389932,687115.3767073959,6293445.258413643,2726.0699236537794,far-field,D20171215,2017-12-15,0.39343044,0
D10112819133,-33.48213729,149.01384908,687110.7335002732,6293446.660876373,2724.5651484600016,far-field,D20171215,2017-12-15,0.1149673,0
D10112819134,-33.48212539,149.01379852,687106.0607058381,6293448.07167634,2723.0581748179284,far-field,D20171215,2017-12-15,0.34921226,0
D10112819135,-33.48211315,149.01374657,687101.2594728644,6293449.522684082,2721.5192058668395,far-field,D20171215,2017-12-15,0.67828476,0
D10112819137,-33.48208764,149.01363827,687091.2503391404,6293452.546845626,2718.3372486997932,far-field,D20171215,2017-12-15,0.49241975,0
D10112819138,-33.48207502,149.0135847,687086.2993775134,6293454.042906078,2716.7769550152893,far-field,D20171215,2017-12-15,0.1404578,0
D10112819141,-33.48203796,149.01342734,687071.7560697352,6293458.436317593,2712.244470120319,far-field,D20171215,2017-12-15,0.716409,0
D10112819145,-33.48199045,149.01322553,687053.1046084143,6293464.068670398,2706.5436224315654,far-field,D20171215,2017-12-15,0.30090666,0
D10112819146,-33.48197958,149.01317931,687048.832887915,6293465.357398237,2705.254986589613,far-field,D20171215,2017-12-15,0.14350475,0
D10112819151,-33.48192859,149.01296247,687028.7921881945,6293471.40270444,2699.299012542436,far-field,D20171215,2017-12-15,0.36192033,0
D10112819153,-33.48190825,149.01287592,687020.7930660077,6293473.814269657,2696.9622565013015,far-field,D20171215,2017-12-15,0.058561236,0
D10112819154,-33.48189808,149.01283271,687016.799543831,6293475.019932596,2695.806003763034,far-field,D20171215,2017-12-15,0.16631986,0
D10112819155,-33.48188804,149.01278999,687012.8512756303,6293476.210294567,2694.667336405883,far-field,D20171215,2017-12-15,0.1893579,0
D10112819157,-33.48186794,149.01270448,687004.9482746706,6293478.593357554,2692.405993818289,far-field,D20171215,2017-12-15,0.5802616,0
D10112819158,-33.48185789,149.01266172,687000.9963082285,6293479.784895562,2691.2838591037294,far-field,D20171215,2017-12-15,0.22042212,0
D10112819159,-33.48184782,149.01261891,686997.0397375296,6293480.978739895,2690.167067564528,far-field,D20171215,2017-12-15,0.17850773,0
D10112819168,-33.4817544,149.01222164,686960.3232874408,6293492.054241026,2680.0824410257615,far-field,D20171215,2017-12-15,0.452066,0
D10112819175,-33.48167891,149.01190074,686930.6651043254,6293501.003707836,2672.313181011529,far-field,D20171215,2017-12-15,0.38689062,0
D10112819177,-33.4816574,149.01180933,686922.216824152,6293503.553689319,2670.1622908924523,far-field,D20171215,2017-12-15,0.5154578,0
D10112819180,-33.48162678,149.01167911,686910.1815970942,6293507.183808184,2667.143436173506,far-field,D20171215,2017-12-15,0.4134215,0
D10112819192,-33.48151334,149.01119631,686865.5598726216,6293520.633079665,2656.4315334479606,far-field,D20171215,2017-12-15,0.321195,0
D10112819198,-33.48145806,149.01096099,686843.810875582,6293527.1870019175,2651.490533244527,far-field,D20171215,2017-12-15,0.6345868,0
D10112919125,-33.48234951,149.01419105,687142.0551656282,6293422.510079963,2722.9179681223204,far-field,D20171215,2017-12-15,0.2941439,0
D10112919128,-33.48231796,149.01405688,687129.6550468397,6293426.250735781,2718.7552244674866,far-field,D20171215,2017-12-15,0.5705262,0
D10112919129,-33.48230694,149.01401005,687125.3269888348,6293427.5572328335,2717.316040293973,far-field,D20171215,2017-12-15,0.4282848,0
D10112919133,-33.4822612,149.01381571,687107.3659699976,6293432.97994243,2711.4166719528307,far-field,D20171215,2017-12-15,0.14528835,0
D10112919136,-33.48222474,149.01366086,687093.0546584108,6293437.302325988,2706.8012507973935,far-field,D20171215,2017-12-15,0.71150416,0
D10112919141,-33.48216287,149.01339814,687068.7739478752,6293444.636961468,2699.1430738489253,far-field,D20171215,2017-12-15,0.3936534,0
D10112919142,-33.48215089,149.01334728,687064.0734435515,6293446.057153214,2697.685799378232,far-field,D20171215,2017-12-15,0.32818073,0
D10112919144,-33.48212642,149.01324335,687054.4681590867,6293448.958069114,2694.7323071759383,far-field,D20171215,2017-12-15,0.29867718,0
D10112919145,-33.48211452,149.01319283,687049.7990741186,6293450.368769337,2693.30944070497,far-field,D20171215,2017-12-15,0.25750595,0
D10112919146,-33.48210395,149.01314787,687045.6438024931,6293451.621956729,2692.0480634103787,far-field,D20171215,2017-12-15,0.055737216,0
D10112919153,-33.48203361,149.01284869,687017.99311402,6293459.9614485875,2683.818328375032,far-field,D20171215,2017-12-15,0.070972055,0
D10112919154,-33.48202356,149.01280594,687014.0420859329,6293461.15297436,2682.66560935687,far-field,D20171215,2017-12-15,0.41535375,0
D10112919155,-33.48201345,149.01276292,687010.0660956227,6293462.351638663,2681.5111916288743,far-field,D20171215,2017-12-15,0.16631986,0
D10112919156,-33.48200345,149.01272038,687006.1344729738,6293463.53723797,2680.3757549001552,far-field,D20171215,2017-12-15,0.32877526,0
D10112919157,-33.48199346,149.01267787,687002.2056157697,6293464.721672626,2679.246645269462,far-field,D20171215,2017-12-15,0.6741974,0
D10112919162,-33.4819441,149.01246789,686982.798871348,6293470.573763182,2673.7560478123364,far-field,D20171215,2017-12-15,0.100624256,0
D10112919163,-33.48193376,149.01242391,686978.734158256,6293471.799649575,2672.6242414456988,far-field,D20171215,2017-12-15,0.07015458,0
D10112919164,-33.4819237,149.01238111,686974.7784965201,6293472.992357848,2671.528572749631,far-field,D20171215,2017-12-15,0.6788793,0
D10112919166,-33.48190295,149.0122929,686966.6259843525,6293475.452334939,2669.2907412454183,far-field,D20171215,2017-12-15,0.07156659,0
D10112919169,-33.48187051,149.01215499,686953.8801070857,6293479.298192421,2665.842672342522,far-field,D20171215,2017-12-15,0.30633175,0
D10112919170,-33.4818596,149.01210863,686949.5954453927,6293480.591563408,2664.6979685750644,far-field,D20171215,2017-12-15,0.35813022,0
D10112919175,-33.48180568,149.01187942,686928.4114493395,6293486.983860475,2659.1398525378963,far-field,D20171215,2017-12-15,0.45934898,0
D10112919176,-33.48179491,149.01183366,686924.1822370377,6293488.260613946,2658.0513865437856,far-field,D20171215,2017-12-15,0.37708086,0
D10112919180,-33.48175385,149.01165902,686908.0416275526,6293493.128473885,2653.9566446149915,far-field,D20171215,2017-12-15,0.12165577,0
D10112919182,-33.48173347,149.01157234,686900.0304685415,6293495.544606717,2651.961763361146,far-field,D20171215,2017-12-15,0.15703031,0
D10112919190,-33.48165772,149.01124998,686870.2371147881,6293504.525346577,2644.7577693213984,far-field,D20171215,2017-12-15,0.33449763,0
D10112919191,-33.48164896,149.01121267,686866.7888081057,6293505.563961308,2643.945638213064,far-field,D20171215,2017-12-15,0.02563912,0
D10112919192,-33.48164017,149.0111752,686863.3256967932,6293506.606189681,2643.133973235764,far-field,D20171215,2017-12-15,0.3384364,0
D10112919195,-33.48161347,149.01106153,686852.8199789481,6293509.771730872,2640.703813347086,far-field,D20171215,2017-12-15,0.3813912,0
D10112919199,-33.48157687,149.01090568,686838.4158340095,6293514.111051807,2637.4416685310152,far-field,D20171215,2017-12-15,0.24591261,0
D10112919201,-33.48155829,149.0108266,686831.1070271508,6293516.313833681,2635.818561772883,far-field,D20171215,2017-12-15,0.30395362,0
D10113019119,-33.48253541,149.01442129,687163.0506187516,6293401.479424491,2718.230279447773,far-field,D20171215,2017-12-15,0.7449465,0
D10113019123,-33.48249435,149.01424666,687146.9111820882,6293406.347678237,2712.6507653970284,far-field,D20171215,2017-12-15,0.34698275,0
D10113019124,-33.48248403,149.0142028,687142.8576212963,6293407.571201706,2711.2647497881244,far-field,D20171215,2017-12-15,0.115487516,0
D10113019125,-33.48247368,149.01415875,687138.7864680416,6293408.7983928565,2709.877331906656,far-field,D20171215,2017-12-15,0.124256834,0
D10113019126,-33.48246327,149.0141145,687134.6968575926,6293410.032596567,2708.490806065455,far-field,D20171215,2017-12-15,0.7722949,1
D10113019127,-33.48245282,149.01407004,687130.5878176359,6293411.271612924,2707.1029121582483,far-field,D20171215,2017-12-15,0.09794887,0
D10113019136,-33.48234962,149.01363156,687090.0632815479,6293423.506482091,2693.7556763854222,far-field,D20171215,2017-12-15,0.18415576,0
D10113019139,-33.48231294,149.01347581,687075.6688172335,6293427.854859471,2689.1611978494193,far-field,D20171215,2017-12-15,0.30120394,0
D10113019140,-33.48230182,149.01342854,687071.3000799796,6293429.173214529,2687.780713551274,far-field,D20171215,2017-12-15,0.90331453,1
D10113019141,-33.48229059,149.01338082,687066.8897611164,6293430.504577086,2686.3946125978964,far-field,D20171215,2017-12-15,0.15636148,0
D10113019142,-33.48227925,149.01333265,687062.4378606072,6293431.848947087,2685.003110475193,far-field,D20171215,2017-12-15,0.17404875,0
D10113019144,-33.48225608,149.0132342,687053.3390341537,6293434.595822089,2682.1813544335587,far-field,D20171215,2017-12-15,0.087024376,0
D10113019146,-33.48223395,149.01314014,687044.6459158971,6293437.219445892,2679.5134933044983,far-field,D20171215,2017-12-15,0.25579667,0
D10113019151,-33.48218087,149.0129145,687023.7920102158,6293443.512374124,2673.227726354176,far-field,D20171215,2017-12-15,0.1021849,0
D10113019152,-33.48217057,149.01287068,687019.742095216,6293444.73355445,2672.0251015665235,far-field,D20171215,2017-12-15,0.83085614,1
D10113019153,-33.48216027,149.01282688,687015.6940378322,6293445.954696994,2670.8296193522547,far-field,D20171215,2017-12-15,0.33122772,0
D10113019155,-33.48213952,149.01273863,687007.5378401933,6293448.41478228,2668.4393609960803,far-field,D20171215,2017-12-15,0.17055589,0
D10113019157,-33.48211896,149.01265119,686999.4565012334,6293450.852331022,2666.095811045482,far-field,D20171215,2017-12-15,0.4306629,0
D10113019158,-33.48210901,149.01260888,686995.5461480904,6293452.031967037,2664.9708273294887,far-field,D20171215,2017-12-15,0.18088585,0
D10113019160,-33.48208967,149.01252658,686987.9398262071,6293454.324953206,2662.797762275472,far-field,D20171215,2017-12-15,0.21291617,0
D10113019161,-33.48208,149.01248543,686984.1366640364,6293455.471443979,2661.719453747343,far-field,D20171215,2017-12-15,0.264566,0
D10113019163,-33.48206055,149.01240269,686976.489685765,6293457.777412023,2659.568561732208,far-field,D20171215,2017-12-15,0.24806778,0
D10113019166,-33.48202909,149.01226891,686964.1255181631,6293461.507166992,2656.139081966192,far-field,D20171215,2017-12-15,0.44359395,0
D10113019168,-33.4820074,149.01217671,686955.604254794,6293464.078563957,2653.810273627371,far-field,D20171215,2017-12-15,0.018653389,0
D10113019169,-33.48199668,149.01213115,686951.3935335784,6293465.3494249815,2652.6699703284144,far-field,D20171215,2017-12-15,0.15383472,0
D10113019170,-33.48198651,149.01208789,686947.3953618035,6293466.555149045,2651.592686947313,far-field,D20171215,2017-12-15,0.17932521,0
D10113019172,-33.48196685,149.01200423,686939.6633259167,6293468.886032168,2649.5260348289303,far-field,D20171215,2017-12-15,0.26032996,0
D10113019173,-33.48195672,149.01196115,686935.6817924171,6293470.086991237,2648.471401642816,far-field,D20171215,2017-12-15,0.1550981,0
D10113019176,-33.48192587,149.01182999,686923.5597547577,6293473.744327923,2645.2989711917826,far-field,D20171215,2017-12-15,0.39930144,0
D10113019182,-33.48186234,149.01155986,686898.5938242829,6293481.275956046,2638.9438726188923,far-field,D20171215,2017-12-15,0.33828774,0
D10113019191,-33.48177603,149.01119261,686864.6516903073,6293491.508566158,2630.687884984758,far-field,D20171215,2017-12-15,0.13741082,0
D10113019192,-33.48176758,149.01115661,686861.3244568547,6293492.510443144,2629.9018680086106,far-field,D20171215,2017-12-15,0.30856124,0
D10113019200,-33.4816966,149.01085431,686833.3849639129,6293500.925983284,2623.4760559608326,far-field,D20171215,2017-12-15,0.07453924,0
D10113019201,-33.48168731,149.01081476,686829.7296362442,6293502.027391244,2622.658567754421,far-field,D20171215,2017-12-15,0.29942033,0
D10113019206,-33.48163816,149.01060568,686810.4059163876,6293507.854218888,2618.4289653017086,far-field,D20171215,2017-12-15,0.44953924,0
D10113019207,-33.4816277,149.01056118,686806.2931053608,6293509.094274264,2617.5478538240554,far-field,D20171215,2017-12-15,0.7571344,1
D10113119116,-33.48269141,149.01452436,687172.2928637181,6293383.993830908,2709.662260917781,far-field,D20171215,2017-12-15,0.3302616,0
D10113119117,-33.48268077,149.01447911,687168.1108358355,6293385.255358767,2708.180604109032,far-field,D20171215,2017-12-15,0.066364445,0
D10113119118,-33.48267012,149.01443386,687163.9288284834,6293386.51799372,2706.7060880473787,far-field,D20171215,2017-12-15,0.7953329,1
D10113119119,-33.48265949,149.01438862,687159.7477063708,6293387.778390863,2705.236546537334,far-field,D20171215,2017-12-15,0.54540724,0
D10113119120,-33.48264889,149.01434357,687155.5841747549,6293389.035116681,2703.780717243473,far-field,D20171215,2017-12-15,0.33568668,0
D10113119122,-33.48262861,149.01425733,687147.613825582,6293391.439579008,2701.010068561585,far-field,D20171215,2017-12-15,0.16631986,0
D10113119123,-33.48261858,149.01421462,687143.6665128636,6293392.628869875,2699.6451312347963,far-field,D20171215,2017-12-15,0.15576695,0
D10113119124,-33.4826085,149.01417174,687139.7035093231,6293393.824010373,2698.281318009521,far-field,D20171215,2017-12-15,0.11444709,0
D10113119125,-33.48259837,149.01412869,687135.7248149527,6293395.025000481,2696.918707517728,far-field,D20171215,2017-12-15,0.6545779,0
D10113119126,-33.48258821,149.01408545,687131.7285281703,6293396.229658319,2695.554496844349,far-field,D20171215,2017-12-15,0.44359395,0
D10113119127,-33.48257797,149.0140419,687127.7036053502,6293397.443744995,2694.186995244149,far-field,D20171215,2017-12-15,0.39655173,0
D10113119131,-33.48253435,149.01385648,687110.5669901441,6293402.615283076,2688.4324475307462,far-field,D20171215,2017-12-15,0.725327,0
D10113119132,-33.4825233,149.01380952,687106.2269250314,6293403.925333178,2686.9922426779144,far-field,D20171215,2017-12-15,0.34571937,0
D10113119138,-33.4824534,149.01351257,687078.7826980118,6293412.212194165,2678.047247565043,far-field,D20171215,2017-12-15,0.34274673,0
D10113119139,-33.4824417,149.01346287,687074.1894038279,6293413.599250131,2676.577295527065,far-field,D20171215,2017-12-15,0.09965815,0
D10113119141,-33.48241919,149.01336722,687065.349373117,6293416.267899793,2673.7695857799067,far-field,D20171215,2017-12-15,0.6273781,0
D10113119142,-33.4824081,149.0133201,687060.9945146232,6293417.582653169,2672.3971529868386,far-field,D20171215,2017-12-15,0.32996434,0
D10113119146,-33.48236395,149.01313242,687043.6489597606,6293422.8169167675,2666.998667465802,far-field,D20171215,2017-12-15,0.23476516,0
D10113119147,-33.48235298,149.0130858,687039.3403012779,6293424.117451607,2665.6753552937716,far-field,D20171215,2017-12-15,0.22042212,0
D10113119148,-33.48234206,149.01303938,687035.0501195936,6293425.412079299,2664.3643441357694,far-field,D20171215,2017-12-15,0.21514566,0
D10113119151,-33.4823097,149.01290183,687022.3376131622,6293429.248511242,2660.5203316868133,far-field,D20171215,2017-12-15,0.10976516,0
D10113119152,-33.48229938,149.01285794,687018.2812422717,6293430.4720352795,2659.3060283202076,far-field,D20171215,2017-12-15,0.5772146,0
D10113119153,-33.48228906,149.01281405,687014.2248704494,6293431.695557563,2658.097921634528,far-field,D20171215,2017-12-15,0.09661118,0
D10113119154,-33.48227874,149.01277016,687010.1684976954,6293432.919078092,2656.8960200853376,far-field,D20171215,2017-12-15,0.59497625,0
D10113119157,-33.48224764,149.01263794,686997.9485650181,6293436.6061454285,2653.313848400549,far-field,D20171215,2017-12-15,0.39774078,0
D10113119158,-33.48223686,149.0125921,686993.7119699229,6293437.884183923,2652.0849264078233,far-field,D20171215,2017-12-15,0.08672711,0
D10113119159,-33.48222638,149.01254755,686989.5946046362,6293439.126627883,2650.8974356546682,far-field,D20171215,2017-12-15,0.016275268,0
D10113119160,-33.48221603,149.01250353,686985.526210213,6293440.353698832,2649.7299009489006,far-field,D20171215,2017-12-15,0.05068371,0
D10113119167,-33.48214457,149.01219962,686957.4383764104,6293448.82574043,2641.8421477666448,far-field,D20171215,2017-12-15,0.7430143,0
D10113119168,-33.48213408,149.01215502,686953.316377808,6293450.069367494,2640.7103061410667,far-field,D20171215,2017-12-15,0.064209275,0
D10113119169,-33.48212335,149.01210941,686949.1010377575,6293451.341426816,2639.559825477815,far-field,D20171215,2017-12-15,0.084720574,0
D10113119170,-33.48211372,149.0120684,686945.3107969781,6293452.483214162,2638.52952000561,far-field,D20171215,2017-12-15,0.5367122,0
D10113119172,-33.48209521,149.01198963,686938.0307140879,6293454.677759321,2636.56735417842,far-field,D20171215,2017-12-15,0.10879905,0
D10113119173,-33.48208589,149.01194995,686934.3633977234,6293455.78276928,2635.5862624438687,far-field,D20171215,2017-12-15,0.0492717,0
D10113119191,-33.48190669,149.01118767,686863.911924819,6293477.027835337,2617.77044093599,far-field,D20171215,2017-12-15,0.45384958,0
D10113119192,-33.48189767,149.01114924,686860.3601076764,6293478.097297374,2616.922435930051,far-field,D20171215,2017-12-15,0.3061088,0
D10113119202,-33.48180703,149.01076335,686824.6950875947,6293488.843499722,2608.690876575531,far-field,D20171215,2017-12-15,0.71195006,0
D10113219114,-33.48283777,149.01458638,687177.7411925973,6293367.651289109,2699.841737835983,far-field,D20171215,2017-12-15,0.30960166,0
D10113219115,-33.48282712,149.01454112,687173.5582647872,6293368.913946693,2698.338967906124,far-field,D20171215,2017-12-15,0.47287455,0
D10113219116,-33.48281648,149.01449586,687169.3753144683,6293370.175493456,2696.8415365360192,far-field,D20171215,2017-12-15,0.42300832,0
D10113219117,-33.48280583,149.0144506,687165.1923846778,6293371.438147312,2695.351255252656,far-field,D20171215,2017-12-15,0.19121581,0
D10113219118,-33.48279519,149.01440534,687161.0094323748,6293372.699690348,2693.866331330319,far-field,D20171215,2017-12-15,0.8576843,1
D10113219119,-33.48278455,149.0143601,687156.8283376107,6293373.961195456,2692.3887532448034,far-field,D20171215,2017-12-15,0.58100474,0
D10113219122,-33.48275296,149.01422579,687144.4153636025,6293377.706561778,2688.039222868819,far-field,D20171215,2017-12-15,0.18846612,0
D10113219123,-33.48274261,149.01418178,687140.3479404653,6293378.933682086,2686.6259535981067,far-field,D20171215,2017-12-15,0.51337695,0
D10113219130,-33.4826708,149.01387634,687112.1189721914,6293387.447760556,2676.9807337379416,far-field,D20171215,2017-12-15,0.71826696,0
D10113219132,-33.48264982,149.01378713,687103.87412986,6293389.935167332,2674.2189975520473,far-field,D20171215,2017-12-15,0.4552616,0
D10113219133,-33.48263899,149.0137411,687099.6200183121,6293391.219141214,2672.8041949449175,far-field,D20171215,2017-12-15,0.23550832,0
D10113219136,-33.4826059,149.01360046,687086.6220053314,6293395.142184949,2668.522595466776,far-field,D20171215,2017-12-15,0.707937,0
D10113219138,-33.48258331,149.01350449,687077.7524302105,6293397.82029538,2665.6375762730836,far-field,D20171215,2017-12-15,0.1404578,0
D10113219139,-33.4825718,149.01345559,687073.233075557,6293399.184839148,2664.178711639224,far-field,D20171215,2017-12-15,0.4338585,0
D10113219141,-33.48254882,149.01335792,687064.2063572083,6293401.909250035,2661.286657059992,far-field,D20171215,2017-12-15,0.6862366,0
D10113219145,-33.48250336,149.01316478,687046.3562700939,6293407.298633416,2655.658584647452,far-field,D20171215,2017-12-15,0.92129904,1
D10113219146,-33.48249218,149.01311726,687041.9644365734,6293408.624079721,2654.291642092983,far-field,D20171215,2017-12-15,0.38859987,0
D10113219148,-33.48246981,149.01302219,687033.177999957,6293411.276129179,2651.578869203579,far-field,D20171215,2017-12-15,0.265978,0
D10113219151,-33.48243752,149.01288495,687020.4941687913,6293415.104238271,2647.7137463951303,far-field,D20171215,2017-12-15,0.22733353,0
D10113219152,-33.48242708,149.01284055,687016.3906691823,6293416.341988185,2646.475678767765,far-field,D20171215,2017-12-15,0.27155173,0
D10113219153,-33.48241686,149.01279706,687012.3712589502,6293417.5536996955,2645.2685900906977,far-field,D20171215,2017-12-15,0.21254459,0
D10113219154,-33.48240667,149.01275372,687008.3657223171,6293418.761812363,2644.072238051868,far-field,D20171215,2017-12-15,0.6471462,0
D10113219157,-33.48237569,149.012622,686996.1920128702,6293422.43466999,2640.474575246266,far-field,D20171215,2017-12-15,0.32082343,0
D10113219159,-33.48235293,149.0125253,686987.2549211741,6293425.132862328,2637.870856118054,far-field,D20171215,2017-12-15,0.034557074,0
D10113219160,-33.48234162,149.01247724,686982.8131719287,6293426.473670194,2636.5879769566013,far-field,D20171215,2017-12-15,0.12485137,0
D10113219165,-33.48229025,149.01225875,686962.6200098208,6293432.563953772,2630.8465057054154,far-field,D20171215,2017-12-15,0.5010404,0
D10113219166,-33.48228038,149.01221678,686958.7410839105,6293433.734090963,2629.76176326967,far-field,D20171215,2017-12-15,0.45176873,0
D10113219168,-33.48226043,149.01213193,686950.8991174169,6293436.099287646,2627.586086923802,far-field,D20171215,2017-12-15,0.14863259,0
D10113219169,-33.48225029,149.01208879,686946.9120447561,6293437.301469084,2626.4887201866522,far-field,D20171215,2017-12-15,0.21975327,0
D10113219170,-33.48224089,149.01204878,686943.21424201,6293438.415948782,2625.4760551014283,far-field,D20171215,2017-12-15,0.75118905,0
D10113219172,-33.48222217,149.0119691,686935.8500574275,6293440.635419823,2623.475085718436,far-field,D20171215,2017-12-15,0.15636148,0
D10113219173,-33.48221286,149.01192944,686932.1845833792,6293441.739284227,2622.4862217032496,far-field,D20171215,2017-12-15,0.60820454,0
D10113219174,-33.48220357,149.0118899,686928.5302168286,6293442.840713177,2621.506322197248,far-field,D20171215,2017-12-15,0.6163793,0
D10113219176,-33.48218508,149.01181118,686921.2547417558,6293445.032937905,2619.5703870064467,far-field,D20171215,2017-12-15,0.20786266,0
D10113219177,-33.48217541,149.01177004,686917.452506368,6293446.1793842185,2618.567507157936,far-field,D20171215,2017-12-15,0.15613852,0
D10113219185,-33.48209751,149.01143861,686886.8210925455,6293455.414942081,2610.694132314057,far-field,D20171215,2017-12-15,0.67486626,0
D10113219190,-33.4820492,149.01123303,686867.8209356882,6293461.142436666,2605.9948305372814,far-field,D20171215,2017-12-15,0.6719679,0
D10113219193,-33.48202011,149.01110926,686856.381839936,6293464.59120779,2603.2349162284513,far-field,D20171215,2017-12-15,0.52935493,0
D10113219194,-33.48201061,149.01106886,686852.6479914803,6293465.717443457,2602.345739506347,far-field,D20171215,2017-12-15,0.92769027,1
D10113219196,-33.4819919,149.01098921,686845.286535492,6293467.935680506,2600.6070276399614,far-field,D20171215,2017-12-15,0.74123067,0
D10113219202,-33.48193505,149.01074724,686822.9230553801,6293474.675637477,2595.4585114940487,far-field,D20171215,2017-12-15,0.49539238,0
D10113219205,-33.48190421,149.01061613,686810.8056030428,6293478.331631422,2592.755964630388,far-field,D20171215,2017-12-15,0.28931332,0
D10113219214,-33.48181235,149.01022549,686774.7017534608,6293489.221487956,2585.05163955261,far-field,D20171215,2017-12-15,0.29949465,0
D10113319111,-33.48299476,149.01469363,687187.3696751789,6293350.048352875,2691.6263965304684,far-field,D20171215,2017-12-15,0.15257135,0
D10113319112,-33.48298412,149.01464837,687183.1867346559,6293351.309906099,2690.0949167256504,far-field,D20171215,2017-12-15,0.2667955,0
D10113319113,-33.48297347,149.01460309,687179.0019561397,6293352.572602484,2688.569464799496,far-field,D20171215,2017-12-15,0.7022889,0
D10113319114,-33.48296277,149.01455759,687174.7968404668,6293353.841238519,2687.0427328012734,far-field,D20171215,2017-12-15,0.40435493,0
D10113319115,-33.48295209,149.0145122,687170.6019026369,6293355.107456397,2685.5265100668207,far-field,D20171215,2017-12-15,0.4351962,0
D10113319116,-33.48294146,149.01446701,687166.4254414605,6293356.367766967,2684.0229571817968,far-field,D20171215,2017-12-15,0.4684899,0
D10113319117,-33.48293087,149.01442198,687162.2637614196,6293357.623351341,2682.530731473568,far-field,D20171215,2017-12-15,0.54674494,0
D10113319123,-33.48286576,149.01414519,687136.6827956517,6293365.342842575,2673.4966457492783,far-field,D20171215,2017-12-15,0.6515309,0
D10113319132,-33.4827733,149.01375195,687100.3393507238,6293376.305179041,2661.066382833937,far-field,D20171215,2017-12-15,0.19076991,0
D10113319135,-33.48274179,149.01361796,687087.9559207436,6293380.041023146,2656.942075518924,far-field,D20171215,2017-12-15,0.11348098,0
D10113319138,-33.48271025,149.01348385,687075.5613954249,6293383.78039407,2652.870950869354,far-field,D20171215,2017-12-15,0.12722948,0
D10113319140,-33.48268834,149.01339073,687066.9552065458,6293386.377949191,2650.0785838254296,far-field,D20171215,2017-12-15,0.6328032,0
D10113319141,-33.48267722,149.01334348,687062.5883461181,6293387.696265115,2648.672493756233,far-field,D20171215,2017-12-15,0.84884065,1
D10113319150,-33.48257467,149.01290774,687022.3170647688,6293399.853830537,2636.042241578531,far-field,D20171215,2017-12-15,0.7027348,0
D10113319152,-33.48255357,149.01281802,687014.0250587991,6293402.355385429,2633.5160864327236,far-field,D20171215,2017-12-15,0.25037158,0
D10113319157,-33.4825014,149.01259621,686993.5251672915,6293408.540435291,2627.383419869968,far-field,D20171215,2017-12-15,0.40450355,0
D10113319161,-33.48245826,149.01241282,686976.5760846407,6293413.65484427,2622.4347763354226,far-field,D20171215,2017-12-15,0.67285967,0
D10113319166,-33.48240695,149.01219459,686956.4069789003,6293419.737993874,2616.687411004747,far-field,D20171215,2017-12-15,0.12715517,0
D10113319167,-33.48239713,149.01215284,686952.5483940941,6293420.902187748,2615.606121271515,far-field,D20171215,2017-12-15,0.064283594,0
D10113319168,-33.4823874,149.01211143,686948.7212101071,6293422.055787053,2614.538378693014,far-field,D20171215,2017-12-15,0.14291023,0
D10113319169,-33.48237774,149.01207033,686944.922682143,6293423.20106377,2613.4845114395994,far-field,D20171215,2017-12-15,0.06673603,0
D10113319170,-33.48236796,149.0120287,686941.0751600727,6293424.360600975,2612.4223266244644,far-field,D20171215,2017-12-15,0.21202438,0
D10113319171,-33.4823584,149.01198801,686937.3145155294,6293425.494046627,2611.3897615011183,far-field,D20171215,2017-12-15,0.083680145,0
D10113319184,-33.4822366,149.01146961,686889.4029725259,6293439.934650322,2598.7185538183503,far-field,D20171215,2017-12-15,0.4585315,0
D10113319186,-33.48221703,149.01138632,686881.7051370544,6293442.254840624,2596.7668933558534,far-field,D20171215,2017-12-15,0.10575208,0
D10113319189,-33.48218825,149.01126384,686870.3852779113,6293445.666929422,2593.939691676322,far-field,D20171215,2017-12-15,0.22963734,0
D10113319192,-33.48215884,149.01113875,686858.8242254918,6293449.153567414,2591.106346477129,far-field,D20171215,2017-12-15,0.40264565,0
D10113319193,-33.48214914,149.01109745,686855.0071787285,6293450.303603623,2590.1815833264604,far-field,D20171215,2017-12-15,0.86429846,1
D10113319215,-33.4819275,149.0101548,686767.885463128,6293476.579055423,2570.688800450162,far-field,D20171215,2017-12-15,0.77051127,1
D10113319222,-33.48186391,149.00988405,686742.8619433537,6293484.118044288,2565.652243481349,far-field,D20171215,2017-12-15,0.3823573,0
D10113419111,-33.48311981,149.01466502,687184.441931433,6293336.232435104,2678.8737531321403,far-field,D20171215,2017-12-15,0.09074019,0
D10113419112,-33.48310915,149.01461971,687180.2543934847,6293337.496295416,2677.3320842084763,far-field,D20171215,2017-12-15,0.46923307,0
D10113419132,-33.4828967,149.01371642,687096.7722279351,6293362.684692187,2647.9122005922427,far-field,D20171215,2017-12-15,0.24769619,0
D10113419133,-33.48288619,149.01367175,687092.6438193416,6293363.930725427,2646.523707155296,far-field,D20171215,2017-12-15,0.53938764,0
D10113419134,-33.48287569,149.0136271,687088.5172468016,6293365.175611845,2645.1416457374717,far-field,D20171215,2017-12-15,0.7203478,0
D10113419136,-33.48285469,149.0135378,687080.2640988234,6293367.665379241,2642.396440868895,far-field,D20171215,2017-12-15,0.57282996,0
D10113419139,-33.48282326,149.01340415,687067.912096974,6293371.391713348,2638.335178718656,far-field,D20171215,2017-12-15,0.80261594,1
D10113419147,-33.48273519,149.01302985,687033.3191536288,6293381.832825666,2627.2692933147396,far-field,D20171215,2017-12-15,0.21128121,0
D10113419150,-33.48270144,149.01288642,687020.0632867048,6293385.833997726,2623.14859048941,far-field,D20171215,2017-12-15,0.10686682,0
D10113419151,-33.48269073,149.01284088,687015.854444174,6293387.103743909,2621.853629376351,far-field,D20171215,2017-12-15,0.2002824,0
D10113419155,-33.48264753,149.01265726,686998.8841653109,6293392.225262556,2616.7022333705336,far-field,D20171215,2017-12-15,0.091706306,0
D10113419158,-33.48261799,149.01253159,686987.2695971222,6293395.727520927,2613.2375802123333,far-field,D20171215,2017-12-15,0.5473395,0
D10113419159,-33.48260821,149.01248997,686983.4230195405,6293396.887057755,2612.1012412700115,far-field,D20171215,2017-12-15,0.5811534,0
D10113419162,-33.48257756,149.01235962,686971.3759309171,6293400.520821439,2608.5810342941522,far-field,D20171215,2017-12-15,0.16951546,0
D10113419165,-33.48254568,149.01222408,686958.8491888649,6293404.300319626,2604.9809769512126,far-field,D20171215,2017-12-15,0.2335761,0
D10113419166,-33.4825353,149.01217992,686954.7678611574,6293405.530957185,2603.820532296623,far-field,D20171215,2017-12-15,0.18229786,0
D10113419167,-33.482525,149.01213614,686950.7216726737,6293406.752036884,2602.6773357651955,far-field,D20171215,2017-12-15,0.39982164,0
D10113419168,-33.48251469,149.01209229,686946.6689998923,6293407.974349875,2601.5380750769145,far-field,D20171215,2017-12-15,0.5834572,0
D10113419169,-33.48250506,149.0120513,686942.8806348653,6293409.1161010545,2600.4781800839055,far-field,D20171215,2017-12-15,0.09319263,0
D10113419170,-33.48249527,149.01200965,686939.0312813146,6293410.276782685,2599.4074132337782,far-field,D20171215,2017-12-15,0.33412606,0
D10113419171,-33.48248567,149.0119688,686935.2558599048,6293411.414951777,2598.3626399397567,far-field,D20171215,2017-12-15,0.007431629,0
D10113419173,-33.48246628,149.01188631,686927.6320109224,6293413.713778297,2596.2702733406513,far-field,D20171215,2017-12-15,0.3229786,0
D10113419175,-33.4824471,149.01180467,686920.0866950474,6293415.9877798315,2594.2208907873155,far-field,D20171215,2017-12-15,0.013376933,0
D10113419176,-33.48243794,149.01176566,686916.4813091839,6293417.073833756,2593.249061022118,far-field,D20171215,2017-12-15,0.6202437,0
D10113419183,-33.48237585,149.01150126,686892.0449008085,6293424.435443502,2586.7976080348735,far-field,D20171215,2017-12-15,0.7106867,0
D10113419185,-33.48235546,149.01141454,686884.0301014727,6293426.8527466105,2584.7353941902647,far-field,D20171215,2017-12-15,0.8000892,1
D10113419186,-33.48234513,149.01137062,686879.9709514886,6293428.077374758,2583.701007463702,far-field,D20171215,2017-12-15,0.030692628,0
D10113419196,-33.48224541,149.01094641,686840.76468435,6293439.899570611,2574.0429071191757,far-field,D20171215,2017-12-15,0.68415576,0
D10113419197,-33.48223553,149.01090438,686836.88018965,6293441.070874987,2573.119490226935,far-field,D20171215,2017-12-15,0.6087247,0
D10113419200,-33.48220641,149.0107805,686825.4309520341,6293444.523134957,2570.4330605501204,far-field,D20171215,2017-12-15,0.30826396,0
D10113419203,-33.48217678,149.01065445,686813.7811508535,6293448.035843283,2567.7538269346164,far-field,D20171215,2017-12-15,0.5856867,0
D10113419212,-33.48208244,149.01025335,686776.7107284588,6293459.219559775,2559.599896296654,far-field,D20171215,2017-12-15,0.53634065,0
D10113419213,-33.4820718,149.01020813,686772.5314142796,6293460.480858369,2558.716141701671,far-field,D20171215,2017-12-15,0.7554994,1
D10113419215,-33.48205174,149.01012279,686764.6440915003,6293462.858980857,2557.0657968102178,far-field,D20171215,2017-12-15,0.52400416,0
D10113419216,-33.48204238,149.01008298,686760.9647616836,6293463.968593634,2556.304870498319,far-field,D20171215,2017-12-15,0.35813022,0
D10113419217,-33.48203306,149.01004329,686757.2964964691,6293465.073553237,2555.550598542198,far-field,D20171215,2017-12-15,0.56220275,0
D10113419220,-33.48200534,149.0099253,686746.39154228,6293468.359865437,2553.3422737666783,far-field,D20171215,2017-12-15,0.9488704,1
D10113419222,-33.48198711,149.00984769,686739.2186058622,6293470.521120286,2551.9160444893982,far-field,D20171215,2017-12-15,0.21655767,0
D10113419231,-33.48190514,149.00949871,686706.9648421598,6293480.239014407,2545.7651039887173,far-field,D20171215,2017-12-15,0.33821344,0
D10113419232,-33.48189618,149.00946053,686703.4361131357,6293481.301314443,2545.117522327315,far-field,D20171215,2017-12-15,0.4064358,0
D10113519110,-33.48325531,149.01468089,687185.6250490366,6293321.177440317,2667.664910064673,far-field,D20171215,2017-12-15,0.1504905,0
D10113519114,-33.4832115,149.01449467,687168.4146651244,6293326.371601976,2661.305165710141,far-field,D20171215,2017-12-15,0.248588,0
D10113519116,-33.48318911,149.01439954,687159.6228000703,6293329.026097827,2658.0982176704506,far-field,D20171215,2017-12-15,0.45927468,0
D10113519117,-33.48317801,149.01435236,687155.2624379814,6293330.342113363,2656.517666947769,far-field,D20171215,2017-12-15,0.17991973,0
D10113519119,-33.4831558,149.01425797,687146.5389443055,6293332.975301407,2653.376459642501,far-field,D20171215,2017-12-15,0.27928063,0
D10113519125,-33.48308983,149.01397755,687120.6225641603,6293340.796668044,2644.206346814666,far-field,D20171215,2017-12-15,0.116230674,0
D10113519130,-33.48303812,149.01375763,687100.2975012303,6293346.927534745,2637.1842571868106,far-field,D20171215,2017-12-15,0.46046373,0
D10113519132,-33.48301832,149.01367342,687092.514784379,6293349.275063427,2634.5357064371265,far-field,D20171215,2017-12-15,0.15732759,0
D10113519133,-33.48300849,149.0136316,687088.6497580453,6293350.440548941,2633.2284549327173,far-field,D20171215,2017-12-15,0.30945304,0
D10113519137,-33.48296779,149.01345849,687072.6508527725,6293355.266018742,2627.877122618845,far-field,D20171215,2017-12-15,0.34445602,0
D10113519138,-33.48295785,149.0134162,687068.7423833681,6293356.444541682,2626.5840534309045,far-field,D20171215,2017-12-15,0.30543995,0
D10113519139,-33.48294791,149.01337391,687064.8339131037,6293357.6230629925,2625.29669340384,far-field,D20171215,2017-12-15,0.6848246,0
D10113519140,-33.48293797,149.01333161,687060.9245127058,6293358.8016007,2624.0145322291883,far-field,D20171215,2017-12-15,0.13622177,0
D10113519151,-33.48281819,149.01282248,687013.8705382964,6293373.002130742,2609.0470987569743,far-field,D20171215,2017-12-15,0.07453924,0
D10113519154,-33.48278659,149.01268809,687001.4501092558,6293376.748563884,2605.234990633327,far-field,D20171215,2017-12-15,0.8403686,1
D10113519155,-33.48277599,149.01264306,686997.2884248082,6293378.005184697,2603.9719769095727,far-field,D20171215,2017-12-15,0.5511296,0
D10113519158,-33.4827473,149.01252095,686986.0028643286,6293381.406767355,2600.5753651889418,far-field,D20171215,2017-12-15,0.34817183,0
D10113519159,-33.48273762,149.01247975,686982.1951065909,6293382.554457774,2599.4403976719545,far-field,D20171215,2017-12-15,0.43995243,0
D10113519161,-33.48271812,149.01239681,686974.5297093405,6293384.866332112,2597.1737810276722,far-field,D20171215,2017-12-15,0.49762186,0
D10113519162,-33.48270776,149.01235273,686970.4557827497,6293386.094614766,2595.9780443399654,far-field,D20171215,2017-12-15,0.091409035,0
D10113519164,-33.48268562,149.01225865,686961.7608544705,6293388.719310008,2593.4501833268478,far-field,D20171215,2017-12-15,0.16825208,0
D10113519165,-33.48267456,149.01221162,686957.4142964922,6293390.03052764,2592.1968021444645,far-field,D20171215,2017-12-15,0.45191735,0
D10113519166,-33.48266333,149.01216392,686953.0058421111,6293391.3618022995,2590.9342449984492,far-field,D20171215,2017-12-15,0.24985136,0
D10113519168,-33.482642,149.01207322,686944.623255841,6293393.890568257,2588.552204120147,far-field,D20171215,2017-12-15,0.40257135,0
D10113519171,-33.48261296,149.01194967,686933.2045997367,6293397.333494484,2585.350132305823,far-field,D20171215,2017-12-15,0.07282996,0
D10113519175,-33.48257401,149.01178396,686917.8894494387,6293401.951305982,2581.1356949724864,far-field,D20171215,2017-12-15,0.34066588,0
D10113519176,-33.48256405,149.01174155,686913.9698375786,6293403.1321984995,2580.0711213836985,far-field,D20171215,2017-12-15,0.25988406,0
D10113519183,-33.4824968,149.01145542,686887.5252551646,6293411.105150542,2573.052364296025,far-field,D20171215,2017-12-15,0.46187574,0
D10113519189,-33.48243861,149.01120781,686864.6407054656,6293418.003966896,2567.2021749272885,far-field,D20171215,2017-12-15,0.033516645,0
D10113519193,-33.48239979,149.01104263,686849.3744676306,6293422.606296042,2563.4161528488685,far-field,D20171215,2017-12-15,0.36593342,0
D10113519198,-33.48235062,149.01083345,686830.0416702988,6293428.435569139,2558.7570380462666,far-field,D20171215,2017-12-15,0.23602854,0
D10113519200,-33.48233082,149.01074924,686822.2588343417,6293430.782873789,2556.924558738207,far-field,D20171215,2017-12-15,0.5447384,0
D10113519202,-33.48230996,149.01066052,686814.0591716578,6293433.255838465,2555.0204461854196,far-field,D20171215,2017-12-15,0.2686534,0
D10113519203,-33.48229899,149.01061391,686809.7514133017,6293434.556251215,2554.032107253132,far-field,D20171215,2017-12-15,0.25839773,0
D10113519210,-33.48222592,149.01030324,686781.0387467382,6293443.218481673,2547.6329526576255,far-field,D20171215,2017-12-15,0.6204667,0
D10113519211,-33.48221572,149.01025987,686777.0304100505,6293444.427659471,2546.7663604457575,far-field,D20171215,2017-12-15,0.537827,0
D10113519212,-33.48220553,149.01021653,686773.0248387905,6293445.63567262,2545.906659332146,far-field,D20171215,2017-12-15,0.55781806,0
D10113519214,-33.4821853,149.01013049,686765.0728447019,6293448.033907881,2544.2195190342336,far-field,D20171215,2017-12-15,0.3449019,0
D10113519215,-33.48217572,149.01008971,686761.3038539498,6293449.169663438,2543.428132175204,far-field,D20171215,2017-12-15,0.38800535,0
D10113519224,-33.48209267,149.00973617,686728.6287521282,6293459.01560634,2536.8125313358005,far-field,D20171215,2017-12-15,0.6034483,0
D10113519225,-33.48208374,149.00969816,686725.115766124,6293460.074282092,2536.1276824957367,far-field,D20171215,2017-12-15,0.24583828,0
D10113519231,-33.48202986,149.00946873,686703.9111692641,6293466.462041931,2532.1006558999966,far-field,D20171215,2017-12-15,0.3097503,0
D10113519232,-33.48202088,149.00943049,686700.3769124344,6293467.526666911,2531.44762500688,far-field,D20171215,2017-12-15,0.37522295,0
D10113619102,-33.4834622,149.01500042,687214.8723300303,6293297.657920377,2667.2004113934395,far-field,D20171215,2017-12-15,0.226739,0
D10113619103,-33.48345171,149.01495582,687210.7504236954,6293298.901661987,2665.6109109020344,far-field,D20171215,2017-12-15,0.39001188,0
D10113619104,-33.48344127,149.01491142,687206.6469939161,6293300.1394962715,2664.034244292647,far-field,D20171215,2017-12-15,0.2376635,0
D10113619109,-33.48339037,149.01469492,687186.6381245679,6293306.174557374,2656.4312580725455,far-field,D20171215,2017-12-15,0.7089031,0
D10113619111,-33.4833698,149.01460742,687178.5513892155,6293308.613481011,2653.3988291473765,far-field,D20171215,2017-12-15,0.7415279,0
D10113619112,-33.48335899,149.01456149,687174.3065717537,6293309.895091739,2651.817555621433,far-field,D20171215,2017-12-15,0.1993906,0
D10113619114,-33.48333697,149.01446789,687165.6561036259,6293312.505803371,2648.614302257661,far-field,D20171215,2017-12-15,0.05893282,0
D10113619116,-33.48331473,149.01437335,687156.918754383,6293315.142599063,2645.406160994984,far-field,D20171215,2017-12-15,0.022889417,0
D10113619117,-33.48330348,149.01432555,687152.5011071746,6293316.476365954,2643.7950886767844,far-field,D20171215,2017-12-15,0.63941735,0
D10113619120,-33.48326833,149.0141762,687138.6982622147,6293320.643635922,2638.8069417867328,far-field,D20171215,2017-12-15,0.46960464,0
D10113619123,-33.48323418,149.01403112,687125.2900486329,6293324.692291716,2634.0283609587805,far-field,D20171215,2017-12-15,0.29094827,0
D10113619129,-33.48316875,149.01375299,687099.5853165709,6293332.449589973,2625.0485373915376,far-field,D20171215,2017-12-15,0.6273038,0
D10113619130,-33.48315936,149.01371302,687095.8912643922,6293333.562949829,2623.7769201516476,far-field,D20171215,2017-12-15,0.12953329,0
D10113619132,-33.48314039,149.01363227,687088.42829635,6293335.812195385,2621.2233281411413,far-field,D20171215,2017-12-15,0.19872177,0
D10113619133,-33.4831308,149.01359148,687084.6584727078,6293336.949208006,2619.9419604593368,far-field,D20171215,2017-12-15,0.75059456,0
D10113619136,-33.48310157,149.0134671,687073.1632050052,6293340.414871514,2616.06626938315,far-field,D20171215,2017-12-15,0.96819264,1
D10113619137,-33.48309163,149.01342481,687069.2547418117,6293341.593394956,2614.7599039016964,far-field,D20171215,2017-12-15,0.13755946,0
D10113619138,-33.48308169,149.01338253,687065.3472070157,6293342.771898746,2613.4597826901436,far-field,D20171215,2017-12-15,0.69716114,0
D10113619139,-33.48307176,149.01334026,687061.4405791082,6293343.949273931,2612.164992643401,far-field,D20171215,2017-12-15,0.76805884,1
D10113619140,-33.48306182,149.01329797,687057.5321133211,6293345.12779249,2610.875813793228,far-field,D20171215,2017-12-15,0.054548156,0
D10113619144,-33.48302041,149.01312187,687041.2568825644,6293350.037334455,2605.5711639798715,far-field,D20171215,2017-12-15,0.969456,1
D10113619146,-33.48299821,149.01302754,687032.5389002202,6293352.669200135,2602.772562779353,far-field,D20171215,2017-12-15,0.21655767,0
D10113619148,-33.48297607,149.01293344,687023.842157569,6293355.293989552,2600.0090101778424,far-field,D20171215,2017-12-15,0.6287158,0
D10113619153,-33.48292536,149.01271774,687003.9070135293,6293361.306149537,2593.779436474844,far-field,D20171215,2017-12-15,0.7925089,1
D10113619159,-33.48286757,149.01247181,686981.177906528,6293368.157866556,2586.86039964198,far-field,D20171215,2017-12-15,0.498588,0
D10113619160,-33.48285807,149.01243139,686977.4422492377,6293369.28418898,2585.7424698914847,far-field,D20171215,2017-12-15,0.47146255,0
D10113619161,-33.48284851,149.01239072,686973.6834885722,6293370.417614004,2584.6231974204998,far-field,D20171215,2017-12-15,0.4484245,0
D10113619164,-33.48281592,149.0122522,686960.8813930029,6293374.281220747,2580.854907267013,far-field,D20171215,2017-12-15,0.5069857,0
D10113619165,-33.48280487,149.0122052,686956.5376078878,6293375.591275301,2579.590079927548,far-field,D20171215,2017-12-15,0.7216112,0
D10113619168,-33.48277167,149.01206414,686943.5007780205,6293379.527079747,2575.841619030784,far-field,D20171215,2017-12-15,0.40390903,0
D10113619169,-33.48276098,149.01201868,686939.2993214994,6293380.794430232,2574.646867197295,far-field,D20171215,2017-12-15,0.1149673,0
D10113619173,-33.48271961,149.01184277,686923.0415518138,6293385.698989244,2570.0894774590815,far-field,D20171215,2017-12-15,0.41171226,0
D10113619176,-33.48268821,149.01170923,686910.6996359539,6293389.42159337,2566.6988548088943,far-field,D20171215,2017-12-15,0.51181626,0
D10113619179,-33.48265693,149.01157623,686898.4076339038,6293393.129901452,2563.382570093673,far-field,D20171215,2017-12-15,0.6446938,0
D10113619180,-33.48264659,149.01153229,686894.3466628435,6293394.35568138,2562.3006991935144,far-field,D20171215,2017-12-15,0.4963585,0
D10113619183,-33.48261753,149.01140863,686882.9178131055,6293397.800963266,2559.2874546294033,far-field,D20171215,2017-12-15,0.10790725,0
D10113619184,-33.48260778,149.01136712,686879.0813822667,6293398.95693299,2558.2871979194733,far-field,D20171215,2017-12-15,0.23528537,0
D10113619185,-33.48259817,149.01132623,686875.302264252,6293400.096259504,2557.308175533441,far-field,D20171215,2017-12-15,0.6108799,0
D10113619186,-33.48258841,149.01128471,686871.4649239827,6293401.253353076,2556.320106190956,far-field,D20171215,2017-12-15,0.7057075,0
D10113619188,-33.48256909,149.01120251,686863.867869569,6293403.543844139,2554.381129523547,far-field,D20171215,2017-12-15,0.8326397,1
D10113619196,-33.48249086,149.0108697,686833.1090240855,6293412.818315754,2546.7688904799647,far-field,D20171215,2017-12-15,0.2969679,0
D10113619198,-33.48247124,149.0107862,686825.391792914,6293415.144384364,2544.9183552139743,far-field,D20171215,2017-12-15,0.39930144,0
D10113619209,-33.4823588,149.01030806,686781.2013026086,6293428.47399795,2534.7982015076695,far-field,D20171215,2017-12-15,0.53530025,0
D10113619210,-33.4823489,149.01026594,686777.3084864637,6293429.647658117,2533.9445601206467,far-field,D20171215,2017-12-15,0.6651308,0
D10113619211,-33.48233895,149.01022362,686773.3971914719,6293430.827221333,2533.093440464875,far-field,D20171215,2017-12-15,0.65353745,0
D10113619214,-33.48230914,149.01009682,686761.6780836995,6293434.361177494,2530.5808239752632,far-field,D20171215,2017-12-15,0.8530767,1
D10113619220,-33.4822513,149.00985069,686738.9301869993,6293441.218212705,2525.8633946927566,far-field,D20171215,2017-12-15,0.56956005,0
D10113619224,-33.48221588,149.00969986,686724.9900664181,6293445.417478882,2523.076244735309,far-field,D20171215,2017-12-15,0.6746433,0
D10113619230,-33.48216258,149.00947286,686704.0100699923,6293451.7365496345,2519.0336011317368,far-field,D20171215,2017-12-15,0.028983353,0
D10113619231,-33.48215369,149.00943503,686700.5137255675,6293452.7904568445,2518.378525590189,far-field,D20171215,2017-12-15,0.52348393,0
D10113619232,-33.48214481,149.0093972,686697.0173589886,6293453.843253796,2517.7275766867483,far-field,D20171215,2017-12-15,0.6037455,0
D10113619244,-33.48203432,149.00892687,686653.5481234267,6293466.941972583,2510.072670623995,far-field,D20171215,2017-12-15,0.0196195,0
D10113719101,-33.483597,149.01501335,687215.7836963576,6293282.68584875,2656.0692277429002,far-field,D20171215,2017-12-15,0.25170928,0
D10113719103,-33.48357624,149.01492505,687207.6230554808,6293285.1473112125,2652.8975259166264,far-field,D20171215,2017-12-15,0.14900416,0
D10113719104,-33.48356582,149.01488074,687203.5279516315,6293286.38276419,2651.3150312392017,far-field,D20171215,2017-12-15,0.2358799,0
D10113719105,-33.48355569,149.01483764,687199.5446626125,6293287.583873285,2649.780985100441,far-field,D20171215,2017-12-15,0.4867717,0
D10113719106,-33.48354561,149.01479479,687195.584496479,6293288.778985016,2648.2622077232395,far-field,D20171215,2017-12-15,0.49650714,0
D10113719107,-33.48353554,149.01475193,687191.6233786762,6293289.973004153,2646.747576672849,far-field,D20171215,2017-12-15,0.21692926,0
D10113719112,-33.48348429,149.01453394,687171.4768175065,6293296.049535148,2639.133855506093,far-field,D20171215,2017-12-15,0.44604638,0
D10113719115,-33.48345195,149.01439648,687158.7728486253,6293299.883777243,2634.409913601811,far-field,D20171215,2017-12-15,0.7540874,0
D10113719119,-33.48340442,149.01419459,687140.1143501963,6293305.518677449,2627.5806816748545,far-field,D20171215,2017-12-15,0.24346016,0
D10113719120,-33.4833922,149.01414269,687135.3177971696,6293306.967397731,2625.845714571214,far-field,D20171215,2017-12-15,0.2933264,0
D10113719128,-33.4833029,149.01376316,687100.2417916929,6293317.554595459,2613.4097262037963,far-field,D20171215,2017-12-15,0.26218787,0
D10113719130,-33.4832833,149.01367976,687092.5339388188,6293319.878486045,2610.735811486585,far-field,D20171215,2017-12-15,0.20451844,0
D10113719136,-33.48322546,149.01343362,687069.7855744113,6293326.73634257,2602.972828373646,far-field,D20171215,2017-12-15,0.43400714,0
D10113719137,-33.48321551,149.01339131,687065.8752795585,6293327.9160098955,2601.6586333510245,far-field,D20171215,2017-12-15,0.14068073,0
D10113719139,-33.4831956,149.0133066,687058.0463454269,6293330.276610814,2599.043711124388,far-field,D20171215,2017-12-15,0.83687574,1
D10113719142,-33.48316551,149.01317861,687046.217465083,6293333.844118411,2595.1373347451427,far-field,D20171215,2017-12-15,0.6154132,0
D10113719144,-33.48314404,149.01308732,687037.7804239617,6293336.389557405,2592.3841898151086,far-field,D20171215,2017-12-15,0.14900416,0
D10113719145,-33.48313332,149.01304176,687033.5697683397,6293337.6604574565,2591.0207561716766,far-field,D20171215,2017-12-15,0.60746133,0
D10113719146,-33.48312257,149.01299606,687029.346166587,6293338.9349347595,2589.659642381414,far-field,D20171215,2017-12-15,0.2969679,0
D10113719147,-33.48311179,149.01295022,687025.1096186877,6293340.212989296,2588.3009207408804,far-field,D20171215,2017-12-15,0.71195006,0
D10113719152,-33.4830621,149.01273885,687005.574683982,6293346.104238551,2582.123052337197,far-field,D20171215,2017-12-15,0.09594233,0
D10113719159,-33.4829952,149.01245411,686979.2587361461,6293354.036135033,2574.0293621977908,far-field,D20171215,2017-12-15,0.6701843,0
D10113719160,-33.48298597,149.01241481,686975.6265811333,6293355.130497577,2572.9329833634997,far-field,D20171215,2017-12-15,0.83063316,1
D10113719165,-33.48293487,149.01219752,686955.5444994458,6293361.188669869,2566.9701299712333,far-field,D20171215,2017-12-15,0.514343,0
D10113719166,-33.48292408,149.01215163,686951.3033090262,6293362.467890116,2565.7307928549176,far-field,D20171215,2017-12-15,0.8946938,1
D10113719171,-33.48286579,149.01190402,686928.4191282922,6293369.377954859,2559.172226112958,far-field,D20171215,2017-12-15,0.45786268,0
D10113719172,-33.48285442,149.01185573,686923.9561548012,6293370.725804471,2557.917403100993,far-field,D20171215,2017-12-15,0.5511296,0
D10113719174,-33.48283253,149.01176266,686915.3545490423,6293373.320915203,2555.518973696433,far-field,D20171215,2017-12-15,0.4968044,0
D10113719181,-33.48275824,149.01144684,686886.1661943926,6293382.128038215,2547.600434551319,far-field,D20171215,2017-12-15,0.19351962,0
D10113719182,-33.48274813,149.01140384,686882.1920834568,6293383.326614698,2546.54815383772,far-field,D20171215,2017-12-15,0.34244946,0
D10113719183,-33.48273801,149.01136079,686878.2133467911,6293384.5263884775,2545.5008242778113,far-field,D20171215,2017-12-15,0.06829667,0
D10113719184,-33.48272814,149.01131882,686874.3344326022,6293385.696492223,2544.486258578335,far-field,D20171215,2017-12-15,0.32862663,0
D10113719187,-33.48269901,149.01119488,686862.8797187308,6293389.150017367,2541.5238997647375,far-field,D20171215,2017-12-15,0.22086802,0
D10113719194,-33.48263074,149.0109044,686836.0331031636,6293397.243773084,2534.7883899156354,far-field,D20171215,2017-12-15,0.2919887,0
D10113719195,-33.48262062,149.01086137,686832.0562146322,6293398.443491302,2533.8161556912987,far-field,D20171215,2017-12-15,0.52482164,0
D10113719203,-33.48254059,149.01052093,686800.5921977836,6293407.931204689,2526.3481327920913,far-field,D20171215,2017-12-15,0.1487069,0
D10113719208,-33.48249092,149.01030967,686781.0671937029,6293413.819570936,2521.9187337446083,far-field,D20171215,2017-12-15,0.60322535,0
D10113719209,-33.48248114,149.01026804,686777.2196599643,6293414.979042126,2521.0636683615635,far-field,D20171215,2017-12-15,0.7728151,1
D10113719223,-33.4823479,149.00970107,686724.8190887361,6293430.774864335,2510.033976238257,far-field,D20171215,2017-12-15,0.44210762,0
D10113719234,-33.48225028,149.00928535,686686.3971024151,6293442.348270433,2502.6686242494443,far-field,D20171215,2017-12-15,0.3429697,0
D10113719235,-33.48224152,149.00924804,686682.9488029119,6293443.386819679,2502.0378820878514,far-field,D20171215,2017-12-15,0.32230976,0
D10113719244,-33.48215881,149.00889595,686650.4076726518,6293453.1921828035,2496.337904968914,far-field,D20171215,2017-12-15,0.1724138,0
D10113719246,-33.48213966,149.00881444,686642.8742898514,6293455.462402596,2495.08269693115,far-field,D20171215,2017-12-15,0.81502676,1
D10113819091,-33.48383315,149.01545699,687256.5007508894,6293255.697512308,2660.922470242039,far-field,D20171215,2017-12-15,0.62938464,0
D10113819092,-33.48382139,149.01540699,687251.8798047211,6293257.091852572,2659.042400738593,far-field,D20171215,2017-12-15,0.5671076,0
D10113819093,-33.4838095,149.01535651,687247.2145330661,6293258.501472956,2657.1533105633926,far-field,D20171215,2017-12-15,0.77199763,1
D10113819096,-33.48377362,149.01520411,687233.1299544239,6293262.755340062,2651.494873527067,far-field,D20171215,2017-12-15,0.5991379,0
D10113819098,-33.48375176,149.01511117,687224.5405284433,6293265.347173324,2648.07644988991,far-field,D20171215,2017-12-15,0.23327884,0
D10113819099,-33.48374175,149.01506859,687220.6053132672,6293266.534046164,2646.5185557690156,far-field,D20171215,2017-12-15,0.7204221,0
D10113819100,-33.4837317,149.01502585,687216.6553152532,6293267.725641785,2644.9605156032767,far-field,D20171215,2017-12-15,0.6345868,0
D10113819103,-33.48370132,149.01489662,687204.7119562827,6293271.327746376,2640.2825321853456,far-field,D20171215,2017-12-15,0.50921524,0
D10113819104,-33.48369119,149.01485353,687200.7296029996,6293272.528838229,2638.73400244503,far-field,D20171215,2017-12-15,0.37626338,0
D10113819105,-33.48368112,149.01481067,687196.768492531,6293273.7228598315,2637.1988201445715,far-field,D20171215,2017-12-15,0.5885107,0
D10113819106,-33.48367104,149.01476781,687192.8074026974,6293274.9179887185,2635.6701179037627,far-field,D20171215,2017-12-15,0.69864744,0
D10113819116,-33.48356746,149.01432731,687152.0966233527,6293287.198933045,2620.2838297080148,far-field,D20171215,2017-12-15,0.79117125,1
D10113819119,-33.48352916,149.01416468,687137.0665468639,6293291.73946961,2614.7604322342318,far-field,D20171215,2017-12-15,0.36110285,0
D10113819123,-33.48348113,149.01396068,687118.2130571783,6293297.433579806,2607.9479120979595,far-field,D20171215,2017-12-15,0.5887337,0
D10113819125,-33.48345993,149.01387058,687109.886064311,6293299.946997052,2604.9795725083163,far-field,D20171215,2017-12-15,0.4612812,0
D10113819127,-33.48343859,149.01377982,687101.4980377294,6293302.47712205,2602.0140703756433,far-field,D20171215,2017-12-15,0.15911117,0
D10113819128,-33.48342833,149.01373617,687097.4639024248,6293303.693596012,2600.5968570015075,far-field,D20171215,2017-12-15,0.23149525,0
D10113819130,-33.48340835,149.01365118,687089.6091258832,6293306.062491255,2597.8550840045323,far-field,D20171215,2017-12-15,0.70191735,0
D10113819131,-33.4833985,149.01360928,687085.7367259641,6293307.230338538,2596.5118530159557,far-field,D20171215,2017-12-15,0.85010403,1
D10113819136,-33.48334982,149.01340214,687066.5927925134,6293313.002087046,2589.952507407781,far-field,D20171215,2017-12-15,0.6909929,0
D10113819138,-33.48333032,149.01331916,687058.9237507451,6293315.314104075,2587.363410391332,far-field,D20171215,2017-12-15,0.7841112,1
D10113819139,-33.48332051,149.01327743,687055.0670554601,6293316.477196503,2586.0700965518004,far-field,D20171215,2017-12-15,0.82951844,1
D10113819141,-33.48330078,149.01319347,687047.3074360171,6293318.816476185,2583.4843452277523,far-field,D20171215,2017-12-15,0.23208977,0
D10113819143,-33.48327979,149.01310424,687039.0608035875,6293321.304974686,2580.7633267249807,far-field,D20171215,2017-12-15,0.7964477,1
D10113819144,-33.48326923,149.01305935,687034.9120710958,6293322.556924988,2579.404247861156,far-field,D20171215,2017-12-15,0.35337394,0
D10113819145,-33.48325846,149.01301357,687030.6810851921,6293323.833765273,2578.025044496717,far-field,D20171215,2017-12-15,0.7159631,0
D10113819159,-33.48312016,149.01242516,686976.2998920472,6293340.230760429,2560.899053774427,far-field,D20171215,2017-12-15,0.65546966,0
D10113819160,-33.4831105,149.01238407,686972.5023289097,6293341.376031689,2559.746099327568,far-field,D20171215,2017-12-15,0.9255351,1
D10113819165,-33.48305829,149.01216208,686951.9859084297,6293347.565758473,2553.6167778324725,far-field,D20171215,2017-12-15,0.21001783,0
D10113819166,-33.48304778,149.01211736,686947.8528454385,6293348.81181932,2552.401281799185,far-field,D20171215,2017-12-15,0.41349584,0
D10113819168,-33.48302441,149.01201808,686938.6773747025,6293351.5822626315,2549.7304108815497,far-field,D20171215,2017-12-15,0.46834126,0
D10113819170,-33.48300055,149.01191676,686929.3133830265,6293354.410709785,2547.039873431602,far-field,D20171215,2017-12-15,0.38101962,0
D10113819171,-33.48298858,149.01186591,686924.6138153273,6293355.829707857,2545.702200369332,far-field,D20171215,2017-12-15,0.26486325,0
D10113819174,-33.48295461,149.0117216,686911.2766472504,6293359.856712063,2541.95369844423,far-field,D20171215,2017-12-15,0.36704814,0
D10113819175,-33.4829439,149.01167606,686907.0678050582,6293361.126410717,2540.784542249607,far-field,D20171215,2017-12-15,0.43556777,0
D10113819176,-33.4829333,149.01163101,686902.9042593085,6293362.383026625,2539.6354199385573,far-field,D20171215,2017-12-15,0.56346613,0
D10113819181,-33.48287898,149.01140009,686881.5624602995,6293368.822669463,2533.852813019394,far-field,D20171215,2017-12-15,0.30439952,0
D10113819182,-33.48286811,149.0113539,686877.2935527321,6293370.111268386,2532.718538049787,far-field,D20171215,2017-12-15,0.17991973,0
D10113819183,-33.48285749,149.01130874,686873.1198210457,6293371.370287048,2531.61592788443,far-field,D20171215,2017-12-15,0.29637337,0
D10113819185,-33.48283741,149.01122335,686865.2279890445,6293373.750804285,2529.550229840078,far-field,D20171215,2017-12-15,0.16386741,0
D10113819188,-33.48280876,149.01110142,686853.9590378115,6293377.147470831,2526.642081198802,far-field,D20171215,2017-12-15,0.42063022,0
D10113819189,-33.48279916,149.01106057,686850.1836217801,6293378.285606826,2525.6794213024173,far-field,D20171215,2017-12-15,0.6573276,0
D10113819191,-33.48277998,149.01097898,686842.6429662268,6293380.559458338,2523.77459562881,far-field,D20171215,2017-12-15,0.903909,1
D10113819192,-33.48277032,149.01093787,686838.8435158156,6293381.704711536,2522.823205988445,far-field,D20171215,2017-12-15,0.655544,0
D10113819195,-33.48274093,149.0108128,686827.2843484816,6293385.189061031,2519.9650856440844,far-field,D20171215,2017-12-15,0.4407699,0
D10113819196,-33.48273102,149.01077064,686823.3878590602,6293386.36392183,2519.0142236165507,far-field,D20171215,2017-12-15,0.19091855,0
D10113819200,-33.48269139,149.01060208,686807.809305418,6293391.062095921,2515.2756198941415,far-field,D20171215,2017-12-15,0.19500594,0
D10113819201,-33.48268145,149.0105598,686803.901724962,6293392.240491472,2514.353465736753,far-field,D20171215,2017-12-15,0.2983799,0
D10113819202,-33.48267211,149.01052005,686800.2279589097,6293393.347794824,2513.4917203778823,far-field,D20171215,2017-12-15,0.02586207,0
D10113819209,-33.48260344,149.0102279,686773.2269616883,6293401.488736652,2507.3315467660595,far-field,D20171215,2017-12-15,0.7234691,0
D10113819223,-33.48247152,149.00966644,686721.3356523658,6293417.128246233,2496.339416253593,far-field,D20171215,2017-12-15,0.81956005,1
D10113819228,-33.48242648,149.00947467,686703.6117935784,6293422.467945196,2492.841984585092,far-field,D20171215,2017-12-15,0.20065399,0
D10113819241,-33.48231069,149.0089816,686658.0409287002,6293436.1953409705,2484.458545657914,far-field,D20171215,2017-12-15,0.7881986,1
D10113919086,-33.48401191,149.01565674,687274.6776653344,6293235.513385974,2657.169116672815,far-field,D20171215,2017-12-15,0.19463436,0
D10113919087,-33.48400128,149.01561155,687270.5012678797,6293236.773744691,2655.429143986354,far-field,D20171215,2017-12-15,0.15264566,0
D10113919088,-33.48399056,149.01556598,687266.2897516729,6293238.044767784,2653.6806975783034,far-field,D20171215,2017-12-15,0.64134955,0
D10113919090,-33.48396882,149.01547358,687257.7502764568,6293240.622350278,2650.154638447781,far-field,D20171215,2017-12-15,0.27207193,0
D10113919092,-33.48394617,149.01537733,687248.8549943503,6293243.307785849,2646.5089861225283,far-field,D20171215,2017-12-15,0.15227407,0
D10113919103,-33.48382749,149.01487276,687202.2231863046,6293257.379061859,2627.847067090383,far-field,D20171215,2017-12-15,0.45124853,0
D10113919106,-33.4837967,149.01474182,687190.1218163304,6293261.029700215,2623.1294829206563,far-field,D20171215,2017-12-15,0.5701546,0
D10113919107,-33.48378652,149.0146985,687186.118200754,6293262.236745758,2621.579693568685,far-field,D20171215,2017-12-15,0.44849882,0
D10113919108,-33.48377638,149.01465535,687182.1302954917,6293263.439047182,2620.041702999278,far-field,D20171215,2017-12-15,0.6230678,0
D10113919115,-33.48370497,149.01435162,687154.0597440575,6293271.90582417,2609.3814339336022,far-field,D20171215,2017-12-15,0.3238704,0
D10113919120,-33.48364373,149.01409157,687130.0262518926,6293279.1659572385,2600.49104612218,far-field,D20171215,2017-12-15,0.36058265,0
D10113919121,-33.48363129,149.01403873,687125.14283446,6293280.640764826,2598.7102060607053,far-field,D20171215,2017-12-15,0.063094534,0
D10113919122,-33.48362004,149.01399091,687120.7233414619,6293281.974553799,2597.105402940941,far-field,D20171215,2017-12-15,0.52534187,0
D10113919123,-33.48360885,149.01394337,687116.3297374162,6293283.301182168,2595.5176769532654,far-field,D20171215,2017-12-15,0.40814507,0
D10113919125,-33.48358664,149.01384897,687107.6053496848,6293285.934354637,2592.38523652439,far-field,D20171215,2017-12-15,0.34230083,0
D10113919126,-33.48357562,149.01380214,687103.2773537934,6293287.24084471,2590.8419652849566,far-field,D20171215,2017-12-15,0.8194857,1
D10113919134,-33.48349354,149.01345306,687071.0154502499,6293296.972380109,2579.552688460086,far-field,D20171215,2017-12-15,0.6028538,0
D10113919135,-33.48348401,149.0134125,687067.2668843791,6293298.102318299,2578.265686409837,far-field,D20171215,2017-12-15,0.44508025,0
D10113919136,-33.48347453,149.01337212,687063.5349367925,6293299.226385798,2576.9889619107194,far-field,D20171215,2017-12-15,0.4101516,0
D10113919138,-33.48345545,149.01329093,687056.031339304,6293301.488598774,2574.4395952814702,far-field,D20171215,2017-12-15,0.681852,0
D10113919140,-33.48343619,149.01320899,687048.4584314784,6293303.77211857,2571.8886664825623,far-field,D20171215,2017-12-15,0.70362663,0
D10113919144,-33.48339526,149.01303489,687032.3680877712,6293308.624814548,2566.5418409323197,far-field,D20171215,2017-12-15,0.5366379,0
D10113919145,-33.48338492,149.01299091,687028.3034495146,6293309.850725394,2565.2068622160823,far-field,D20171215,2017-12-15,0.77222055,1
D10113919160,-33.48323392,149.01234861,686968.941860023,6293327.753161456,2546.436151715603,far-field,D20171215,2017-12-15,0.9476813,1
D10113919175,-33.48306401,149.01162669,686902.2219367019,6293347.89563278,2527.0062934651737,far-field,D20171215,2017-12-15,0.3243163,0
D10113919176,-33.48305306,149.01158012,686897.9179007979,6293349.193797307,2525.812768302334,far-field,D20171215,2017-12-15,0.22703627,0
D10113919178,-33.48303155,149.01148868,686889.4669621666,6293351.743810184,2523.491864417125,far-field,D20171215,2017-12-15,0.50527644,0
D10113919181,-33.48299998,149.01135445,686877.0613268372,6293355.486467466,2520.1364482723807,far-field,D20171215,2017-12-15,0.41854936,0
D10113919182,-33.48298916,149.01130849,686872.8136904237,6293356.769105781,2519.002855355114,far-field,D20171215,2017-12-15,0.024004161,0
D10113919183,-33.48297831,149.01126234,686868.5484614735,6293358.055411113,2517.8705181627056,far-field,D20171215,2017-12-15,0.1724138,0
D10113919185,-33.48295783,149.01117525,686860.4995246575,6293360.483343826,2515.754241449578,far-field,D20171215,2017-12-15,0.2280767,0
D10113919187,-33.48293804,149.01109107,686852.7195169748,6293362.829513052,2513.733154411162,far-field,D20171215,2017-12-15,0.82082343,1
D10113919188,-33.48292805,149.01104858,686848.7925454635,6293364.0138504,2512.7224597515437,far-field,D20171215,2017-12-15,0.38674197,0
D10113919191,-33.48289978,149.01092825,686837.671466955,6293367.365477616,2509.8923124553207,far-field,D20171215,2017-12-15,0.42129904,0
D10113919193,-33.48288111,149.01084879,686830.3276551652,6293369.57892889,2508.0513348827594,far-field,D20171215,2017-12-15,0.5935642,0
D10113919194,-33.48287168,149.01080866,686826.6187816935,6293370.696907438,2507.130078566957,far-field,D20171215,2017-12-15,0.88703924,1
D10113919198,-33.48283331,149.0106454,686811.5300581462,6293375.245820602,2503.441030975245,far-field,D20171215,2017-12-15,0.70957196,0
D10113919199,-33.4828234,149.01060324,686807.6335713267,6293376.420675151,2502.5037482352195,far-field,D20171215,2017-12-15,0.05588585,0
D10113919200,-33.48281371,149.01056201,686803.8230325921,6293377.569457299,2501.5930671958868,far-field,D20171215,2017-12-15,0.08197087,0
D10113919201,-33.4828038,149.01051985,686799.9265440749,6293378.744308647,2500.6681888266735,far-field,D20171215,2017-12-15,0.05744649,0
D10113919202,-33.48279428,149.01047932,686796.1806869891,6293379.872975653,2499.7843231259762,far-field,D20171215,2017-12-15,0.028686088,0
D10113919203,-33.48278476,149.0104388,686792.4357583721,6293381.001623169,2498.9067126284417,far-field,D20171215,2017-12-15,0.35344827,0
D10113919204,-33.48277505,149.0103975,686788.6187544694,6293382.15274303,2498.0188487256087,far-field,D20171215,2017-12-15,0.50921524,0
D10113919205,-33.48276535,149.01035625,686784.8063745785,6293383.302662408,2497.1382676956737,far-field,D20171215,2017-12-15,0.38741082,0
D10113919213,-33.48268806,149.01002735,686754.4088592691,6293392.465604888,2490.328647633881,far-field,D20171215,2017-12-15,0.24108204,0
D10113919223,-33.48259469,149.00962995,686717.6803470564,6293403.534875993,2482.615729128712,far-field,D20171215,2017-12-15,0.8309304,1
D10113919241,-33.4824329,149.00894106,686654.0114162179,6293422.715693474,2470.5928840271513,far-field,D20171215,2017-12-15,0.47339478,0
D10113919246,-33.48238954,149.00875639,686636.9436922348,6293427.856195628,2467.6633661175824,far-field,D20171215,2017-12-15,0.9776308,1
D10114019082,-33.48417204,149.01577763,687285.5665602214,6293217.53751083,2650.5920812887075,far-field,D20171215,2017-12-15,0.4693817,0
D10114019083,-33.48416279,149.01573825,687281.9270942478,6293218.634354949,2649.04816831385,far-field,D20171215,2017-12-15,0.23498811,0
D10114019086,-33.48413319,149.01561229,687270.2860018989,6293222.14414561,2644.1415994026247,far-field,D20171215,2017-12-15,0.32996434,0
D10114019087,-33.48412305,149.01556917,687266.3009096116,6293223.346428951,2642.473287972137,far-field,D20171215,2017-12-15,0.09906361,0
D10114019090,-33.48409235,149.01543859,687254.2328616789,6293226.986520693,2637.454179535966,far-field,D20171215,2017-12-15,0.7358799,0
D10114019091,-33.48408169,149.01539324,687250.0416624892,6293228.25048615,2635.722749964727,far-field,D20171215,2017-12-15,0.69582343,0
D10114019092,-33.48407083,149.01534709,687245.7765528518,6293229.538072133,2633.9681082908965,far-field,D20171215,2017-12-15,0.837173,1
D10114019093,-33.48405983,149.01530034,687241.4559885501,6293230.842263993,2632.1970450879066,far-field,D20171215,2017-12-15,0.8391796,1
D10114019095,-33.4840374,149.015205,687232.6448003219,6293233.5016461415,2628.605267075468,far-field,D20171215,2017-12-15,0.46603745,0
D10114019098,-33.48400558,149.01506971,687220.1414630582,6293237.274393779,2623.5546370048323,far-field,D20171215,2017-12-15,0.53634065,0
D10114019106,-33.48392278,149.01471755,687187.595163449,6293247.091732829,2610.665907586518,far-field,D20171215,2017-12-15,0.56591856,0
D10114019107,-33.48391235,149.01467322,687183.4982371414,6293248.328323005,2609.07096333631,far-field,D20171215,2017-12-15,0.5381986,0
D10114019108,-33.48390197,149.01462905,687179.4160703128,6293249.55907806,2607.4867009030477,far-field,D20171215,2017-12-15,0.6171225,0
D10114019111,-33.48387106,149.01449758,687167.2657114547,6293253.223951139,2602.8081026525006,far-field,D20171215,2017-12-15,0.47696194,0
D10114019115,-33.48383018,149.01432371,687151.1967663511,6293258.07089242,2596.7030251075175,far-field,D20171215,2017-12-15,0.15836802,0
D10114019116,-33.48381862,149.01427463,687146.6608679538,6293259.441343546,2594.9985396753054,far-field,D20171215,2017-12-15,0.23194115,0
D10114019118,-33.48379507,149.01417459,687137.4152932819,6293262.233314022,2591.5464861890373,far-field,D20171215,2017-12-15,0.28173307,0
D10114019121,-33.48375953,149.01402361,687123.4618934338,6293266.44675387,2586.396061320388,far-field,D20171215,2017-12-15,0.35716408,0
D10114019132,-33.48363906,149.01351154,687076.1367360735,6293280.72943177,2569.4601912919697,far-field,D20171215,2017-12-15,0.598915,0
D10114019133,-33.48362875,149.01346768,687072.0832007579,6293281.951818712,2568.047856756762,far-field,D20171215,2017-12-15,0.35790727,0
D10114019134,-33.48361897,149.01342606,687068.2366776601,6293283.111391988,2566.713076329576,far-field,D20171215,2017-12-15,0.4406956,0
D10114019135,-33.48360922,149.01338458,687064.4030987707,6293284.267384498,2565.388616379944,far-field,D20171215,2017-12-15,0.3174792,0
D10114019136,-33.48359951,149.01334325,687060.5833718424,6293285.418669278,2564.0740510961405,far-field,D20171215,2017-12-15,0.40814507,0
D10114019140,-33.48356073,149.01317826,687045.3349922737,6293290.016544426,2558.8831171387546,far-field,D20171215,2017-12-15,0.59252375,0
D10114019181,-33.48312192,149.01131278,686872.9271008722,6293342.03887414,2506.5222846386664,far-field,D20171215,2017-12-15,0.05283888,0
D10114019182,-33.48311163,149.01126903,686868.8836977974,6293343.258757388,2505.436361083245,far-field,D20171215,2017-12-15,0.27497026,0
D10114019183,-33.48310183,149.01122733,686865.0297393305,6293344.420609353,2504.4067605438563,far-field,D20171215,2017-12-15,0.017538644,0
D10114019186,-33.48307279,149.01110379,686853.6120500835,6293347.863424977,2501.3926348610785,far-field,D20171215,2017-12-15,0.0075059454,0
D10114019189,-33.48304341,149.01097878,686842.058482551,6293351.346577393,2498.396337205989,far-field,D20171215,2017-12-15,0.3089328,0
D10114019193,-33.48300467,149.01081394,686826.8237672802,6293355.9393918,2494.52900058994,far-field,D20171215,2017-12-15,0.1620095,0
D10114019196,-33.48297588,149.01069141,686815.4993717426,6293359.352619209,2491.7156099337244,far-field,D20171215,2017-12-15,0.5762485,0
D10114019197,-33.4829658,149.01064856,686811.5391379851,6293360.547569816,2490.7453862961597,far-field,D20171215,2017-12-15,0.67352855,0
D10114019198,-33.48295591,149.01060651,686807.6528361663,6293361.720008768,2489.7994131846385,far-field,D20171215,2017-12-15,0.7312723,0
D10114019200,-33.48293599,149.01052176,686799.8201286372,6293364.081577033,2487.9106220653475,far-field,D20171215,2017-12-15,0.3467598,0
D10114019201,-33.48292614,149.01047985,686795.9467479934,6293365.249323357,2486.9859330742697,far-field,D20171215,2017-12-15,0.39246434,0
D10114019203,-33.48290689,149.01039793,686788.3755775016,6293367.531488973,2485.1961592236967,far-field,D20171215,2017-12-15,0.039610583,0
D10114019204,-33.4828975,149.01035798,686784.6833418248,6293368.644691478,2484.3322262362276,far-field,D20171215,2017-12-15,0.43527052,0
D10114019205,-33.48288792,149.0103172,686780.9143846477,6293369.780456293,2483.4557129345894,far-field,D20171215,2017-12-15,0.5597503,0
D10114019208,-33.48285963,149.01019679,686769.7858896159,6293373.134365792,2480.9026174071537,far-field,D20171215,2017-12-15,0.17984542,0
D10114019212,-33.48282174,149.01003557,686754.885680004,6293377.626288358,2477.566607028844,far-field,D20171215,2017-12-15,0.091483355,0
D10114019219,-33.48275562,149.00975417,686728.878181259,6293385.464980757,2471.966252200685,far-field,D20171215,2017-12-15,0.46603745,0
D10114019245,-33.48251908,149.00874712,686635.8042974452,6293413.507450154,2454.274516049395,far-field,D20171215,2017-12-15,0.47488108,0
D10114019246,-33.48251047,149.00871045,686632.415155352,6293414.528196486,2453.700220677137,far-field,D20171215,2017-12-15,0.14610583,0
D10114119078,-33.4843303,149.01589064,687295.7271923793,6293199.783216115,2643.852770978303,far-field,D20171215,2017-12-15,0.072161116,0
D10114119082,-33.48429339,149.01573345,687281.199826451,6293204.160024882,2637.615149838811,far-field,D20171215,2017-12-15,0.23424494,0
D10114119083,-33.48428396,149.01569331,687277.4901299821,6293205.2782001365,2636.0343386933387,far-field,D20171215,2017-12-15,0.2043698,0
D10114119086,-33.48425445,149.01556775,687265.8860290247,6293208.777283831,2631.1212427500354,far-field,D20171215,2017-12-15,0.9065101,1
D10114119087,-33.48424454,149.01552559,687261.989654615,6293209.952327525,2629.4821185949922,far-field,D20171215,2017-12-15,0.28530023,0
D10114119088,-33.48423459,149.01548327,687258.0784974899,6293211.132094102,2627.8422876539366,far-field,D20171215,2017-12-15,0.709349,0
D10114119089,-33.48422461,149.01544081,687254.1543946054,6293212.315438502,2626.202136917464,far-field,D20171215,2017-12-15,0.7016201,0
D10114119090,-33.48421468,149.01539855,687250.2487681761,6293213.4928756505,2624.574790404323,far-field,D20171215,2017-12-15,0.7494798,0
D10114119095,-33.48416345,149.01518063,687230.1088613258,6293219.567194207,2616.2701205729413,far-field,D20171215,2017-12-15,0.39395064,0
D10114119096,-33.48415293,149.01513591,687225.9759042901,6293220.814487364,2614.5841583725996,far-field,D20171215,2017-12-15,0.7075654,0
D10114119104,-33.48406977,149.01478227,687193.2929120089,6293230.67444076,2601.462871673578,far-field,D20171215,2017-12-15,0.55499405,0
D10114119116,-33.48394171,149.01423777,687142.9707846951,6293245.857646316,2582.01361330903,far-field,D20171215,2017-12-15,0.75029725,0
D10114119120,-33.48389558,149.01404179,687124.8585618583,6293251.326611608,2575.2432347831414,far-field,D20171215,2017-12-15,0.89989597,1
D10114119121,-33.48388401,149.01399263,687120.3152512615,6293252.698303529,2573.5638412288513,far-field,D20171215,2017-12-15,0.56279725,0
D10114119126,-33.48382723,149.01375135,687098.0164011738,6293259.429923917,2565.4320448102494,far-field,D20171215,2017-12-15,0.35597503,0
D10114119132,-33.48376427,149.01348364,687073.2747991668,6293266.89446388,2556.623917565486,far-field,D20171215,2017-12-15,0.8209721,1
D10114119134,-33.48374406,149.01339768,687065.3304057289,6293269.290594859,2553.8441417523036,far-field,D20171215,2017-12-15,0.27043697,0
D10114119137,-33.48371427,149.01327092,687053.6152570941,6293272.822629726,2549.787570174604,far-field,D20171215,2017-12-15,0.7215369,0
D10114119139,-33.48369452,149.01318691,687045.8510700742,6293275.164217941,2547.128514936456,far-field,D20171215,2017-12-15,0.16542806,0
D10114119178,-33.48327678,149.01141102,686881.7234052941,6293324.6886951495,2496.4479464267115,far-field,D20171215,2017-12-15,0.66119206,0
D10114119179,-33.48326683,149.0113687,686877.8121639303,6293325.868303303,2495.3708379889713,far-field,D20171215,2017-12-15,0.9576397,1
D10114119181,-33.48324667,149.01128296,686869.8880188008,6293328.258328013,2493.207842539292,far-field,D20171215,2017-12-15,0.16141498,0
D10114119186,-33.48319776,149.01107487,686850.6561554914,6293334.056856801,2488.063195921992,far-field,D20171215,2017-12-15,0.06487812,0
D10114119188,-33.48317861,149.01099339,686843.1256928344,6293336.327185473,2486.089934131538,far-field,D20171215,2017-12-15,0.19188467,0
D10114119189,-33.4831689,149.01095205,686839.3049947529,6293337.478398507,2485.097112036162,far-field,D20171215,2017-12-15,0.57557964,0
D10114119192,-33.48313897,149.01082476,686827.5407461632,6293341.026630707,2482.080971651641,far-field,D20171215,2017-12-15,0.1911415,0
D10114119193,-33.48312914,149.01078293,686823.6747687572,6293342.192026843,2481.1017509282296,far-field,D20171215,2017-12-15,0.33509216,0
D10114119194,-33.48311935,149.01074127,686819.8245020021,6293343.352679581,2480.1326527267443,far-field,D20171215,2017-12-15,0.09200357,0
D10114119195,-33.48310956,149.01069961,686815.9742344057,6293344.513330739,2479.1696969454556,far-field,D20171215,2017-12-15,0.0862069,0
D10114119196,-33.48309964,149.01065742,686812.0749944239,6293345.689350657,2478.201284727077,far-field,D20171215,2017-12-15,0.052764565,0
D10114119197,-33.48308972,149.01061523,686808.1757535811,6293346.865368953,2477.2391879050183,far-field,D20171215,2017-12-15,0.62834424,0
D10114119202,-33.48304022,149.01040467,686788.7155628442,6293352.733644746,2472.5314561675455,far-field,D20171215,2017-12-15,0.43854043,0
D10114119203,-33.48303078,149.01036449,686785.0020673807,6293353.852806335,2471.6505081433656,far-field,D20171215,2017-12-15,0.024301426,0
D10114119205,-33.4830119,149.01028412,686777.5741448555,6293356.091143105,2469.905491056867,far-field,D20171215,2017-12-15,0.6128121,0
D10114119206,-33.48300247,149.010244,686773.866201141,6293357.209083365,2469.0435646659876,far-field,D20171215,2017-12-15,0.514343,0
D10114119208,-33.48298362,149.01016378,686766.4521484297,6293359.4438145505,2467.3369453115333,far-field,D20171215,2017-12-15,0.16988704,0
D10114119210,-33.48296466,149.01008309,686758.99465353,6293361.691584069,2465.6436190191316,far-field,D20171215,2017-12-15,0.37574315,0
D10114119211,-33.48295521,149.01004285,686755.2755977263,6293362.811950818,2464.8073985082638,far-field,D20171215,2017-12-15,0.5027497,0
D10114119212,-33.48294578,149.01000274,686751.5685785977,6293363.92986428,2463.9807202410716,far-field,D20171215,2017-12-15,0.39655173,0
D10114119222,-33.48284926,149.00959206,686713.6128769519,6293375.372339744,2455.848448242311,far-field,D20171215,2017-12-15,0.6738258,0
D10114119225,-33.48282028,149.00946874,686702.2154226282,6293378.807922612,2453.525902064427,far-field,D20171215,2017-12-15,0.33412606,0
D10114119245,-33.48263918,149.0086977,686630.9541642301,6293400.277751124,2440.2615827165255,far-field,D20171215,2017-12-15,0.3785672,0
D10114119252,-33.4825788,149.00844049,686607.1821006602,6293407.43607262,2436.32301025553,far-field,D20171215,2017-12-15,0.9383175,1
D10114219076,-33.48447009,149.01592499,687298.6181113641,6293184.219104923,2634.073784418327,far-field,D20171215,2017-12-15,0.13978894,0
D10114219077,-33.48446087,149.01588573,687294.9897457808,6293185.312411221,2632.4929422792084,far-field,D20171215,2017-12-15,0.1902497,0
D10114219078,-33.48445165,149.01584646,687291.3604502094,6293186.405734161,2630.916007133241,far-field,D20171215,2017-12-15,0.10694114,0
D10114219081,-33.48442398,149.01572862,687280.469792814,6293189.686857648,2626.211393966251,far-field,D20171215,2017-12-15,0.047934007,0
D10114219082,-33.48441461,149.01568875,687276.785062446,6293190.797891963,2624.62957384629,far-field,D20171215,2017-12-15,0.3302616,0
D10114219084,-33.48439546,149.01560724,687269.2520054972,6293193.068617121,2621.4098083836225,far-field,D20171215,2017-12-15,0.8466112,1
D10114219086,-33.48437617,149.01552517,687261.6672089298,6293195.355872008,2618.188523601453,far-field,D20171215,2017-12-15,0.76620096,1
D10114219087,-33.48436648,149.01548393,687257.8558567427,6293196.504857321,2616.577117423777,far-field,D20171215,2017-12-15,0.49152794,0
D10114219088,-33.48435677,149.01544259,687254.0352543227,6293197.6562394155,2614.966587963142,far-field,D20171215,2017-12-15,0.7129162,0
D10114219089,-33.4843473,149.0154023,687250.3117053453,6293198.779110656,2613.4024387548993,far-field,D20171215,2017-12-15,0.4809007,0
D10114219090,-33.48433797,149.01536255,687246.6380335398,6293199.885480814,2611.8628864505154,far-field,D20171215,2017-12-15,0.6716706,0
D10114219095,-33.48429016,149.01515908,687227.8335551604,6293205.55446349,2604.061061435861,far-field,D20171215,2017-12-15,0.49479786,0
D10114219107,-33.48416286,149.01461778,687177.8073289812,6293220.647806262,2583.9271183296637,far-field,D20171215,2017-12-15,0.11437277,0
D10114219108,-33.48415206,149.01457189,687173.5662465555,6293221.928237436,2582.262291935623,far-field,D20171215,2017-12-15,0.2847057,0
D10114219112,-33.48410893,149.01438852,687156.6194117751,6293227.04183767,2575.6729453443527,far-field,D20171215,2017-12-15,0.2505202,0
D10114219120,-33.48401973,149.0140094,687121.5816064347,6293237.617299173,2562.3858429923675,far-field,D20171215,2017-12-15,0.40450355,0
D10114219121,-33.48400786,149.013959,687116.9237204136,6293239.024494041,2560.654705622351,far-field,D20171215,2017-12-15,0.7821046,1
D10114219125,-33.48396112,149.01376043,687098.5721352536,6293244.56572561,2553.9106363291235,far-field,D20171215,2017-12-15,0.9311831,1
D10114219126,-33.4839502,149.01371403,687094.2839000989,6293245.860347793,2552.352764171723,far-field,D20171215,2017-12-15,0.35552913,0
D10114219127,-33.48393934,149.01366787,687090.0178368752,6293247.147881666,2550.8094929208723,far-field,D20171215,2017-12-15,0.22614448,0
D10114219128,-33.48392854,149.01362192,687085.7711578362,6293248.42838133,2549.2790958356327,far-field,D20171215,2017-12-15,0.2969679,0
D10114219130,-33.48390707,149.01353067,687077.3379184383,6293250.973786881,2546.2621778768835,far-field,D20171215,2017-12-15,0.9224881,1
D10114219134,-33.48386678,149.01335927,687061.497197943,6293255.7506965455,2540.6647216276715,far-field,D20171215,2017-12-15,0.12552021,0
D10114219136,-33.48384714,149.01327571,687053.77460628,6293258.079282338,2537.970324567069,far-field,D20171215,2017-12-15,0.23833235,0
D10114219157,-33.48363,149.0123523,686968.4333066754,6293283.822947827,2509.73782220559,far-field,D20171215,2017-12-15,0.37306777,0
D10114219170,-33.48348211,149.01172393,686910.3595638871,6293301.355048059,2492.178236920279,far-field,D20171215,2017-12-15,0.3987812,0
D10114219176,-33.48342285,149.01147182,686887.0594273602,6293308.380692739,2485.507185484686,far-field,D20171215,2017-12-15,0.36162308,0
D10114219178,-33.48340404,149.01139176,686879.6602158787,6293310.610789949,2483.4340408509165,far-field,D20171215,2017-12-15,0.32067478,0
D10114219181,-33.48337532,149.01126956,686868.3664046266,6293314.015725935,2480.313638056482,far-field,D20171215,2017-12-15,0.2992717,0
D10114219184,-33.48334599,149.01114475,686856.8313605267,6293317.492993372,2477.18017229826,far-field,D20171215,2017-12-15,0.6226962,0
D10114219186,-33.48332642,149.01106152,686849.1391944793,6293319.813054055,2475.1220577452846,far-field,D20171215,2017-12-15,0.7369946,0
D10114219187,-33.48331663,149.01101986,686845.2889392823,6293320.973717518,2474.100506126689,far-field,D20171215,2017-12-15,0.2763823,0
D10114219189,-33.48329639,149.01093377,686837.3324397579,6293323.373217041,2472.0097323113537,far-field,D20171215,2017-12-15,0.57862663,0
D10114219190,-33.48328593,149.01088927,686833.219711989,6293324.613287841,2470.939071445376,far-field,D20171215,2017-12-15,0.27437574,0
D10114219191,-33.48327534,149.01084425,686829.0589410963,6293325.868709268,2469.8637743417953,far-field,D20171215,2017-12-15,0.40361178,0
D10114219192,-33.48326497,149.01080016,686824.9841176613,6293327.098057856,2468.817530449765,far-field,D20171215,2017-12-15,0.5840517,0
D10114219194,-33.48324436,149.01071253,686816.8852979459,6293329.541343363,2466.758512144518,far-field,D20171215,2017-12-15,0.9609096,1
D10114219196,-33.48322392,149.01062559,686808.8502282157,6293331.964527766,2464.741945680076,far-field,D20171215,2017-12-15,0.5258621,0
D10114219197,-33.48321376,149.01058239,686804.8576530963,6293333.168977719,2463.7502764511055,far-field,D20171215,2017-12-15,0.11444709,0
D10114219198,-33.4832037,149.01053961,686800.9038911627,6293334.361580528,2462.774693873005,far-field,D20171215,2017-12-15,0.37708086,0
D10114219200,-33.48318366,149.01045437,686793.0259291127,6293336.737333614,2460.849868913585,far-field,D20171215,2017-12-15,0.31881687,0
D10114219202,-33.4831645,149.01037283,686785.4898995549,6293339.008833546,2459.0319616061856,far-field,D20171215,2017-12-15,0.35017836,0
D10114219203,-33.48315506,149.01033267,686781.7782677265,6293340.127958144,2458.1456982719756,far-field,D20171215,2017-12-15,0.1058264,0
D10114219205,-33.48313619,149.01025235,686774.354980256,6293342.365093979,2456.3895887213494,far-field,D20171215,2017-12-15,0.18549345,0
D10114219206,-33.48312676,149.01021221,686770.64518313,6293343.483069232,2455.520642475075,far-field,D20171215,2017-12-15,0.046893578,0
D10114219207,-33.48311732,149.01017205,686766.9335481832,6293344.6021879595,2454.65759107706,far-field,D20171215,2017-12-15,0.63882285,0
D10114219208,-33.48310774,149.01013129,686763.1664575022,6293345.737910218,2453.7874949562515,far-field,D20171215,2017-12-15,0.16944115,0
D10114219210,-33.48308836,149.01004882,686755.5444664323,6293348.035456546,2452.045062826698,far-field,D20171215,2017-12-15,0.09111177,0
D10114219212,-33.48306912,149.00996693,686747.976068557,6293350.316427764,2450.3388805726267,far-field,D20171215,2017-12-15,0.3380648,0
D10114219214,-33.48304999,149.00988553,686740.4529650154,6293352.584312792,2448.667513937154,far-field,D20171215,2017-12-15,0.2431629,0
D10114219215,-33.48304027,149.0098442,686736.6332014306,6293353.7365752915,2447.828791324424,far-field,D20171215,2017-12-15,0.25267538,0
D10114219217,-33.48302066,149.00976074,686728.9196959137,6293356.061387095,2446.152284260607,far-field,D20171215,2017-12-15,0.24033888,0
D10114219219,-33.48300088,149.00967664,686721.1470793055,6293358.406196134,2444.490540358853,far-field,D20171215,2017-12-15,0.6571046,0
D10114219225,-33.48294194,149.0094259,686697.973315085,6293365.393420417,2439.686450605205,far-field,D20171215,2017-12-15,0.16327289,0
D10114219232,-33.48287449,149.00913888,686671.4464230039,6293373.389557451,2434.4691383811214,far-field,D20171215,2017-12-15,0.18437871,0
D10114219245,-33.48275962,149.00864971,686626.2361980235,6293387.007774344,2426.2717896557865,far-field,D20171215,2017-12-15,0.3089328,0
D10114219253,-33.48269138,149.008359,686599.3679948221,6293395.097949903,2421.8203831636097,far-field,D20171215,2017-12-15,0.76798457,1
D10114219254,-33.48268307,149.00832357,686596.0934414179,6293396.08318574,2421.2988619778525,far-field,D20171215,2017-12-15,0.73573124,0
D10114319073,-33.48461869,149.01599688,687304.9784304692,6293167.6102543,2625.88576490356,far-field,D20171215,2017-12-15,0.3785672,0
D10114319074,-33.48460973,149.01595871,687301.450799603,6293168.672763387,2624.328347743514,far-field,D20171215,2017-12-15,0.024747325,0
D10114319075,-33.48460061,149.01591988,687297.8621824359,6293169.754205497,2622.7487883853346,far-field,D20171215,2017-12-15,0.21425386,0
D10114319076,-33.48459144,149.0158808,687294.2504410915,6293170.841642162,2621.16277235563,far-field,D20171215,2017-12-15,0.3754459,0
D10114319077,-33.48458222,149.01584154,687290.6220802742,6293171.934947036,2619.5746073014,far-field,D20171215,2017-12-15,0.43527052,0
D10114319078,-33.484573,149.01580228,687286.993718712,6293173.028250512,2617.990962516308,far-field,D20171215,2017-12-15,0.27170035,0
D10114319079,-33.48456378,149.01576303,687283.3662856477,6293174.1215345375,2616.4124466675357,far-field,D20171215,2017-12-15,0.7285969,0
D10114319084,-33.4845172,149.01556473,687265.0396473228,6293179.644862356,2608.5067905597166,far-field,D20171215,2017-12-15,0.58925384,0
D10114319086,-33.48449832,149.01548434,687257.6100913252,6293181.883616096,2605.3348002025173,far-field,D20171215,2017-12-15,0.7476962,0
D10114319087,-33.48448883,149.01544396,687253.8782287589,6293183.008869319,2603.74932960302,far-field,D20171215,2017-12-15,0.25163496,0
D10114319088,-33.48447943,149.01540395,687250.180553738,6293184.123472916,2602.182930473187,far-field,D20171215,2017-12-15,0.15703031,0
D10114319095,-33.48441343,149.01512298,687224.2136052618,6293191.949459946,2591.3173361319855,far-field,D20171215,2017-12-15,0.6204667,0
D10114319108,-33.48427651,149.01454076,687170.4056670538,6293208.183397422,2569.580313609029,far-field,D20171215,2017-12-15,0.2800981,0
D10114319110,-33.4842543,149.01444638,687161.6832190104,6293210.81658665,2566.1565303169305,far-field,D20171215,2017-12-15,0.5628716,0
D10114319111,-33.48424326,149.01439946,687157.3469431999,6293212.125483137,2564.4646471030974,far-field,D20171215,2017-12-15,0.24806778,0
D10114319112,-33.48423224,149.01435262,687153.0180572775,6293213.4320154525,2562.7824138406068,far-field,D20171215,2017-12-15,0.40911117,0
D10114319116,-33.48418544,149.0141538,687134.6434361746,6293218.980423424,2555.720709604657,far-field,D20171215,2017-12-15,0.3238704,0
D10114319130,-33.48402861,149.01348731,687073.0472577423,6293237.573671318,2532.96064324304,far-field,D20171215,2017-12-15,0.8144322,1
D10114319170,-33.48360655,149.01169277,686907.1965816736,6293287.611301808,2478.930254405159,far-field,D20171215,2017-12-15,0.8971462,1
D10114319172,-33.48358695,149.01160938,686899.4896459552,6293289.935019302,2476.684233394117,far-field,D20171215,2017-12-15,0.7928062,1
D10114319174,-33.48356732,149.01152589,686891.7734787841,6293292.262237402,2474.4603165314898,far-field,D20171215,2017-12-15,0.6546522,0
D10114319184,-33.48347495,149.01113265,686855.4299033791,6293303.213671958,2464.304626279878,far-field,D20171215,2017-12-15,0.23528537,0
D10114319191,-33.4834031,149.01082712,686827.1926866868,6293311.73151444,2456.7978066675964,far-field,D20171215,2017-12-15,0.37388524,0
D10114319192,-33.48339247,149.01078192,686823.0152801671,6293312.991693319,2455.7154243414484,far-field,D20171215,2017-12-15,0.42456895,0
D10114319194,-33.48337134,149.01069208,686814.7122233222,6293315.496621146,2453.5858484045652,far-field,D20171215,2017-12-15,0.976962,1
D10114319196,-33.48335039,149.010603,686806.4793995048,6293317.980212583,2451.502625491857,far-field,D20171215,2017-12-15,0.22198276,0
D10114319197,-33.48333998,149.01055873,686802.3879364963,6293319.214311449,2450.477746555345,far-field,D20171215,2017-12-15,0.2608502,0
D10114319199,-33.48331912,149.01047006,686794.1930131945,6293321.687173613,2448.447027040601,far-field,D20171215,2017-12-15,0.24888526,0
D10114319200,-33.48330892,149.01042666,686790.1819417445,6293322.896413374,2447.4624045184332,far-field,D20171215,2017-12-15,0.5151605,0
D10114319201,-33.48329936,149.01038599,686786.4231822629,6293324.029765362,2446.5460238784412,far-field,D20171215,2017-12-15,0.2573573,0
D10114319203,-33.48328026,149.01030472,686778.9121227561,6293326.294120945,2444.732347970213,far-field,D20171215,2017-12-15,0.1391201,0
D10114319204,-33.48327071,149.01026408,686775.1561271789,6293327.42630548,2443.834222120221,far-field,D20171215,2017-12-15,0.7248068,0
D10114319205,-33.48326116,149.01022343,686771.399201541,6293328.558506507,2442.9416166294086,far-field,D20171215,2017-12-15,0.22086802,0
D10114319206,-33.4832516,149.01018275,686767.6395088054,6293329.691868969,2442.0546230014043,far-field,D20171215,2017-12-15,0.37433115,0
D10114319208,-33.48323186,149.01009878,686759.87891583,6293332.0320409,2440.2433323987325,far-field,D20171215,2017-12-15,0.32126933,0
D10114319210,-33.48321175,149.01001323,686751.9722910636,6293334.4160806015,2438.4241394304145,far-field,D20171215,2017-12-15,0.45095125,0
D10114319213,-33.48318221,149.00988757,686740.3586528371,6293337.918023227,2435.800452090396,far-field,D20171215,2017-12-15,0.43504757,0
D10114319214,-33.48317242,149.00984592,686736.5093091978,6293339.078624373,2434.9434364809913,far-field,D20171215,2017-12-15,0.13882282,0
D10114319217,-33.48314283,149.00972004,686724.8753244443,6293342.586488429,2432.3919389251873,far-field,D20171215,2017-12-15,0.57364744,0
D10114319219,-33.48312324,149.0096367,686717.1729340036,6293344.908857359,2430.734603319994,far-field,D20171215,2017-12-15,0.27861178,0
D10114319221,-33.48310332,149.009552,686709.3448693148,6293347.270261928,2429.077373114414,far-field,D20171215,2017-12-15,0.3292955,0
D10114319225,-33.48306307,149.00938081,686693.523272051,6293352.041738313,2425.8074677581913,far-field,D20171215,2017-12-15,0.4671522,0
D10114319227,-33.4830435,149.00929752,686685.8254713069,6293354.36177368,2424.254381068857,far-field,D20171215,2017-12-15,0.60969085,0
D10114319245,-33.48288015,149.00860208,686621.5515037195,6293373.727167711,2412.288273006936,far-field,D20171215,2017-12-15,0.45778835,0
D10114319256,-33.48278626,149.00820207,686584.5815225062,6293384.858287368,2406.220012405212,far-field,D20171215,2017-12-15,0.653909,0
D10114419070,-33.48476576,149.01606229,687310.7398712018,6293151.18276324,2617.5255759078027,far-field,D20171215,2017-12-15,0.7248068,0
D10114419071,-33.4847568,149.01602416,687307.2159639578,6293152.245202566,2615.951182915358,far-field,D20171215,2017-12-15,0.37804696,0
D10114419072,-33.48474788,149.01598614,687303.7021915414,6293153.303006226,2614.3843588284203,far-field,D20171215,2017-12-15,0.66810346,0
D10114419073,-33.48473899,149.01594827,687300.2022924733,6293154.357211007,2612.8283399208813,far-field,D20171215,2017-12-15,0.1623811,0
D10114419075,-33.48472113,149.01587222,687293.1738579875,6293156.475047722,2609.716829840143,far-field,D20171215,2017-12-15,0.70384955,0
D10114419077,-33.48470317,149.01579569,687286.1010323467,6293158.604834898,2606.6017210131013,far-field,D20171215,2017-12-15,0.880648,1
D10114419079,-33.48468508,149.01571866,687278.9820216194,6293160.749935402,2603.484722832372,far-field,D20171215,2017-12-15,0.5405767,0
D10114419084,-33.48463903,149.01552258,687260.8605584318,6293166.210475872,2595.629749368427,far-field,D20171215,2017-12-15,0.70370096,0
D10114419099,-33.48449549,149.01491165,687204.3992006436,6293183.230541127,2571.900196019804,far-field,D20171215,2017-12-15,0.42048156,0
D10114419104,-33.48444092,149.01467966,687182.9590746514,6293189.700532418,2563.192596521276,far-field,D20171215,2017-12-15,0.42724437,0
D10114419106,-33.48441943,149.0145883,687174.5157293458,6293192.248442804,2559.809065740139,far-field,D20171215,2017-12-15,0.39075506,0
D10114419107,-33.48440877,149.01454298,687170.3273251292,6293193.512319809,2558.1402239040062,far-field,D20171215,2017-12-15,0.22153686,0
D10114419111,-33.48436553,149.01435915,687153.3380314617,6293198.6389446845,2551.4366882086924,far-field,D20171215,2017-12-15,0.32223544,0
D10114419112,-33.48435411,149.01431066,687148.8566862554,6293199.992808934,2549.687355572815,far-field,D20171215,2017-12-15,0.94039834,1
D10114419116,-33.48430466,149.01410065,687129.4479631,6293205.855258782,2542.1957177402924,far-field,D20171215,2017-12-15,0.3613258,0
D10114419119,-33.48426716,149.01394144,687114.7340897019,6293210.300883587,2536.6105100160103,far-field,D20171215,2017-12-15,0.87893873,1
D10114419120,-33.48425472,149.01388859,687109.8497768821,6293211.775703048,2534.7736440420795,far-field,D20171215,2017-12-15,0.43088585,0
D10114419156,-33.4838758,149.01227745,686960.9494575968,6293256.699614001,2483.1287869380294,far-field,D20171215,2017-12-15,0.04444114,0
D10114419159,-33.48384434,149.01214368,686948.5864784234,6293260.429343239,2479.2309313144547,far-field,D20171215,2017-12-15,0.6436534,0
D10114419170,-33.48373139,149.01166332,686904.1916496194,6293273.820117122,2465.738560675205,far-field,D20171215,2017-12-15,0.67129904,0
D10114419171,-33.48372182,149.01162259,686900.427366236,6293274.95473203,2464.630582759955,far-field,D20171215,2017-12-15,0.83880794,1
D10114419176,-33.48367534,149.01142475,686882.1428900278,6293280.465395842,2459.3305680477647,far-field,D20171215,2017-12-15,0.045184303,0
D10114419177,-33.48366626,149.01138609,686878.5699046592,6293281.541936024,2458.3106243275856,far-field,D20171215,2017-12-15,0.46499702,0
D10114419179,-33.4836481,149.01130876,686871.423002502,6293283.695030315,2456.285986356532,far-field,D20171215,2017-12-15,0.09200357,0
D10114419182,-33.48362043,149.01119098,686860.5376957838,6293286.975560242,2453.2437369040044,far-field,D20171215,2017-12-15,0.8934304,1
D10114419183,-33.48361108,149.01115115,686856.8565633479,6293288.084140353,2452.2253106986964,far-field,D20171215,2017-12-15,0.94456005,1
D10114419192,-33.48352004,149.01076396,686821.0723155171,6293298.877061676,2442.632437875897,far-field,D20171215,2017-12-15,0.49732462,0
D10114419193,-33.48350919,149.01071784,686816.8098951178,6293300.163291075,2441.5259581493665,far-field,D20171215,2017-12-15,0.33152497,0
D10114419194,-33.48349827,149.01067143,686812.520675626,6293301.457803189,2440.4203824344295,far-field,D20171215,2017-12-15,0.4907848,0
D10114419195,-33.48348735,149.010625,686808.2295965813,6293302.7523493385,2439.3216081250707,far-field,D20171215,2017-12-15,0.5514269,0
D10114419196,-33.48347658,149.01057924,686804.0004544605,6293304.029053341,2438.2469946535634,far-field,D20171215,2017-12-15,0.42085314,0
D10114419197,-33.48346591,149.01053386,686799.806408277,6293305.293981982,2437.1877242789783,far-field,D20171215,2017-12-15,0.52876043,0
D10114419198,-33.48345528,149.01048869,686795.6317895591,6293306.554094993,2436.1416239356145,far-field,D20171215,2017-12-15,0.71038944,0
D10114419199,-33.48344457,149.01044315,686791.4229591943,6293307.823743662,2435.0937193311065,far-field,D20171215,2017-12-15,0.6187574,0
D10114419200,-33.4834347,149.01040117,686787.5431390405,6293308.993831546,2434.1340965038517,far-field,D20171215,2017-12-15,0.043400712,0
D10114419202,-33.4834156,149.0103199,686780.0320917311,6293311.258188577,2432.2937167362716,far-field,D20171215,2017-12-15,0.41475922,0
D10114419203,-33.48340605,149.01027927,686776.2770315056,6293312.390355842,2431.38271961872,far-field,D20171215,2017-12-15,0.15294293,0
D10114419204,-33.4833965,149.01023863,686772.5210412259,6293313.522539601,2430.4772581569478,far-field,D20171215,2017-12-15,0.11370392,0
D10114419205,-33.48338695,149.01019799,686768.7650501452,6293314.654721854,2429.577791696005,far-field,D20171215,2017-12-15,0.19426279,0
D10114419208,-33.48335735,149.01007204,686757.124621466,6293318.1638616435,2426.8286412686007,far-field,D20171215,2017-12-15,0.0011147443,0
D10114419209,-33.48334728,149.01002924,686753.1690241423,6293319.357589874,2425.908701770294,far-field,D20171215,2017-12-15,0.33055887,0
D10114419210,-33.48333723,149.00998648,686749.2171000177,6293320.549026556,2424.995268626808,far-field,D20171215,2017-12-15,0.41817775,0
D10114419211,-33.48332718,149.00994372,686745.2651750067,6293321.740461576,2424.088517715489,far-field,D20171215,2017-12-15,0.30387932,0
D10114419214,-33.48329677,149.0098144,686733.3133101054,6293325.345460547,2421.3884757310493,far-field,D20171215,2017-12-15,0.08717301,0
D10114419216,-33.48327628,149.00972726,686725.2597496146,6293327.77447919,2419.603592270992,far-field,D20171215,2017-12-15,0.5069857,0
D10114419218,-33.48325611,149.0096415,686717.3337360743,6293330.165521828,2417.874696505458,far-field,D20171215,2017-12-15,0.6508621,0
D10114419220,-33.4832358,149.00955509,686709.3476177353,6293332.573252404,2416.158861055062,far-field,D20171215,2017-12-15,0.24777052,0
D10114419221,-33.48322537,149.00951076,686705.2506059909,6293333.809635084,2415.2903502017784,far-field,D20171215,2017-12-15,0.090368606,0
D10114419223,-33.48320427,149.00942104,686696.9585934193,6293336.3109166585,2413.553890884428,far-field,D20171215,2017-12-15,0.34334126,0
D10114419226,-33.48317432,149.00929366,686685.1859846616,6293339.861352878,2411.139164859519,far-field,D20171215,2017-12-15,0.07914685,0
D10114419231,-33.48312909,149.00910112,686667.391110301,6293345.223446373,2407.5997527769086,far-field,D20171215,2017-12-15,0.20518728,0
D10114419236,-33.48308295,149.00890471,686649.2385474083,6293350.693380355,2404.1319181820827,far-field,D20171215,2017-12-15,0.48424494,0
D10114419245,-33.4830023,149.0085613,686617.4998884093,6293360.254592428,2398.4143166023246,far-field,D20171215,2017-12-15,0.6688466,0
D10114419256,-33.48290482,149.00814616,686579.1316851609,6293371.811011173,2392.0957753777984,far-field,D20171215,2017-12-15,0.22540131,0
D10114419258,-33.48288682,149.00806953,686572.0493670108,6293373.944875995,2391.001664123045,far-field,D20171215,2017-12-15,0.49398038,0
D10114419261,-33.48285977,149.00795435,686561.4041540597,6293377.151630372,2389.3987352315694,far-field,D20171215,2017-12-15,0.03165874,0
D10114519067,-33.48491362,149.01613105,687316.8108846501,6293134.661613811,2609.394731429658,far-field,D20171215,2017-12-15,0.5705262,0
D10114519069,-33.48489522,149.01605271,687309.5708343668,6293136.84347999,2606.123147391814,far-field,D20171215,2017-12-15,0.880648,1
D10114519071,-33.48487688,149.01597462,687302.353882949,6293139.018235679,2602.879660559569,far-field,D20171215,2017-12-15,0.40086207,0
D10114519075,-33.48484211,149.01582647,687288.6620397309,6293143.141429326,2596.773168343651,far-field,D20171215,2017-12-15,0.7962247,1
D10114519076,-33.48483331,149.01578898,687285.1972605452,6293144.184962438,2595.238212959004,far-field,D20171215,2017-12-15,0.74576396,0
D10114519077,-33.48482448,149.01575137,687281.7213943765,6293145.232037677,2593.702656990828,far-field,D20171215,2017-12-15,0.85924494,1
D10114519079,-33.48480647,149.01567465,687274.6310272436,6293147.367704367,2590.583065167253,far-field,D20171215,2017-12-15,0.5104786,0
D10114519091,-33.4846958,149.01520347,687231.0852249104,6293160.49062086,2571.8136007886824,far-field,D20171215,2017-12-15,0.97510403,1
D10114519094,-33.48466728,149.01508205,687219.8637417648,6293163.872395955,2567.0852241998928,far-field,D20171215,2017-12-15,0.49234542,0
D10114519095,-33.48465756,149.01504067,687216.0394535621,6293165.024944542,2565.484060823049,far-field,D20171215,2017-12-15,0.31502676,0
D10114519099,-33.48461831,149.01487368,687200.6064899362,6293169.678806102,2559.0778043074242,far-field,D20171215,2017-12-15,0.31264862,0
D10114519100,-33.48460686,149.01482502,687196.1094311432,6293171.036326729,2557.228250607751,far-field,D20171215,2017-12-15,0.71886146,0
D10114519103,-33.48457221,149.0146778,687182.503667181,6293175.144380713,2551.677653680029,far-field,D20171215,2017-12-15,0.42583233,0
D10114519105,-33.48454995,149.01458319,687173.7599872956,6293177.783542033,2548.145383645317,far-field,D20171215,2017-12-15,0.47205707,0
D10114519108,-33.48451863,149.01444999,687161.4498421755,6293181.496999168,2543.217914762996,far-field,D20171215,2017-12-15,0.5524673,0
D10114519116,-33.48442386,149.01404744,687124.2469703921,6293192.732417814,2528.6755821469546,far-field,D20171215,2017-12-15,0.9476813,1
D10114519120,-33.48437064,149.01382158,687103.373504558,6293199.041467905,2520.746037620002,far-field,D20171215,2017-12-15,0.6057521,0
D10114519124,-33.48432681,149.01363525,687086.1531302257,6293204.237907654,2514.3210921028262,far-field,D20171215,2017-12-15,0.4054697,0
D10114519156,-33.48399194,149.01221133,686954.5555932173,6293243.939286949,2468.9918667173933,far-field,D20171215,2017-12-15,0.2969679,0
D10114519171,-33.48384719,149.01159537,686897.6285306968,6293261.100755369,2451.5018137523875,far-field,D20171215,2017-12-15,0.20236325,0
D10114519172,-33.4838378,149.01155542,686893.9363466562,6293262.214002198,2450.413106054503,far-field,D20171215,2017-12-15,0.26612663,0
D10114519177,-33.48379206,149.01136067,686875.9374413018,6293267.637028478,2445.1826677825584,far-field,D20171215,2017-12-15,0.3002378,0
D10114519193,-33.48363783,149.01070437,686815.2818774204,6293285.921918668,2428.5531045207035,far-field,D20171215,2017-12-15,0.04325208,0
D10114519194,-33.48362689,149.01065789,686810.986202431,6293287.218774298,2427.435389411166,far-field,D20171215,2017-12-15,0.03463139,0
D10114519195,-33.48361595,149.01061141,686806.6905263955,6293288.515627965,2426.325455620153,far-field,D20171215,2017-12-15,0.18497324,0
D10114519196,-33.48360501,149.01056492,686802.3939200598,6293289.812497664,2425.2228511349253,far-field,D20171215,2017-12-15,0.15688169,0
D10114519197,-33.4835939,149.01051771,686798.0307714669,6293291.129513443,2424.111213126885,far-field,D20171215,2017-12-15,0.7841112,1
D10114519202,-33.48354281,149.01030042,686777.9487169296,6293297.186208727,2419.0944825728925,far-field,D20171215,2017-12-15,0.5466706,0
D10114519203,-33.48353302,149.01025878,686774.1003227463,6293298.346807856,2418.1526375619046,far-field,D20171215,2017-12-15,0.14766647,0
D10114519204,-33.48352323,149.01021714,686770.2519277268,6293299.507405408,2417.2171079800396,far-field,D20171215,2017-12-15,0.078775264,0
D10114519205,-33.48351344,149.01017547,686766.4007440994,6293300.668055365,2416.286549696256,far-field,D20171215,2017-12-15,0.024673007,0
D10114519207,-33.48349313,149.01008908,686758.4165189182,6293303.075792279,2414.378825929227,far-field,D20171215,2017-12-15,0.4671522,0
D10114519216,-33.48340063,149.00969576,686722.0656276694,6293314.0412763115,2406.042552552209,far-field,D20171215,2017-12-15,0.40613854,0
D10114519218,-33.48338003,149.00960816,686713.9695649536,6293316.483311902,2404.263439143937,far-field,D20171215,2017-12-15,0.8643728,1
D10114519221,-33.48335089,149.00948417,686702.5102652219,6293319.937847034,2401.7921722936035,far-field,D20171215,2017-12-15,0.12670927,0
D10114519223,-33.48333108,149.0093999,686694.7219403894,6293322.286268571,2400.1456657895014,far-field,D20171215,2017-12-15,0.64722055,0
D10114519226,-33.4833013,149.00927323,686683.0149608928,6293325.816573605,2397.7207759362013,far-field,D20171215,2017-12-15,0.49940547,0
D10114519227,-33.48329188,149.00923315,686679.3107160351,6293326.933296714,2396.965712480057,far-field,D20171215,2017-12-15,0.07424197,0
D10114519228,-33.4832825,149.0091932,686675.6184648948,6293328.045348732,2396.218140729311,far-field,D20171215,2017-12-15,0.10976516,0
D10114519231,-33.48325452,149.00907413,686664.6138455715,6293331.362350021,2394.027766618639,far-field,D20171215,2017-12-15,0.23424494,0
D10114519245,-33.48312546,149.00852474,686613.8382632401,6293346.662423983,2384.6087036247263,far-field,D20171215,2017-12-15,0.80826396,1
D10114519246,-33.48311658,149.00848694,686610.3447163759,6293347.7151370365,2384.002653719948,far-field,D20171215,2017-12-15,0.6620838,0
D10114519252,-33.48306333,149.00826018,686589.3870733697,6293354.027989281,2380.4790576047294,far-field,D20171215,2017-12-15,0.35367122,0
D10114519253,-33.48305443,149.00822228,686585.8842719808,6293355.083090911,2379.9092492404616,far-field,D20171215,2017-12-15,0.31458086,0
D10114519256,-33.48302598,149.00810119,686574.6928944584,6293358.455738949,2378.126984572287,far-field,D20171215,2017-12-15,0.04102259,0
D10114519257,-33.48301627,149.00805992,686570.8786670099,6293359.60671805,2377.533753310141,far-field,D20171215,2017-12-15,0.14499108,0
D10114519262,-33.48296742,149.0078521,686551.6715595456,6293365.397501013,2374.6411126706475,far-field,D20171215,2017-12-15,0.44002676,0
D10114519267,-33.48291363,149.00762348,686530.5421624911,6293371.773448494,2371.656030308627,far-field,D20171215,2017-12-15,0.66200954,0
D10114619074,-33.48497066,149.01581305,687287.138166963,6293128.909989168,2585.1760013202374,far-field,D20171215,2017-12-15,0.9322979,1
D10114619099,-33.48473803,149.01482264,687195.6059399842,6293156.494419785,2545.7705898320373,far-field,D20171215,2017-12-15,0.31406063,0
D10114619103,-33.48469366,149.01463407,687178.178694153,6293161.754953384,2538.613296301045,far-field,D20171215,2017-12-15,0.54496133,0
D10114619112,-33.48459349,149.01420832,687138.8316876611,6293173.631108977,2522.8612971139178,far-field,D20171215,2017-12-15,0.90272,1
D10114619113,-33.48458102,149.01415539,687133.9400273499,6293175.109412808,2520.944384909027,far-field,D20171215,2017-12-15,0.28552318,0
D10114619116,-33.48454198,149.01398967,687118.6245783493,6293179.737562817,2515.0001163722027,far-field,D20171215,2017-12-15,0.93318963,1
D10114619118,-33.48451449,149.01387302,687107.8440754015,6293182.996382637,2510.8695077571506,far-field,D20171215,2017-12-15,0.6788793,0
D10114619120,-33.48448792,149.01376024,687097.421204774,6293186.14618979,2506.9168500747096,far-field,D20171215,2017-12-15,0.61333233,0
D10114619165,-33.4840274,149.01180164,686916.4089179247,6293240.7447984265,2444.909296224918,far-field,D20171215,2017-12-15,0.73275864,0
D10114619196,-33.48373349,149.01055079,686800.8049370743,6293275.590054909,2412.21727058653,far-field,D20171215,2017-12-15,0.18958086,0
D10114619197,-33.48372256,149.01050433,686796.5111022939,6293276.885759282,2411.1121790347156,far-field,D20171215,2017-12-15,0.14610583,0
D10114619200,-33.48369121,149.01037104,686784.1924145006,6293280.602211483,2407.984592769383,far-field,D20171215,2017-12-15,0.06584423,0
D10114619201,-33.48368142,149.01032939,686780.3430984328,6293281.7628314495,2407.019970216781,far-field,D20171215,2017-12-15,0.39840963,0
D10114619202,-33.48367164,149.01028776,686776.495618555,6293282.922304893,2406.0616239632677,far-field,D20171215,2017-12-15,0.2568371,0
D10114619203,-33.48366185,149.01024611,686772.6463008054,6293284.082921704,2405.1096647401,far-field,D20171215,2017-12-15,0.9302913,1
D10114619204,-33.48365206,149.01020446,686768.7969822217,6293285.243536938,2404.164050252776,far-field,D20171215,2017-12-15,0.08390309,0
D10114619205,-33.48364226,149.01016278,686764.9448965077,6293286.405313529,2403.2243993904176,far-field,D20171215,2017-12-15,0.24019025,0
D10114619208,-33.48361211,149.01003453,686753.0919541474,6293289.979581225,2400.3726019129267,far-field,D20171215,2017-12-15,0.26189062,0
D10114619213,-33.48356033,149.00981436,686732.7437359095,6293296.117881184,2395.6201150564702,far-field,D20171215,2017-12-15,0.26196492,0
D10114619216,-33.48352712,149.00967325,686719.7023193121,6293300.054583374,2392.6707686161867,far-field,D20171215,2017-12-15,0.80083233,1
D10114619220,-33.48348634,149.00949983,686703.6747191438,6293304.888866687,2389.1441342076337,far-field,D20171215,2017-12-15,0.46009216,0
D10114619221,-33.48347716,149.00946073,686700.0610362531,6293305.977220492,2388.3630724513678,far-field,D20171215,2017-12-15,0.14239001,0
D10114619222,-33.48346795,149.00942152,686696.4371952077,6293307.069097634,2387.5859566818513,far-field,D20171215,2017-12-15,0.91617125,1
D10114619226,-33.48343002,149.0092601,686681.5185639325,6293311.565705909,2384.4487136264156,far-field,D20171215,2017-12-15,0.84103745,1
D10114619227,-33.48342038,149.0092191,686677.7293051765,6293312.70848039,2383.6680129769497,far-field,D20171215,2017-12-15,0.2481421,0
D10114619229,-33.48340121,149.00913751,686670.1886486451,6293314.981088878,2382.131869502456,far-field,D20171215,2017-12-15,0.40346313,0
D10114619230,-33.48339167,149.00909693,686666.4382016049,6293316.112013885,2381.377719418577,far-field,D20171215,2017-12-15,0.47391498,0
D10114619231,-33.48338217,149.0090565,686662.7016067703,6293317.238231812,2380.6320581286645,far-field,D20171215,2017-12-15,0.34564507,0
D10114619232,-33.48337275,149.00901641,686658.9964341732,6293318.354965163,2379.898743548969,far-field,D20171215,2017-12-15,0.22755648,0
D10114619233,-33.48336335,149.00897641,686655.2995811923,6293319.469317291,2379.1732354540322,far-field,D20171215,2017-12-15,0.3266944,0
D10114619235,-33.48334446,149.008896,686647.8679665163,6293321.708735067,2377.732447644905,far-field,D20171215,2017-12-15,0.65636146,0
D10114619236,-33.48333496,149.00885558,686644.132297009,6293322.83492762,2377.017888156487,far-field,D20171215,2017-12-15,0.50289834,0
D10114619249,-33.48321319,149.00833735,686596.236663633,6293337.2704485655,2368.4036617757197,far-field,D20171215,2017-12-15,0.5108502,0
D10114619251,-33.48319551,149.00826203,686589.2754207621,6293339.366485791,2367.235187886132,far-field,D20171215,2017-12-15,0.3627378,0
D10114619252,-33.48318661,149.00822414,686585.773554075,6293340.421569662,2366.656211041004,far-field,D20171215,2017-12-15,0.18148038,0
D10114619257,-33.48313683,149.00801243,686566.207005963,6293346.322509469,2363.5278963357027,far-field,D20171215,2017-12-15,0.06822235,0
D10114619259,-33.48311716,149.00792874,686558.4722299167,6293348.654250659,2362.338024941708,far-field,D20171215,2017-12-15,0.83063316,1
D10114619261,-33.48309656,149.00784117,686550.3788926194,6293351.096091861,2361.1237657221936,far-field,D20171215,2017-12-15,0.20719382,0
D10114619262,-33.48308619,149.00779707,686546.3031010462,6293352.325338671,2360.523074667251,far-field,D20171215,2017-12-15,0.45340368,0
D10114619267,-33.48303259,149.00756924,686525.2467345792,6293358.678785797,2357.542441443744,far-field,D20171215,2017-12-15,0.850327,1
D10114619412,-33.48160987,149.00151794,685965.9659659985,6293527.309938636,2314.1248526607374,far-field,D20171215,2017-12-15,0.47659037,0
D10114619413,-33.48160126,149.00148128,685962.5776564283,6293528.330426775,2314.1612476906926,far-field,D20171215,2017-12-15,0.69693816,0
D10114619417,-33.48156623,149.00133212,685948.7914958826,6293532.48230975,2314.3649041118674,far-field,D20171215,2017-12-15,0.38674197,0
D10114619418,-33.48155738,149.00129445,685945.3098393867,6293533.531215878,2314.4308466572343,far-field,D20171215,2017-12-15,0.9187723,1
D10114619419,-33.48154859,149.001257,685941.84849798,6293534.573072897,2314.5011707392446,far-field,D20171215,2017-12-15,0.726962,0
D10114719060,-33.48522103,149.01631826,687333.5450483909,6293100.233240543,2595.5495861381664,far-field,D20171215,2017-12-15,0.7062277,0
D10114719061,-33.48521179,149.01627894,687329.9111859234,6293101.328887887,2593.858955253243,far-field,D20171215,2017-12-15,0.58546376,0
D10114719062,-33.48520229,149.01623847,687326.1710202941,6293102.4554423485,2592.1226842239043,far-field,D20171215,2017-12-15,0.20347801,0
D10114719069,-33.48513505,149.0159523,687299.7238115655,6293110.428542068,2579.985919246001,far-field,D20171215,2017-12-15,0.89246434,1
D10114719073,-33.48509899,149.01579873,687285.5311391492,6293114.704569792,2573.5694982858117,far-field,D20171215,2017-12-15,0.84148335,1
D10114719078,-33.48505416,149.01560776,687267.8819821309,6293120.020614028,2565.686481007996,far-field,D20171215,2017-12-15,0.8362069,1
D10114719079,-33.48504515,149.0155694,687264.3368179692,6293121.088997816,2564.1165020029907,far-field,D20171215,2017-12-15,0.7577289,1
D10114719096,-33.48488922,149.01490546,687202.976495798,6293139.578709263,2537.643640537142,far-field,D20171215,2017-12-15,0.6232907,0
D10114719097,-33.48487948,149.01486399,687199.1438957439,6293140.73363178,2536.0347305834134,far-field,D20171215,2017-12-15,0.27437574,0
D10114719100,-33.4848484,149.01473182,687186.9290021047,6293144.418651406,2530.945565043605,far-field,D20171215,2017-12-15,0.55856127,0
D10114719103,-33.48481651,149.01459621,687174.3961839102,6293148.199684398,2525.7803475370238,far-field,D20171215,2017-12-15,0.74011594,0
D10114719112,-33.48471379,149.01415975,687134.0594976159,6293160.377921419,2509.5546232957126,far-field,D20171215,2017-12-15,0.46566588,0
D10114719113,-33.48470094,149.0141052,687129.0181237905,6293161.901284298,2507.5700972414006,far-field,D20171215,2017-12-15,0.23967004,0
D10114719158,-33.48421236,149.01202833,686937.0765401144,6293219.825268488,2439.2181718562683,far-field,D20171215,2017-12-15,0.6444709,0
D10114719197,-33.48385056,149.01048818,686794.735450627,6293262.720181056,2398.0627588451403,far-field,D20171215,2017-12-15,0.28448275,0
D10114719198,-33.48384005,149.0104435,686790.6061258758,6293263.966103429,2396.9972319258577,far-field,D20171215,2017-12-15,0.036340665,0
D10114719199,-33.48382983,149.01040002,686786.5876875814,6293265.177704719,2395.9665768538657,far-field,D20171215,2017-12-15,0.17821047,0
D10114719201,-33.48381025,149.01031674,686778.8909261668,6293267.498909615,2394.012278582805,far-field,D20171215,2017-12-15,0.36481866,0
D10114719203,-33.48379068,149.01023348,686771.1959984266,6293269.818963256,2392.0833427308835,far-field,D20171215,2017-12-15,0.8726219,1
D10114719204,-33.48378089,149.01019183,686767.3466855291,6293270.9795781765,2391.127990633659,far-field,D20171215,2017-12-15,0.13250594,0
D10114719206,-33.48376131,149.01010851,686759.6461987179,6293273.300839273,2389.235525138755,far-field,D20171215,2017-12-15,0.14112663,0
D10114719207,-33.48375166,149.01006743,686755.8495500912,6293274.444898465,2388.3115214799113,far-field,D20171215,2017-12-15,0.07862663,0
D10114719209,-33.48373189,149.00998335,686748.0788430091,6293276.788587717,2386.441592983557,far-field,D20171215,2017-12-15,0.3221611,0
D10114719211,-33.48371196,149.00989858,686740.2443575775,6293279.151255256,2384.582576321855,far-field,D20171215,2017-12-15,0.15480083,0
D10114719212,-33.48370171,149.00985498,686736.2148211994,6293280.366377753,2383.6367317138174,far-field,D20171215,2017-12-15,0.25698572,0
D10114719215,-33.48366969,149.00971889,686723.6373579968,6293284.1620889995,2380.7324409225016,far-field,D20171215,2017-12-15,0.37886444,0
D10114719217,-33.48364814,149.00962727,686715.1698007314,6293286.716709603,2378.8153708789364,far-field,D20171215,2017-12-15,0.5465963,0
D10114719218,-33.48363749,149.00958201,686710.9868611933,6293287.979165711,2377.880337801097,far-field,D20171215,2017-12-15,0.22651605,0
D10114719219,-33.48362773,149.00954048,686707.1486218192,6293289.13621322,2377.0278975448564,far-field,D20171215,2017-12-15,0.4056183,0
D10114719220,-33.483618,149.00949909,686703.3233267681,6293290.289680459,2376.185038701207,far-field,D20171215,2017-12-15,0.7371433,0
D10114719221,-33.48360831,149.00945785,686699.5118838358,6293291.438440502,2375.3511539246274,far-field,D20171215,2017-12-15,0.7436831,0
D10114719222,-33.48359865,149.00941675,686695.7133852458,6293292.583620308,2374.526731150007,far-field,D20171215,2017-12-15,0.7146254,0
D10114719223,-33.48358885,149.00937507,686691.8612895997,6293293.745367199,2373.6975139065944,far-field,D20171215,2017-12-15,0.8595422,1
D10114719225,-33.48356976,149.00929384,686684.3539323164,6293296.008468442,2372.099322877475,far-field,D20171215,2017-12-15,0.93370986,1
D10114719226,-33.48355999,149.00925226,686680.5110623467,6293297.166703946,2371.290678251461,far-field,D20171215,2017-12-15,0.7190101,0
D10114719228,-33.48354032,149.0091686,686672.7791361831,6293299.4984859135,2369.684658844246,far-field,D20171215,2017-12-15,0.4908591,0
D10114719229,-33.48353044,149.00912655,686668.8928248012,6293300.669760473,2368.886743872753,far-field,D20171215,2017-12-15,0.8152497,1
D10114719230,-33.48352052,149.00908435,686664.9926595931,6293301.84573901,2368.093175601201,far-field,D20171215,2017-12-15,0.16089477,0
D10114719231,-33.48351042,149.0090414,686661.0231857011,6293303.043025924,2367.2927924851506,far-field,D20171215,2017-12-15,0.43103448,0
D10114719232,-33.48350085,149.00900069,686657.2607266329,6293304.1775082,2366.5402841902996,far-field,D20171215,2017-12-15,0.0055737216,0
D10114719233,-33.48349135,149.00896024,686653.5222771764,6293305.303758714,2365.7979275100324,far-field,D20171215,2017-12-15,0.31770214,0
D10114719234,-33.48348195,149.00892024,686649.8254288188,6293306.418108961,2365.0705016625266,far-field,D20171215,2017-12-15,0.80269027,1
D10114719235,-33.48347269,149.00888083,686646.183105318,6293307.515871406,2364.3596174031213,far-field,D20171215,2017-12-15,0.62098694,0
D10114719236,-33.4834634,149.0088413,686642.5296943794,6293308.617175091,2363.652682131642,far-field,D20171215,2017-12-15,0.18482462,0
D10114719243,-33.4833966,149.00855705,686616.2589352798,6293316.536102798,2358.7445986781718,far-field,D20171215,2017-12-15,0.54496133,0
D10114719251,-33.4833189,149.00822647,686585.7062737431,6293325.747004712,2353.427191420194,far-field,D20171215,2017-12-15,0.62336504,0
D10114719257,-33.48325741,149.00796502,686561.5427475441,6293333.03593724,2349.5239833611586,far-field,D20171215,2017-12-15,0.19418846,0
D10114719269,-33.48313024,149.00742441,686511.5788637664,6293348.110091731,2342.297556185414,far-field,D20171215,2017-12-15,0.15153092,0
D10114719270,-33.48311899,149.00737663,686507.1629893583,6293349.443522604,2341.7148002727545,far-field,D20171215,2017-12-15,0.41052318,0
D10114719278,-33.48302748,149.00698789,686471.2351727525,6293360.29002453,2337.30424974755,far-field,D20171215,2017-12-15,0.59408444,0
D10114719293,-33.48287826,149.00635328,686412.583238414,6293377.977768494,2331.3005626642607,far-field,D20171215,2017-12-15,0.5352259,0
D10114719411,-33.48174071,149.00151415,685965.3340354766,6293512.807177581,2300.025160702398,far-field,D20171215,2017-12-15,0.24204816,0
D10114719412,-33.48173213,149.0014776,685961.9558889279,6293513.824141808,2300.055729116729,far-field,D20171215,2017-12-15,0.77705115,1
D10114719414,-33.48171514,149.00140524,685955.2679966255,6293515.837888699,2300.1326001475645,far-field,D20171215,2017-12-15,0.23684601,0
D10114719416,-33.4816979,149.00133182,685948.4821333343,6293517.88125358,2300.232384998112,far-field,D20171215,2017-12-15,0.47131392,0
D10114719417,-33.48168942,149.00129569,685945.1427992512,6293518.8863698235,2300.28909271123,far-field,D20171215,2017-12-15,0.4077735,0
D10114719418,-33.48168074,149.00125873,685941.7267624291,6293519.915150779,2300.3531280393054,far-field,D20171215,2017-12-15,0.7013971,0
D10114719431,-33.4815658,149.0007694,685896.5003043241,6293533.537920005,2301.724242771902,far-field,D20171215,2017-12-15,0.10686682,0
D10114719440,-33.48148749,149.00043598,685865.6837871466,6293542.819211418,2303.2119748744867,far-field,D20171215,2017-12-15,0.89982164,1
D10114719442,-33.481471,149.00036573,685859.1908670624,6293544.773664016,2303.581613121465,far-field,D20171215,2017-12-15,0.5966112,0
D10114719444,-33.48145461,149.00029586,685852.7330433782,6293546.716342208,2303.967811936549,far-field,D20171215,2017-12-15,0.0716409,0
D10114819060,-33.48534235,149.01627397,687329.1681292178,6293086.859298902,2582.8181424897316,far-field,D20171215,2017-12-15,0.8747771,1
D10114819061,-33.48533279,149.01623327,687325.4067260515,6293087.992922215,2581.0597771444172,far-field,D20171215,2017-12-15,0.5309899,0
D10114819064,-33.48530368,149.01610939,687313.9580336208,6293091.444680797,2575.738237168966,far-field,D20171215,2017-12-15,0.83732164,1
D10114819065,-33.48529398,149.01606811,687310.1430329649,6293092.594870171,2573.974839185633,far-field,D20171215,2017-12-15,0.82959276,1
D10114819067,-33.48527459,149.01598559,687302.5167246009,6293094.894063126,2570.4645862540624,far-field,D20171215,2017-12-15,0.7369946,0
D10114819069,-33.48525545,149.01590413,687294.9883737636,6293097.163613077,2567.018874207746,far-field,D20171215,2017-12-15,0.8317479,1
D10114819071,-33.48523658,149.01582379,687287.5635129457,6293099.401194075,2563.639047540175,far-field,D20171215,2017-12-15,0.5243014,0
D10114819088,-33.48508263,149.01516819,687226.9740903913,6293117.65644357,2536.77315753364,far-field,D20171215,2017-12-15,0.16795482,0
D10114819089,-33.48507355,149.01512952,687223.400267818,6293118.733134082,2535.2288694630665,far-field,D20171215,2017-12-15,0.5903686,0
D10114819092,-33.48504598,149.01501209,687212.5475540544,6293122.002354421,2530.5669632720465,far-field,D20171215,2017-12-15,0.20815992,0
D10114819093,-33.48503672,149.01497269,687208.9062815066,6293123.100317411,2529.0130883990437,far-field,D20171215,2017-12-15,0.4622473,0
D10114819096,-33.48500875,149.01485361,687197.9010951756,6293126.416855304,2524.34432407788,far-field,D20171215,2017-12-15,0.20310642,0
D10114819108,-33.4848866,149.01433404,687149.883412122,6293140.899764992,2504.498485846342,far-field,D20171215,2017-12-15,0.7966706,1
D10114819109,-33.48487359,149.0142788,687144.7782773117,6293142.442124208,2502.4403634576233,far-field,D20171215,2017-12-15,0.85761,1
D10114819158,-33.484334,149.01198538,686932.8239724331,6293206.413271204,2425.76169799862,far-field,D20171215,2017-12-15,0.54458976,0
D10114819159,-33.48432564,149.01194975,686929.5310339415,6293207.404529769,2424.7086190533946,far-field,D20171215,2017-12-15,0.23974435,0
D10114819198,-33.48396867,149.01042997,686789.0726158039,6293249.727053994,2384.014239932574,far-field,D20171215,2017-12-15,0.10374554,0
D10114819199,-33.48395887,149.01038825,686785.2168295351,6293250.888911458,2383.0147124621303,far-field,D20171215,2017-12-15,0.12150714,0
D10114819207,-33.48388057,149.01005513,686754.4297664514,6293260.171473039,2375.268456427309,far-field,D20171215,2017-12-15,0.10463734,0
D10114819209,-33.483861,149.00997186,686746.733910811,6293262.491525189,2373.3959643721755,far-field,D20171215,2017-12-15,0.3535226,0
D10114819211,-33.48384141,149.00988852,686739.0315899989,6293264.813914884,2371.5480333239484,far-field,D20171215,2017-12-15,0.40480083,0
D10114819212,-33.48383128,149.00984544,686735.0501230815,6293266.014794147,2370.603285866052,far-field,D20171215,2017-12-15,0.029206302,0
D10114819218,-33.48376935,149.00958212,686710.714013336,6293273.356270775,2364.9805347284127,far-field,D20171215,2017-12-15,0.14603151,0
D10114819223,-33.48371984,149.0093715,686691.2483737088,6293279.225571455,2360.667934171296,far-field,D20171215,2017-12-15,0.55543995,0
D10114819225,-33.48370043,149.00928891,686683.615336322,6293281.526605466,2359.0220868821834,far-field,D20171215,2017-12-15,0.8014269,1
D10114819227,-33.48368131,149.00920755,686676.0959713517,6293283.7932613455,2357.425890511136,far-field,D20171215,2017-12-15,0.9429994,1
D10114819228,-33.4836717,149.00916666,686672.316880658,6293284.932509491,2356.633207854166,far-field,D20171215,2017-12-15,0.32766053,0
D10114819229,-33.48366205,149.00912562,686668.5239362045,6293286.07646171,2355.844465608749,far-field,D20171215,2017-12-15,0.7550535,0
D10114819230,-33.48365237,149.00908443,686664.7171165217,6293287.224009028,2355.058753378256,far-field,D20171215,2017-12-15,0.19522889,0
D10114819231,-33.48364265,149.00904309,686660.8964430584,6293288.376260386,2354.2771357060406,far-field,D20171215,2017-12-15,0.2372176,0
D10114819234,-33.48361341,149.00891868,686649.3983484874,6293291.842578105,2351.963021791708,far-field,D20171215,2017-12-15,0.3504013,0
D10114819235,-33.48360373,149.0088775,686645.5924539391,6293292.990099685,2351.2101995003727,far-field,D20171215,2017-12-15,0.54354936,0
D10114819236,-33.48359408,149.00883644,686641.7976452383,6293294.134077071,2350.465844595593,far-field,D20171215,2017-12-15,0.109616525,0
D10114819239,-33.48356472,149.00871155,686630.255191521,6293297.614541953,2348.242246945001,far-field,D20171215,2017-12-15,0.28344232,0
D10114819243,-33.48352486,149.00854199,686614.5842785864,6293302.339710968,2345.318977020477,far-field,D20171215,2017-12-15,0.1181629,0
D10114819245,-33.48350458,149.00845574,686606.6129673526,6293304.7437419705,2343.8748901894783,far-field,D20171215,2017-12-15,0.05105529,0
D10114819246,-33.48349365,149.00840928,686602.319098742,6293306.039358163,2343.109482144079,far-field,D20171215,2017-12-15,0.3509215,0
D10114819264,-33.48330601,149.00761153,686528.5901964044,6293328.281722851,2331.270197024464,far-field,D20171215,2017-12-15,0.6788793,0
D10114819271,-33.48322815,149.0072807,686498.0145424926,6293337.510534216,2327.0948427580674,far-field,D20171215,2017-12-15,0.2395214,0
D10114819272,-33.48321644,149.00723098,686493.4193818939,6293338.898456685,2326.505447542206,far-field,D20171215,2017-12-15,0.51382285,0
D10114819273,-33.48320458,149.00718063,686488.7659984685,6293340.3041431615,2325.9186912175765,far-field,D20171215,2017-12-15,0.633695,0
D10114819275,-33.48318213,149.00708524,686479.9499410796,6293342.9651318155,2324.8325429775964,far-field,D20171215,2017-12-15,0.14335613,0
D10114819279,-33.48313938,149.00690355,686463.1578998502,6293348.032329138,2322.862215183753,far-field,D20171215,2017-12-15,0.17137337,0
D10114819281,-33.48311764,149.00681114,686454.6172267154,6293350.609204732,2321.9099259780664,far-field,D20171215,2017-12-15,0.16252972,0
D10114819289,-33.48303969,149.00647955,686423.9710137638,6293359.849120811,2318.76605768138,far-field,D20171215,2017-12-15,0.76895064,1
D10114819290,-33.48303011,149.00643879,686420.2038851911,6293360.984707126,2318.4059238359223,far-field,D20171215,2017-12-15,0.5811534,0
D10114819295,-33.48298303,149.00623844,686401.687067634,6293366.565486008,2316.6347661629497,far-field,D20171215,2017-12-15,0.89253867,1
D10114819296,-33.48297442,149.00620178,686398.2988521846,6293367.586131868,2316.3101899319236,far-field,D20171215,2017-12-15,0.17932521,0
D10114819298,-33.48295739,149.00612921,686391.5917066915,6293369.605002953,2315.666238299916,far-field,D20171215,2017-12-15,0.4684899,0
D10114819320,-33.48274998,149.00524664,686310.0222710038,6293394.190368467,2307.865104284088,far-field,D20171215,2017-12-15,0.6419441,0
D10114819323,-33.48271821,149.00511159,686297.5406315827,6293397.955919203,2306.674660893357,far-field,D20171215,2017-12-15,0.8637039,1
D10114819337,-33.48256599,149.00446478,686237.7609332645,6293415.997158842,2300.979136578515,far-field,D20171215,2017-12-15,0.45266053,0
D10114819338,-33.48255528,149.00441928,686233.5557132333,6293417.266486904,2300.578679702976,far-field,D20171215,2017-12-15,0.3991528,0
D10114819339,-33.48254467,149.00437417,686229.3865193955,6293418.524023809,2300.180803666817,far-field,D20171215,2017-12-15,0.40695602,0
D10114819341,-33.48252374,149.00428521,686221.1645952107,6293421.004671825,2299.3968173095054,far-field,D20171215,2017-12-15,0.43244648,0
D10114819342,-33.48251338,149.00424117,686217.094294525,6293422.2325597275,2299.0085454966566,far-field,D20171215,2017-12-15,0.54511,0
D10114819343,-33.48250303,149.00419713,686213.0239714913,6293423.45933691,2298.6192356566653,far-field,D20171215,2017-12-15,0.31517538,0
D10114819408,-33.48188901,149.0015847,685971.5729740611,6293496.234993867,2285.895190894895,far-field,D20171215,2017-12-15,0.10084721,0
D10114819409,-33.48187997,149.00154624,685968.0183267478,6293497.306394454,2285.9114941229955,far-field,D20171215,2017-12-15,0.6519025,0
D10114819412,-33.48185456,149.00143801,685958.0151534824,6293500.318147692,2285.986574691355,far-field,D20171215,2017-12-15,0.21291617,0
D10114819414,-33.48183778,149.00136651,685951.4067384964,6293502.307063587,2286.061645201182,far-field,D20171215,2017-12-15,0.15591557,0
D10114819415,-33.48182942,149.00133088,685948.113617198,6293503.297977958,2286.1066321206945,far-field,D20171215,2017-12-15,0.34497622,0
D10114819416,-33.48182105,149.00129526,685944.8214459377,6293504.289982215,2286.158099394817,far-field,D20171215,2017-12-15,0.36749405,0
D10114819417,-33.48181275,149.00125987,685941.550497665,6293505.273810627,2286.21264129246,far-field,D20171215,2017-12-15,0.80395365,1
D10114819418,-33.48180348,149.00122044,685937.9061966386,6293506.372443372,2286.2818319197786,far-field,D20171215,2017-12-15,0.8454964,1
D10114819431,-33.48168711,149.00072509,685892.1234332579,6293520.164558969,2287.6809629528952,far-field,D20171215,2017-12-15,0.3224584,0
D10114819441,-33.48159922,149.0003509,685857.5387786557,6293530.58121676,2289.397571100682,far-field,D20171215,2017-12-15,0.8964031,1
D10114819442,-33.48159107,149.00031615,685854.3269672521,6293531.5472345445,2289.584519355562,far-field,D20171215,2017-12-15,0.520214,0
D10114819445,-33.48156606,149.00020961,685844.4799223186,6293534.511482745,2290.190681177534,far-field,D20171215,2017-12-15,0.7728151,1
D10114919050,-33.48555304,149.01661037,687359.9737638582,6293062.887431043,2586.8587898895494,far-field,D20171215,2017-12-15,0.25267538,0
D10114919054,-33.485517,149.01645687,687345.7876456445,6293067.161207678,2580.052198714483,far-field,D20171215,2017-12-15,0.68437874,0
D10114919055,-33.48550799,149.01641849,687342.2406496948,6293068.229657511,2578.3607265408414,far-field,D20171215,2017-12-15,0.86927766,1
D10114919060,-33.48546249,149.01622471,687324.3319322236,6293073.625182861,2569.885739811335,far-field,D20171215,2017-12-15,0.8640755,1
D10114919061,-33.48545302,149.01618439,687320.6056510074,6293074.748138053,2568.136168663285,far-field,D20171215,2017-12-15,0.770437,1
D10114919064,-33.48542446,149.01606282,687309.3704423027,6293078.134730007,2562.89007312465,far-field,D20171215,2017-12-15,0.9065101,1
D10114919065,-33.48541475,149.0160215,687305.5517511988,6293079.286098946,2561.1170226969816,far-field,D20171215,2017-12-15,0.86073124,1
D10114919067,-33.4853949,149.01593704,687297.7461715504,6293081.639801758,2557.5085379462444,far-field,D20171215,2017-12-15,0.3445303,0
D10114919071,-33.48535535,149.01576877,687282.1950792789,6293086.329380643,2550.3820137543153,far-field,D20171215,2017-12-15,0.24769619,0
D10114919072,-33.48534566,149.01572752,687278.3828438949,6293087.4783943,2548.647313039642,far-field,D20171215,2017-12-15,0.37106124,0
D10114919073,-33.48533632,149.01568775,687274.707381088,6293088.585922382,2546.9794301125726,far-field,D20171215,2017-12-15,0.8177021,1
D10114919074,-33.48532731,149.01564938,687271.1613001152,6293089.654327315,2545.374609627894,far-field,D20171215,2017-12-15,0.7430143,0
D10114919080,-33.48527322,149.01541901,687249.8709253708,6293096.068326283,2535.831316960868,far-field,D20171215,2017-12-15,0.7141796,0
D10114919088,-33.48520072,149.01511027,687221.3377175608,6293104.665240309,2523.2928340427557,far-field,D20171215,2017-12-15,0.3115339,0
D10114919090,-33.48518328,149.01503597,687214.4710191553,6293106.733287692,2520.31801498941,far-field,D20171215,2017-12-15,0.33323425,0
D10114919091,-33.48517435,149.01499794,687210.9563480027,6293107.792184928,2518.802202980836,far-field,D20171215,2017-12-15,0.5095125,0
D10114919092,-33.48516534,149.01495954,687207.4074665302,6293108.860619891,2517.275561550771,far-field,D20171215,2017-12-15,0.8387337,1
D10114919098,-33.48511155,149.01473045,687186.2353119529,6293115.23889703,2508.265449433502,far-field,D20171215,2017-12-15,0.34965813,0
D10114919105,-33.48504219,149.01443535,687158.9627273941,6293123.4628085755,2496.9058923755456,far-field,D20171215,2017-12-15,0.6171225,0
D10114919106,-33.48503159,149.0143903,687154.799312524,6293124.719539571,2495.196788873063,far-field,D20171215,2017-12-15,0.7027348,0
D10114919110,-33.48498395,149.01418791,687136.0949339003,6293130.367548433,2487.5994632955053,far-field,D20171215,2017-12-15,0.16252972,0
D10114919159,-33.48444702,149.01190573,686925.1796104977,6293194.023289554,2411.2226755717825,far-field,D20171215,2017-12-15,0.4105975,0
D10114919203,-33.48404852,149.01020892,686768.3600622097,6293241.269824583,2366.091148557572,far-field,D20171215,2017-12-15,0.87708086,1
D10114919204,-33.48403881,149.0101676,686764.541254157,6293242.420973454,2365.123375909329,far-field,D20171215,2017-12-15,0.69864744,0
D10114919207,-33.48400945,149.01004269,686752.9970401762,6293245.901626069,2362.23698980383,far-field,D20171215,2017-12-15,0.70652497,0
D10114919209,-33.48398987,149.0099594,686745.2993588964,6293248.222822553,2360.3448719593675,far-field,D20171215,2017-12-15,0.7298603,0
D10114919210,-33.48398008,149.00991773,686741.4481938706,6293249.383463406,2359.407385700293,far-field,D20171215,2017-12-15,0.2399673,0
D10114919211,-33.48397026,149.00987596,686737.5877999121,6293250.547609465,2358.4747894969346,far-field,D20171215,2017-12-15,0.41475922,0
D10114919212,-33.48395998,149.00983224,686733.5471889146,6293251.766274176,2357.505796919056,far-field,D20171215,2017-12-15,0.017092748,0
D10114919216,-33.48391869,149.00965667,686717.3209823192,6293256.661009163,2353.6874677041324,far-field,D20171215,2017-12-15,0.26880202,0
D10114919217,-33.48390837,149.00961281,686713.267443037,6293257.884352824,2352.7521814293864,far-field,D20171215,2017-12-15,0.32104638,0
D10114919218,-33.48389822,149.00956965,686709.2785854532,6293259.087583274,2351.8383815017623,far-field,D20171215,2017-12-15,0.2884215,0
D10114919220,-33.48387825,149.00948468,686701.4256081011,6293261.455015171,2350.058681206807,far-field,D20171215,2017-12-15,0.61704814,0
D10114919221,-33.48386815,149.00944173,686697.4561547867,6293262.652318071,2349.170031510228,far-field,D20171215,2017-12-15,0.3494352,0
D10114919222,-33.48385827,149.0093997,686693.5717194703,6293263.823567442,2348.306817919917,far-field,D20171215,2017-12-15,0.6976813,0
D10114919223,-33.48384843,149.00935785,686689.7039239646,6293264.990055619,2347.4541780230816,far-field,D20171215,2017-12-15,0.21209869,0
D10114919228,-33.48380191,149.00915984,686671.4036609067,6293270.505057343,2343.5065124084886,far-field,D20171215,2017-12-15,0.7380351,0
D10114919229,-33.48379272,149.00912072,686667.7881512982,6293271.594544449,2342.7441690991122,far-field,D20171215,2017-12-15,0.23922414,0
D10114919230,-33.48378353,149.00908158,686664.1707824445,6293272.684066132,2341.986815561969,far-field,D20171215,2017-12-15,0.8102705,1
D10114919231,-33.4837743,149.00904232,686660.5423476717,6293273.7782380525,2341.2341842257156,far-field,D20171215,2017-12-15,0.5496433,0
D10114919232,-33.48376466,149.00900129,686656.7503144001,6293274.921058854,2340.4533133922205,far-field,D20171215,2017-12-15,0.6952289,0
D10114919233,-33.48375491,149.00895979,686652.9148415237,6293276.076921848,2339.6700084072404,far-field,D20171215,2017-12-15,0.43779728,0
D10114919235,-33.48373502,149.00887519,686645.096049784,6293278.434769605,2338.0950337474023,far-field,D20171215,2017-12-15,0.49286562,0
D10114919236,-33.48372495,149.00883239,686641.1404582236,6293279.628452092,2337.3094390001675,far-field,D20171215,2017-12-15,0.2778686,0
D10114919241,-33.48367445,149.00861761,686621.2903272253,6293285.614876309,2333.4702635063695,far-field,D20171215,2017-12-15,0.48342746,0
D10114919245,-33.48363273,149.00844021,686604.8948866324,6293290.560392448,2330.434442217188,far-field,D20171215,2017-12-15,0.45697087,0
D10114919246,-33.4836215,149.0083925,686600.485511229,6293291.891524101,2329.639769495599,far-field,D20171215,2017-12-15,0.26070154,0
D10114919248,-33.4835992,149.00829775,686591.728673869,6293294.53483343,2328.0875608767087,far-field,D20171215,2017-12-15,0.533591,0
D10114919252,-33.48355523,149.00811092,686574.4617455761,6293299.746763921,2325.1290957859483,far-field,D20171215,2017-12-15,0.2363258,0
D10114919253,-33.48354437,149.00806476,686570.1956033155,6293301.034063783,2324.418757219172,far-field,D20171215,2017-12-15,0.051426873,0
D10114919256,-33.48351191,149.0079268,686557.4452342066,6293304.881709631,2322.3456383140356,far-field,D20171215,2017-12-15,0.08836207,0
D10114919263,-33.48343826,149.0076137,686528.50821923,6293313.6118844515,2317.9158524029044,far-field,D20171215,2017-12-15,0.3549346,0
D10114919264,-33.4834273,149.00756715,686524.2060393507,6293314.910953842,2317.291216709809,far-field,D20171215,2017-12-15,0.08672711,0
D10114919267,-33.48339426,149.00742673,686511.2282838093,6293318.827277111,2315.456614863261,far-field,D20171215,2017-12-15,0.6261147,0
D10114919273,-33.48332659,149.00713926,686484.660056111,6293326.848105708,2311.947188819451,far-field,D20171215,2017-12-15,0.6281956,0
D10114919281,-33.483242,149.00677966,686451.4253275555,6293336.874784511,2308.013318289826,far-field,D20171215,2017-12-15,0.24301428,0
D10114919292,-33.48313397,149.00632013,686408.954695952,6293349.680208815,2303.7076473763937,far-field,D20171215,2017-12-15,0.5154578,0
D10114919301,-33.4830533,149.00597668,686377.2121786661,6293359.242910046,2300.667570661839,far-field,D20171215,2017-12-15,0.3101962,0
D10114919302,-33.48304457,149.00593949,686373.7749702024,6293360.277806448,2300.33783035913,far-field,D20171215,2017-12-15,0.8956599,1
D10114919320,-33.48287335,149.00521098,686306.4442607729,6293380.573199065,2293.8999775617535,far-field,D20171215,2017-12-15,0.64179546,0
D10114919331,-33.48275567,149.00471085,686260.2211418571,6293394.520965552,2289.494057578868,far-field,D20171215,2017-12-15,0.47465813,0
D10114919337,-33.48268928,149.00442877,686234.1506681963,6293402.389466824,2287.0106985477078,far-field,D20171215,2017-12-15,0.64239,0
D10114919338,-33.48267802,149.00438095,686229.7310424853,6293403.723948587,2286.59022853881,far-field,D20171215,2017-12-15,0.18898633,0
D10114919339,-33.48266682,149.00433336,686225.3326602501,6293405.051361891,2286.171173208578,far-field,D20171215,2017-12-15,0.25393876,0
D10114919343,-33.48262479,149.00415473,686208.8232161629,6293410.032770783,2284.5972441249914,far-field,D20171215,2017-12-15,0.4032402,0
D10114919356,-33.48249174,149.00358907,686156.5432665441,6293425.802047491,2279.692316316136,far-field,D20171215,2017-12-15,0.6568817,0
D10114919402,-33.48206381,149.00176809,685988.2410978266,6293476.52189346,2271.8562308844917,far-field,D20171215,2017-12-15,0.29377228,0
D10114919405,-33.48203748,149.00165597,685977.8784330168,6293479.642662533,2271.8153463725685,far-field,D20171215,2017-12-15,0.8122771,1
D10114919406,-33.48202826,149.00161673,685974.2516943746,6293480.735424453,2271.8137443494393,far-field,D20171215,2017-12-15,0.43036562,0
D10114919407,-33.48201932,149.00157867,685970.7340101072,6293481.795020115,2271.817929359259,far-field,D20171215,2017-12-15,0.4963585,0
D10114919408,-33.4820105,149.00154114,685967.2653198539,6293482.840357456,2271.828352417621,far-field,D20171215,2017-12-15,0.68653387,0
D10114919410,-33.48199327,149.00146777,685960.4841072996,6293484.88253347,2271.8640387315763,far-field,D20171215,2017-12-15,0.3029132,0
D10114919412,-33.48197608,149.00139453,685953.714887134,6293486.920035877,2271.9206592393425,far-field,D20171215,2017-12-15,0.26612663,0
D10114919413,-33.48196752,149.00135807,685950.3450695733,6293487.93461728,2271.957317271938,far-field,D20171215,2017-12-15,0.49695304,0
D10114919414,-33.48195898,149.0013217,685946.9835720438,6293488.946818339,2271.9994350067923,far-field,D20171215,2017-12-15,0.047934007,0
D10114919415,-33.48195063,149.00128613,685943.6960093009,6293489.936514962,2272.045640071052,far-field,D20171215,2017-12-15,0.078998215,0
D10114919417,-33.48193307,149.00121138,685936.7872538577,6293492.017741451,2272.1609864922816,far-field,D20171215,2017-12-15,0.87470275,1
D10114919437,-33.48175411,149.00044958,685866.3778719719,6293513.227941298,2274.641558771478,far-field,D20171215,2017-12-15,0.39127526,0
D10115019047,-33.48569846,149.01666883,687365.092773389,6293046.65542263,2578.8501457201874,far-field,D20171215,2017-12-15,0.5659929,0
D10115019053,-33.48564457,149.01643931,687343.8810990085,6293053.045922723,2568.583346005278,far-field,D20171215,2017-12-15,0.88622177,1
D10115019055,-33.48562655,149.01636256,687336.7880459297,6293055.182802083,2565.1836625673463,far-field,D20171215,2017-12-15,0.738481,0
D10115019056,-33.48561754,149.01632417,687333.2401244707,6293056.251266826,2563.4892080641866,far-field,D20171215,2017-12-15,0.7022889,0
D10115019065,-33.48553295,149.01596407,687299.9605834116,6293066.281854367,2547.8087911469493,far-field,D20171215,2017-12-15,0.75029725,0
D10115019066,-33.4855233,149.01592299,687296.1640686558,6293067.426132903,2546.0439891417714,far-field,D20171215,2017-12-15,0.8683115,1
D10115019068,-33.48550379,149.01583998,687288.4925039429,6293069.739507343,2542.493851580521,far-field,D20171215,2017-12-15,0.7022146,0
D10115019072,-33.48546463,149.01567335,687273.0929826151,6293074.382863499,2535.428619134437,far-field,D20171215,2017-12-15,0.78180736,1
D10115019074,-33.48544617,149.01559474,687265.8280107145,6293076.571839542,2532.1229272998094,far-field,D20171215,2017-12-15,0.23365042,0
D10115019078,-33.48540983,149.01543997,687251.5244720168,6293080.881034987,2525.668136846098,far-field,D20171215,2017-12-15,0.5772889,0
D10115019080,-33.48539116,149.01536047,687244.1772413513,6293083.094888102,2522.380782469349,far-field,D20171215,2017-12-15,0.44916767,0
D10115019083,-33.48536319,149.01524142,687233.1748990105,6293086.411414841,2517.4947263350236,far-field,D20171215,2017-12-15,0.25193223,0
D10115019084,-33.48535394,149.01520202,687229.5336205397,6293087.5082774125,2515.8865667578384,far-field,D20171215,2017-12-15,0.67137337,0
D10115019085,-33.48534459,149.01516221,687225.8544578895,6293088.616967756,2514.266783828641,far-field,D20171215,2017-12-15,0.62708086,0
D10115019086,-33.48533614,149.0151262,687222.526467008,6293089.618995686,2512.805141771509,far-field,D20171215,2017-12-15,0.056034483,0
D10115019088,-33.48531971,149.01505614,687216.0516020696,6293091.567391501,2509.9719098305018,far-field,D20171215,2017-12-15,0.33241677,0
D10115019090,-33.485303,149.01498496,687209.4732629254,6293093.548853878,2507.1102464128467,far-field,D20171215,2017-12-15,0.35285375,0
D10115019091,-33.48529455,149.0149489,687206.140622779,6293094.550966188,2505.665158233403,far-field,D20171215,2017-12-15,0.2824019,0
D10115019096,-33.48525208,149.01476793,687189.4156272326,6293099.587115455,2498.478802058111,far-field,D20171215,2017-12-15,0.6232907,0
D10115019097,-33.48524349,149.01473132,687186.0321765589,6293100.605737995,2497.0372119092676,far-field,D20171215,2017-12-15,0.6599287,0
D10115019098,-33.48523484,149.01469448,687182.6274819043,6293101.631427868,2495.5912889016968,far-field,D20171215,2017-12-15,0.4201843,0
D10115019104,-33.48517668,149.01444697,687159.7530779131,6293108.527481625,2485.990734974455,far-field,D20171215,2017-12-15,0.6412753,0
D10115019105,-33.48516597,149.01440145,687155.5462322333,6293109.797259329,2484.2472283754946,far-field,D20171215,2017-12-15,0.54414386,0
D10115019106,-33.48515513,149.01435537,687151.2876279333,6293111.082461385,2482.4887942522196,far-field,D20171215,2017-12-15,0.7026605,0
D10115019109,-33.4851213,149.01421161,687138.0016877814,6293115.093282312,2477.0471400835013,far-field,D20171215,2017-12-15,0.9315547,1
D10115019110,-33.48510955,149.01416167,687133.3863510243,6293116.486351197,2475.172024608947,far-field,D20171215,2017-12-15,0.27445006,0
D10115019117,-33.485019,149.01377731,687097.8649193796,6293127.220901897,2461.0187437498194,far-field,D20171215,2017-12-15,0.40695602,0
D10115019206,-33.48414681,149.01006637,686754.9025532443,6293230.626393013,2350.0591080076224,far-field,D20171215,2017-12-15,0.3854043,0
D10115019208,-33.48412747,149.0099841,686747.2991528418,6293232.919141444,2348.1592144323977,far-field,D20171215,2017-12-15,0.49695304,0
D10115019209,-33.4841178,149.00994295,686743.4960575418,6293234.065540339,2347.218081622036,far-field,D20171215,2017-12-15,0.24918252,0
D10115019210,-33.48410812,149.00990176,686739.6892658938,6293235.2131186165,2346.282446674466,far-field,D20171215,2017-12-15,0.5464477,0
D10115019211,-33.48409824,149.00985972,686735.8039166831,6293236.384403738,2345.334091260117,far-field,D20171215,2017-12-15,0.10322533,0
D10115019212,-33.48408795,149.009816,686731.7633330483,6293237.604176935,2344.3563517539064,far-field,D20171215,2017-12-15,0.26285672,0
D10115019213,-33.48407772,149.00977246,686727.7393461554,6293238.816970827,2343.3880734658105,far-field,D20171215,2017-12-15,0.53983355,0
D10115019214,-33.48406752,149.0097291,686723.7320204256,6293240.026112303,2342.4320867401616,far-field,D20171215,2017-12-15,0.26612663,0
D10115019215,-33.48405736,149.0096859,686719.7394759023,6293241.230528408,2341.486449236145,far-field,D20171215,2017-12-15,0.653909,0
D10115019217,-33.48403707,149.0095996,686711.763612236,6293243.635848765,2339.6178383777706,far-field,D20171215,2017-12-15,0.14454518,0
D10115019218,-33.48402677,149.00955581,686707.7165398175,6293244.856846493,2338.680892181896,far-field,D20171215,2017-12-15,0.064283594,0
D10115019219,-33.48401652,149.0095122,686703.6860856329,6293246.071973907,2337.7542710486914,far-field,D20171215,2017-12-15,0.068593934,0
D10115019220,-33.48400631,149.00946879,686699.6741296621,6293247.282304011,2336.8397487106467,far-field,D20171215,2017-12-15,0.37626338,0
D10115019221,-33.48399614,149.00942553,686695.67602566,6293248.487926765,2335.9350453547786,far-field,D20171215,2017-12-15,0.6359245,0
D10115019222,-33.48398601,149.00938247,686691.6964198963,6293249.688752253,2335.042278119307,far-field,D20171215,2017-12-15,0.2518579,0
D10115019223,-33.48397594,149.00933961,686687.7352694479,6293250.882562582,2334.159398858156,far-field,D20171215,2017-12-15,0.039759215,0
D10115019224,-33.48396616,149.00929803,686683.8924396698,6293252.041909276,2333.310628682898,far-field,D20171215,2017-12-15,0.0980975,0
D10115019228,-33.48392941,149.00914159,686669.4341251208,6293256.398688754,2330.1718476729284,far-field,D20171215,2017-12-15,0.8196344,1
D10115019229,-33.48392022,149.00910245,686665.8167622458,6293257.4882113375,2329.4007466435905,far-field,D20171215,2017-12-15,0.584349,0
D10115019231,-33.48390179,149.00902402,686658.5682028256,6293259.67306686,2327.8747260907103,far-field,D20171215,2017-12-15,0.74710166,0
D10115019233,-33.48388246,149.00894176,686650.9656687427,6293261.964610335,2326.2995747591335,far-field,D20171215,2017-12-15,0.2527497,0
D10115019234,-33.48387279,149.00890063,686647.1644112021,6293263.110934243,2325.5222579429055,far-field,D20171215,2017-12-15,0.18549345,0
D10115019235,-33.48386312,149.00885949,686643.362223595,6293264.257274592,2324.751040925676,far-field,D20171215,2017-12-15,0.12938467,0
D10115019238,-33.48383386,149.00873497,686631.853974653,6293267.725988233,2322.45573019843,far-field,D20171215,2017-12-15,0.57327586,0
D10115019239,-33.48382376,149.00869205,686627.8872996516,6293268.923208069,2321.6799116002844,far-field,D20171215,2017-12-15,0.26657254,0
D10115019240,-33.48381362,149.00864893,686623.9021245544,6293270.1252216585,2320.906961312331,far-field,D20171215,2017-12-15,0.22874554,0
D10115019241,-33.48380345,149.00860565,686619.9021448977,6293271.330848105,2320.1376328482215,far-field,D20171215,2017-12-15,0.011296076,0
D10115019242,-33.48379322,149.00856215,686615.8818495363,6293272.543522136,2319.372544170882,far-field,D20171215,2017-12-15,0.02222057,0
D10115019244,-33.48377223,149.00847294,686607.6370284889,6293275.031613011,2317.8275244460597,far-field,D20171215,2017-12-15,0.78113854,1
D10115019248,-33.48372622,149.00827748,686589.572574265,6293280.485315231,2314.5528311951375,far-field,D20171215,2017-12-15,0.51701844,0
D10115019249,-33.48371486,149.00822921,686585.1114426487,6293281.831863127,2313.7668569357716,far-field,D20171215,2017-12-15,0.94560045,1
D10115019251,-33.48369231,149.0081334,686576.2566468085,6293284.504788082,2312.2339972412065,far-field,D20171215,2017-12-15,0.27905768,0
D10115019252,-33.48368111,149.00808584,686571.8611455692,6293285.832310115,2311.4870755737466,far-field,D20171215,2017-12-15,0.102630794,0
D10115019253,-33.48366997,149.00803851,686567.4868873466,6293287.152762931,2310.751994449651,far-field,D20171215,2017-12-15,0.43868905,0
D10115019254,-33.48365889,149.0079914,686563.1329429088,6293288.466164537,2310.028242857853,far-field,D20171215,2017-12-15,0.49977705,0
D10115019263,-33.48356041,149.00757291,686524.4558251704,6293300.139293777,2303.9884141192847,far-field,D20171215,2017-12-15,0.23164387,0
D10115019264,-33.4835493,149.00752568,686520.0907834015,6293301.456217937,2303.349830305456,far-field,D20171215,2017-12-15,0.60471165,0
D10115019266,-33.48352707,149.00743123,686511.3616473232,6293304.0911511555,2302.1006018592143,far-field,D20171215,2017-12-15,0.764343,1
D10115019270,-33.48348263,149.00724242,686493.9116826123,6293309.358613625,2299.7097688369076,far-field,D20171215,2017-12-15,0.14194411,0
D10115019273,-33.48344913,149.00710009,686480.7574235481,6293313.32933951,2298.0013971321305,far-field,D20171215,2017-12-15,0.30395362,0
D10115019274,-33.48343811,149.00705327,686476.430277476,6293314.635526149,2297.457107018561,far-field,D20171215,2017-12-15,0.4827586,0
D10115019280,-33.48337343,149.00677835,686451.0218454064,6293322.302136451,2294.435260303441,far-field,D20171215,2017-12-15,0.13674198,0
D10115019281,-33.48336337,149.0067356,686447.0708413556,6293323.494538691,2293.992818753004,far-field,D20171215,2017-12-15,0.178805,0
D10115019284,-33.48333324,149.00660743,686435.2251507599,6293327.0660469625,2292.7071065802265,far-field,D20171215,2017-12-15,0.6226962,0
D10115019286,-33.48331404,149.00652577,686427.6779972558,6293329.341915498,2291.9227593158535,far-field,D20171215,2017-12-15,0.273261,0
D10115019294,-33.48323762,149.00620061,686397.6260667009,6293338.400530845,2289.0025862300035,far-field,D20171215,2017-12-15,0.5546968,0
D10115019329,-33.48290196,149.00477253,686265.6395436532,6293378.187380286,2276.384824004634,far-field,D20171215,2017-12-15,0.6814061,0
D10115019330,-33.48289132,149.00472733,686261.4620713051,6293379.448420417,2275.987090697519,far-field,D20171215,2017-12-15,0.8672711,1
D10115019338,-33.48280109,149.00434401,686226.0348417821,6293390.142319594,2272.613721667979,far-field,D20171215,2017-12-15,0.26657254,0
D10115019345,-33.48272709,149.0040295,686196.9670519116,6293398.91281791,2269.842401639065,far-field,D20171215,2017-12-15,0.57602555,0
D10115019350,-33.48267762,149.00381913,686177.524052624,6293404.776172102,2267.9858364875217,far-field,D20171215,2017-12-15,0.37462842,0
D10115019356,-33.48261514,149.00355351,686152.97469675,6293412.181324615,2265.7131192284082,far-field,D20171215,2017-12-15,0.5701546,0
D10115019360,-33.48257542,149.00338463,686137.3662994353,6293416.888954537,2264.4089782541146,far-field,D20171215,2017-12-15,0.84780025,1
D10115019398,-33.48222142,149.00187825,685998.1408886971,6293458.846277727,2257.923838551112,far-field,D20171215,2017-12-15,0.16416469,0
D10115019400,-33.48220288,149.00179935,685990.8486148962,6293461.043658467,2257.8415346828356,far-field,D20171215,2017-12-15,0.7563912,1
D10115019411,-33.48210595,149.00138666,685952.7059049206,6293472.532151891,2257.824808231916,far-field,D20171215,2017-12-15,0.7714774,1
D10115019412,-33.4820972,149.00134941,685949.2630864033,6293473.569218544,2257.857974203771,far-field,D20171215,2017-12-15,0.30685195,0
D10115019414,-33.48207978,149.00127523,685942.4070129348,6293475.633903195,2257.9405523688433,far-field,D20171215,2017-12-15,0.095793694,0
D10115019415,-33.48207124,149.00123888,685939.0473776738,6293476.64606583,2257.9897087672502,far-field,D20171215,2017-12-15,0.6018133,0
D10115019416,-33.4820625,149.00120166,685935.6073229266,6293477.681964785,2258.0452172440246,far-field,D20171215,2017-12-15,0.65978,0
D10115019433,-33.48191207,149.00056124,685876.4165637215,6293495.510963483,2259.899674967091,far-field,D20171215,2017-12-15,0.7132878,0
D10115019460,-33.4816888,148.99961005,685788.5022135593,6293521.97348918,2265.7482611008095,far-field,D20171215,2017-12-15,0.6102111,0
D10115019467,-33.48162754,148.99934922,685764.3948331987,6293529.233759978,2268.002576451236,far-field,D20171215,2017-12-15,0.94322234,1
D10115118943,-33.48674498,149.020566,687724.9719291655,6292923.5583098065,2765.172524491038,far-field,D20171215,2017-12-15,0.889566,1
D10115118947,-33.48670883,149.02041197,687710.7371365573,6292927.845797273,2756.682879137246,far-field,D20171215,2017-12-15,0.949242,1
D10115119038,-33.48589257,149.01693494,687389.4023490823,6293024.648994596,2580.454461822884,far-field,D20171215,2017-12-15,0.5776605,0
D10115119042,-33.48585844,149.01678951,687375.9620734578,6293028.696437262,2573.7730283255305,far-field,D20171215,2017-12-15,0.540651,0
D10115119043,-33.48584943,149.01675112,687372.4141653898,6293029.764917074,2572.019212560009,far-field,D20171215,2017-12-15,0.3453478,0
D10115119044,-33.48584044,149.01671284,687368.8764350703,6293030.830979042,2570.275013415336,far-field,D20171215,2017-12-15,0.5561831,0
D10115119053,-33.48576113,149.01637498,687337.6522526799,6293040.23602205,2555.0577767536925,far-field,D20171215,2017-12-15,0.5974287,0
D10115119055,-33.4857437,149.01630068,687330.785599315,6293042.3030465655,2551.7540919910807,far-field,D20171215,2017-12-15,0.41535375,0
D10115119056,-33.48573513,149.01626417,687327.4114302043,6293043.319321898,2550.136942530191,far-field,D20171215,2017-12-15,0.931629,1
D10115119068,-33.48562345,149.0157887,687283.4696990156,6293056.562248506,2529.436569057052,far-field,D20171215,2017-12-15,0.5413942,0
D10115119073,-33.48557606,149.01558695,687264.8244477265,6293062.181637791,2520.8542932092523,far-field,D20171215,2017-12-15,0.19515458,0
D10115119074,-33.48556666,149.01554692,687261.1249626603,6293063.296283966,2519.1656316315025,far-field,D20171215,2017-12-15,0.29860285,0
D10115119078,-33.48552905,149.01538685,687246.3316823673,6293067.755872838,2512.4629346459624,far-field,D20171215,2017-12-15,0.45310643,0
D10115119079,-33.48551948,149.01534609,687242.5647252918,6293068.890680992,2510.767914102152,far-field,D20171215,2017-12-15,0.36704814,0
D10115119081,-33.48550033,149.01526459,687235.0326887277,6293071.161365651,2507.3950053348317,far-field,D20171215,2017-12-15,0.8263971,1
D10115119082,-33.48549076,149.01522387,687231.2694461864,6293072.296097114,2505.717513805597,far-field,D20171215,2017-12-15,0.313912,0
D10115119083,-33.48548104,149.0151825,687227.4461254692,6293073.448633997,2504.018178998815,far-field,D20171215,2017-12-15,0.48669738,0
D10115119084,-33.4854717,149.01514272,687223.7697342986,6293074.55616072,2502.388535552753,far-field,D20171215,2017-12-15,0.36935195,0
D10115119085,-33.48546376,149.01510886,687220.6404359494,6293075.497752978,2501.0043750550085,far-field,D20171215,2017-12-15,0.54496133,0
D10115119087,-33.48544787,149.01504112,687214.380000651,6293077.382079398,2498.2462091733487,far-field,D20171215,2017-12-15,0.28024673,0
D10115119089,-33.48543217,149.01497412,687208.1879175914,6293079.243996669,2495.5306323389764,far-field,D20171215,2017-12-15,0.17263675,0
D10115119090,-33.48542421,149.01494019,687205.0521548901,6293080.187927911,2494.1614612974813,far-field,D20171215,2017-12-15,0.19872177,0
D10115119104,-33.48530342,149.0144255,687157.4852569107,6293094.511266662,2473.8345881173736,far-field,D20171215,2017-12-15,0.55172414,0
D10115119105,-33.48529344,149.01438308,687153.564909845,6293095.694499778,2472.1984563116166,far-field,D20171215,2017-12-15,0.4649227,0
D10115119106,-33.48528329,149.01433989,687149.573376469,6293096.897971984,2470.5375240689546,far-field,D20171215,2017-12-15,0.44998515,0
D10115119109,-33.48524942,149.01419597,687136.2726740326,6293100.913515786,2465.0497976852994,far-field,D20171215,2017-12-15,0.7883472,1
D10115119110,-33.48523782,149.01414668,687131.7174217233,6293102.28877784,2463.1855626988886,far-field,D20171215,2017-12-15,0.56235135,0
D10115119117,-33.48514506,149.01375296,687095.3310291588,6293113.285277292,2448.5841451608085,far-field,D20171215,2017-12-15,0.6688466,0
D10115119208,-33.48425476,149.00996498,686745.2491146869,6293218.837636448,2334.9945120398515,far-field,D20171215,2017-12-15,0.8049197,1
D10115119209,-33.48424509,149.00992379,686741.442307885,6293219.9841067605,2334.0426691175553,far-field,D20171215,2017-12-15,0.5835315,0
D10115119210,-33.48423537,149.00988248,686737.6244566522,6293221.136336208,2333.0965759023375,far-field,D20171215,2017-12-15,0.61623067,0
D10115119212,-33.48421446,149.00979355,686729.4055525078,6293223.615159209,2331.080294831726,far-field,D20171215,2017-12-15,0.5659929,0
D10115119213,-33.48420397,149.00974897,686725.2854877943,6293224.858656246,2330.081560474852,far-field,D20171215,2017-12-15,0.6886147,0
D10115119215,-33.48418314,149.00966038,686717.0980005893,6293227.327985151,2328.1176543536794,far-field,D20171215,2017-12-15,0.13859989,0
D10115119216,-33.48417279,149.00961637,686713.0305995895,6293228.554926017,2327.1532794774616,far-field,D20171215,2017-12-15,0.15294293,0
D10115119217,-33.4841626,149.00957306,686709.0279015464,6293229.76286261,2326.211875960579,far-field,D20171215,2017-12-15,0.092598096,0
D10115119218,-33.48415254,149.00953026,686705.0723151846,6293230.955463657,2325.287592082528,far-field,D20171215,2017-12-15,0.018281808,0
D10115119220,-33.48413242,149.00944469,686697.1639275573,6293233.34060679,2323.4612787296473,far-field,D20171215,2017-12-15,0.023186682,0
D10115119222,-33.48411231,149.00935916,686689.2592319105,6293235.724562358,2321.663686354571,far-field,D20171215,2017-12-15,0.61377823,0
D10115119223,-33.48410217,149.00931602,686685.272218383,6293236.926638264,2320.767311148959,far-field,D20171215,2017-12-15,0.74427766,0
D10115119224,-33.48409307,149.0092773,686681.6936996696,6293238.005431195,2319.9687383783476,far-field,D20171215,2017-12-15,0.69366825,0
D10115119225,-33.48408399,149.00923864,686678.1207127962,6293239.081896936,2319.17655832693,far-field,D20171215,2017-12-15,0.3248365,0
D10115119232,-33.48401943,149.00896379,686652.7188579892,6293246.735621573,2313.7108982641676,far-field,D20171215,2017-12-15,0.47963732,0
D10115119233,-33.48400976,149.00892265,686648.9166775085,6293247.881964453,2312.9185016530096,far-field,D20171215,2017-12-15,0.34571937,0
D10115119235,-33.48399042,149.00884037,686641.312314094,6293250.174645592,2311.3533577256585,far-field,D20171215,2017-12-15,0.045853153,0
D10115119238,-33.48396124,149.00871624,686629.8401508642,6293253.633784657,2309.042121839217,far-field,D20171215,2017-12-15,0.058858503,0
D10115119239,-33.48395138,149.00867429,686625.9631038865,6293254.802644869,2308.2744271611236,far-field,D20171215,2017-12-15,0.34832045,0
D10115119240,-33.48394148,149.00863218,686622.0712738847,6293255.976226985,2307.510930384296,far-field,D20171215,2017-12-15,0.15978003,0
D10115119241,-33.48393154,149.00858988,686618.161873092,6293257.154584931,2306.7504801478453,far-field,D20171215,2017-12-15,0.26969382,0
D10115119242,-33.48392154,149.00854737,686614.2330859122,6293258.339972555,2305.994343592326,far-field,D20171215,2017-12-15,0.24189952,0
D10115119244,-33.48390047,149.00845779,686605.9540663261,6293260.837599446,2304.4237998742447,far-field,D20171215,2017-12-15,0.22829965,0
D10115119245,-33.48388886,149.00840848,686601.3968401011,6293262.213749089,2303.5738572086375,far-field,D20171215,2017-12-15,0.18036564,0
D10115119246,-33.48387725,149.00835918,686596.8405419486,6293263.589878544,2302.7338443133413,far-field,D20171215,2017-12-15,0.14298454,0
D10115119249,-33.48384243,149.00821124,686583.1679019617,6293267.717216589,2300.268440784154,far-field,D20171215,2017-12-15,0.42211652,0
D10115119251,-33.48381921,149.00811262,686574.0534365484,6293270.469491545,2298.673588379495,far-field,D20171215,2017-12-15,0.3842152,0
D10115119258,-33.48373891,149.00777152,686542.5288957501,6293279.987500703,2293.452397562214,far-field,D20171215,2017-12-15,0.35225922,0
D10115119259,-33.48372781,149.00772434,686538.1684900764,6293281.303234772,2292.765810744373,far-field,D20171215,2017-12-15,0.8307075,1
D10115119261,-33.48370569,149.00763037,686529.4837447728,6293283.925124308,2291.4258556576124,far-field,D20171215,2017-12-15,0.7430886,0
D10115119266,-33.48365005,149.00739397,686507.6355270608,6293290.520167936,2288.20974937652,far-field,D20171215,2017-12-15,0.20934899,0
D10115119271,-33.48359309,149.007152,686485.2725182113,6293297.271550428,2285.1500946120063,far-field,D20171215,2017-12-15,0.3882283,0
D10115119272,-33.48358189,149.00710441,686480.8742133847,6293298.599084085,2284.5756695534947,far-field,D20171215,2017-12-15,0.090368606,0
D10115119273,-33.48357104,149.00705828,686476.6108281278,6293299.885179196,2284.0268927248876,far-field,D20171215,2017-12-15,0.13741082,0
D10115119275,-33.48354921,149.00696552,686468.037870531,6293302.472678291,2282.9505506584565,far-field,D20171215,2017-12-15,0.022740785,0
D10115119280,-33.48349515,149.00673575,686446.8022855616,6293308.8804544285,2280.4322098634916,far-field,D20171215,2017-12-15,0.19136445,0
D10115119282,-33.48347444,149.0066477,686438.6645917249,6293311.335263046,2279.522962227073,far-field,D20171215,2017-12-15,0.69827586,0
D10115119283,-33.48346425,149.00660437,686434.6599729358,6293312.54311859,2279.0868598234597,far-field,D20171215,2017-12-15,0.2468044,0
D10115119286,-33.48343497,149.00647981,686423.1479317589,6293316.013867017,2277.8741596381797,far-field,D20171215,2017-12-15,0.51122177,0
D10115119287,-33.48342564,149.00644011,686419.478785867,6293317.119826136,2277.5006216515767,far-field,D20171215,2017-12-15,0.5471165,0
D10115119289,-33.48340724,149.0063618,686412.2412233988,6293319.3009496275,2276.782130390009,far-field,D20171215,2017-12-15,0.6870541,0
D10115119291,-33.48338834,149.00628138,686404.808656599,6293321.541304661,2276.0677239578717,far-field,D20171215,2017-12-15,0.47198275,0
D10115119294,-33.48336038,149.00616239,686393.8113627293,6293324.855631821,2275.0156846310883,far-field,D20171215,2017-12-15,0.27199763,0
D10115119295,-33.4833511,149.00612287,686390.1588302065,6293325.955711466,2274.665614150372,far-field,D20171215,2017-12-15,0.8233502,1
D10115119307,-33.48324592,149.00567498,686348.7637328687,6293338.423914786,2270.6988381620317,far-field,D20171215,2017-12-15,0.03307075,0
D10115119310,-33.4832179,149.00555573,686337.7423719781,6293341.745296799,2269.6443125961164,far-field,D20171215,2017-12-15,0.7966706,1
D10115119313,-33.4831899,149.00543658,686326.7302539463,6293345.064268449,2268.59101906596,far-field,D20171215,2017-12-15,0.26716706,0
D10115119316,-33.48316162,149.00531622,686315.606288638,6293348.4164499175,2267.526563875799,far-field,D20171215,2017-12-15,0.5924495,0
D10115119325,-33.48307111,149.00493133,686280.0339291585,6293359.144424381,2264.1303530812393,far-field,D20171215,2017-12-15,0.4420333,0
D10115119328,-33.48303833,149.00479206,686267.1623425768,6293363.029515488,2262.9044780063086,far-field,D20171215,2017-12-15,0.5587842,0
D10115119329,-33.48302718,149.00474467,686262.7824615076,6293364.351043295,2262.4869054870646,far-field,D20171215,2017-12-15,0.39328182,0
D10115119333,-33.48298283,149.00455627,686245.370185155,6293369.607328777,2260.829189180708,far-field,D20171215,2017-12-15,0.18214923,0
D10115119337,-33.48293559,149.00435567,686226.8303820526,6293375.205958769,2259.065959082479,far-field,D20171215,2017-12-15,0.4111177,0
D10115119338,-33.4829238,149.0043056,686222.2028194932,6293376.6032491075,2258.6257280739305,far-field,D20171215,2017-12-15,0.12745243,0
D10115119341,-33.48289239,149.0041721,686209.864441019,6293380.325982784,2257.4493217985073,far-field,D20171215,2017-12-15,0.42717004,0
D10115119342,-33.4828819,149.00412748,686205.7405379664,6293381.569323591,2257.0552718129306,far-field,D20171215,2017-12-15,0.7285226,0
D10115119344,-33.4828609,149.00403824,686197.4927717875,6293384.05821768,2256.2692377975613,far-field,D20171215,2017-12-15,0.7345422,0
D10115119367,-33.48263385,149.00307259,686108.2445291898,6293410.968867468,2248.5122372552264,far-field,D20171215,2017-12-15,0.37626338,0
D10115119397,-33.48235233,149.00187474,685997.5347754181,6293444.335251024,2243.904356608136,far-field,D20171215,2017-12-15,0.773038,1
D10115119399,-33.4823335,149.00179463,685990.1306916678,6293446.566959635,2243.808648416798,far-field,D20171215,2017-12-15,0.87685794,1
D10115119400,-33.48232466,149.00175699,685986.6518368766,6293447.614719659,2243.7720961563205,far-field,D20171215,2017-12-15,0.79265755,1
D10115119411,-33.4822268,149.00134039,685948.1478220979,6293459.213336087,2243.762342220037,far-field,D20171215,2017-12-15,0.6870541,0
D10115119416,-33.48218308,149.00115426,685930.9448322937,6293464.395107827,2243.9906076965185,far-field,D20171215,2017-12-15,0.37239894,0
D10115119435,-33.48201662,149.00044551,685865.4387091121,6293484.124090287,2246.173168614584,far-field,D20171215,2017-12-15,0.5379013,0
D10115119452,-33.48187726,148.99985173,685810.5582771779,6293500.641550384,2249.5912608519475,far-field,D20171215,2017-12-15,0.6546522,0
D10115119467,-33.4817491,148.99930594,685760.1133313845,6293515.8307799585,2254.020843093514,far-field,D20171215,2017-12-15,0.9042063,1
D10115218937,-33.48691974,149.02074937,687741.6338088555,6292903.8464352675,2766.1574553841283,far-field,D20171215,2017-12-15,0.5705262,0
D10115218943,-33.48686488,149.0205157,687720.0391190815,6292910.352864778,2753.12825958668,far-field,D20171215,2017-12-15,0.3289239,0
D10115219032,-33.48605963,149.01708584,687403.0644528479,6293005.850268862,2577.0534661692445,far-field,D20171215,2017-12-15,0.13421522,0
D10115219033,-33.48605122,149.01705,687399.752216397,6293006.847617316,2575.3742908611744,far-field,D20171215,2017-12-15,0.13629608,0
D10115219034,-33.48604281,149.01701416,687396.4399793259,6293007.844964601,2573.6986679299484,far-field,D20171215,2017-12-15,0.7190101,0
D10115219036,-33.48602599,149.01694248,687389.8155033237,6293009.839655665,2570.358106977423,far-field,D20171215,2017-12-15,0.34965813,0
D10115219037,-33.48601758,149.01690663,687386.5023351606,6293010.837017497,2568.6925327927415,far-field,D20171215,2017-12-15,0.7025119,0
D10115219038,-33.48600917,149.01687076,687383.1873079182,6293011.834414272,2567.0292418061863,far-field,D20171215,2017-12-15,0.08085612,0
D10115219042,-33.48597344,149.01671859,687369.1241944343,6293016.071450323,2560.0173383290426,far-field,D20171215,2017-12-15,0.38859987,0
D10115219044,-33.48595513,149.01664062,687361.9184322448,6293018.242712014,2556.4499536795215,far-field,D20171215,2017-12-15,0.886519,1
D10115219046,-33.48593695,149.0165632,687354.7634947475,6293020.398558861,2552.9246787991447,far-field,D20171215,2017-12-15,0.4739893,0
D10115219047,-33.48592804,149.01652522,687351.2534709934,6293021.455201225,2551.2008124785443,far-field,D20171215,2017-12-15,0.68348694,0
D10115219048,-33.48591933,149.01648812,687347.8247880164,6293022.488074603,2549.5213679176945,far-field,D20171215,2017-12-15,0.88622177,1
D10115219052,-33.48588449,149.01633969,687334.1072617755,6293026.61960974,2542.8409987061737,far-field,D20171215,2017-12-15,0.5984691,0
D10115219053,-33.48587579,149.01630259,687330.6785539364,6293027.651367895,2541.1804479106545,far-field,D20171215,2017-12-15,0.88807964,1
D10115219064,-33.48577942,149.01589203,687292.7355756466,6293039.079364449,2523.078116918144,far-field,D20171215,2017-12-15,0.11637931,0
D10115219066,-33.4857614,149.0158153,687285.6443826397,6293041.216170119,2519.7503919260726,far-field,D20171215,2017-12-15,0.10909631,0
D10115219067,-33.48575239,149.01577692,687282.0973912177,6293042.284598012,2518.0921100747373,far-field,D20171215,2017-12-15,0.35508323,0
D10115219073,-33.48569623,149.01553781,687259.9994366976,6293048.943950115,2507.861654378786,far-field,D20171215,2017-12-15,0.1601516,0
D10115219074,-33.48568664,149.015497,687256.2278853077,6293050.081072161,2506.1330388982515,far-field,D20171215,2017-12-15,0.20243758,0
D10115219075,-33.48567708,149.01545633,687252.469277783,6293051.214613229,2504.4155696380453,far-field,D20171215,2017-12-15,0.08962545,0
D10115219076,-33.48566754,149.01541572,687248.7162017962,6293052.34582663,2502.7051111691976,far-field,D20171215,2017-12-15,0.03307075,0
D10115219077,-33.48565797,149.01537497,687244.9501803372,6293053.48061798,2500.9935136913437,far-field,D20171215,2017-12-15,0.13845125,0
D10115219079,-33.48563882,149.01529345,687237.4162980707,6293055.751341186,2497.584986037413,far-field,D20171215,2017-12-15,0.44879606,0
D10115219081,-33.48561968,149.01521202,687229.8907541716,6293058.020787032,2494.2012788192787,far-field,D20171215,2017-12-15,0.588585,0
D10115219083,-33.4856011,149.01513291,687222.5795838083,6293060.223940157,2490.9320905703407,far-field,D20171215,2017-12-15,0.78700954,1
D10115219084,-33.48559317,149.01509906,687219.4511978375,6293061.164405251,2489.537407822879,far-field,D20171215,2017-12-15,0.5271254,0
D10115219085,-33.48558523,149.0150652,687216.3219036056,6293062.105996301,2488.146463569417,far-field,D20171215,2017-12-15,0.6378567,0
D10115219088,-33.48556141,149.01496363,687206.9349468282,6293064.930745153,2483.995350353036,far-field,D20171215,2017-12-15,0.16327289,0
D10115219089,-33.48555347,149.01492977,687203.8056503844,6293065.872332031,2482.618501459018,far-field,D20171215,2017-12-15,0.25624257,0
D10115219090,-33.48554554,149.01489592,687200.677261094,6293066.812790871,2481.244950262552,far-field,D20171215,2017-12-15,0.1519025,0
D10115219105,-33.48542147,149.01436705,687151.7998276367,6293081.52541866,2460.263048697207,far-field,D20171215,2017-12-15,0.72651607,0
D10115219106,-33.48541193,149.01432643,687148.0458010517,6293082.656609844,2458.688857954153,far-field,D20171215,2017-12-15,0.8074465,1
D10115219107,-33.48540104,149.01428016,687143.7696603446,6293083.947696509,2456.904079409739,far-field,D20171215,2017-12-15,0.5017093,0
D10115219109,-33.48537867,149.01418509,687134.9835485969,6293086.5998541955,2453.257903445924,far-field,D20171215,2017-12-15,0.42434603,0
D10115219212,-33.48434072,149.00977008,686726.9535307621,6293209.655699877,2317.7928491364773,far-field,D20171215,2017-12-15,0.5415428,0
D10115219214,-33.48431926,149.00967884,686718.5211593052,6293212.199662371,2315.7378326790777,far-field,D20171215,2017-12-15,0.64402497,0
D10115219216,-33.4842981,149.0095889,686710.208941866,6293214.708010041,2313.743677286343,far-field,D20171215,2017-12-15,0.40450355,0
D10115219217,-33.48428804,149.0095461,686706.2533619405,6293215.900611878,2312.8046315954207,far-field,D20171215,2017-12-15,0.085760996,0
D10115219218,-33.48427798,149.00950331,686702.2987103804,6293217.09319406,2311.873031478638,far-field,D20171215,2017-12-15,0.043920927,0
D10115219219,-33.48426792,149.00946052,686698.34405793,6293218.285774576,2310.9484368418084,far-field,D20171215,2017-12-15,0.2769025,0
D10115219220,-33.48425786,149.00941774,686694.3903338454,6293219.478335438,2310.0312989799513,far-field,D20171215,2017-12-15,0.38926873,0
D10115219221,-33.4842478,149.00937498,686690.4384673665,6293220.670858661,2309.1220634261686,far-field,D20171215,2017-12-15,0.2207937,0
D10115219222,-33.48423777,149.0093323,686686.4939695892,6293221.85990946,2308.2204391420173,far-field,D20171215,2017-12-15,0.63882285,0
D10115219224,-33.48421912,149.00925294,686679.1594934633,6293224.070851737,2306.5625648985597,far-field,D20171215,2017-12-15,0.83784187,1
D10115219225,-33.48421004,149.00921428,686675.5865116525,6293225.147316774,2305.7632023095593,far-field,D20171215,2017-12-15,0.91223246,1
D10115219230,-33.48416449,149.00902033,686657.6615125654,6293230.5474248575,2301.839778935353,far-field,D20171215,2017-12-15,0.15279429,0
D10115219231,-33.48415512,149.00898048,686653.978568258,6293231.658181472,2301.0527683578966,far-field,D20171215,2017-12-15,0.9754756,1
D10115219232,-33.4841459,149.00894121,686650.3491976653,6293232.75125928,2300.2818983933903,far-field,D20171215,2017-12-15,0.7493312,0
D10115219233,-33.48413648,149.0089011,686646.6421986771,6293233.868025357,2299.5009948798206,far-field,D20171215,2017-12-15,0.6688466,0
D10115219234,-33.48412702,149.00886085,686642.9222752731,6293234.989477549,2298.7243548707584,far-field,D20171215,2017-12-15,0.35716408,0
D10115219235,-33.48411752,149.00882045,686639.1884981964,6293236.115633819,2297.9516295383432,far-field,D20171215,2017-12-15,0.07721463,0
D10115219240,-33.48406918,149.00861477,686620.1794397554,6293241.846161903,2294.1138365321917,far-field,D20171215,2017-12-15,0.15301724,0
D10115219242,-33.48404989,149.00853267,686612.5916950359,6293244.132951917,2292.627581426975,far-field,D20171215,2017-12-15,0.64662606,0
D10115219254,-33.48391265,149.00794966,686558.7099240931,6293260.400326086,2282.862678074839,far-field,D20171215,2017-12-15,0.32372177,0
D10115219255,-33.48390103,149.00790034,686554.1517849643,6293261.777580063,2282.0993799925373,far-field,D20171215,2017-12-15,0.28500298,0
D10115219256,-33.48388943,149.00785105,686549.5963895137,6293263.152559994,2281.344915550301,far-field,D20171215,2017-12-15,0.13763377,0
D10115219258,-33.48386622,149.00775246,686540.4846872806,6293265.903640155,2279.8656479788815,far-field,D20171215,2017-12-15,0.5177616,0
D10115219259,-33.48385461,149.00770315,686535.9274512415,6293267.279758356,2279.1404851843613,far-field,D20171215,2017-12-15,0.78180736,1
D10115219261,-33.48383105,149.00760308,686526.678963371,6293270.072298411,2277.6985610133897,far-field,D20171215,2017-12-15,0.27942926,0
D10115219264,-33.4837959,149.00745379,686512.8815490319,6293274.238556726,2275.6221276973024,far-field,D20171215,2017-12-15,0.26746434,0
D10115219265,-33.48378441,149.00740498,686508.3705111176,6293275.600455597,2274.962409796257,far-field,D20171215,2017-12-15,0.082193814,0
D10115219266,-33.48377279,149.00735565,686503.8114297212,6293276.977703102,2274.3061580394005,far-field,D20171215,2017-12-15,0.064283594,0
D10115219267,-33.48376083,149.00730486,686499.117405419,6293278.395276259,2273.6403081626495,far-field,D20171215,2017-12-15,0.6048603,0
D10115219271,-33.48371412,149.00710646,686480.7811970565,6293283.931681384,2271.137933135452,far-field,D20171215,2017-12-15,0.11838585,0
D10115219272,-33.4837034,149.00706089,686476.5695778455,6293285.202354241,2270.584702078159,far-field,D20171215,2017-12-15,0.39038348,0
D10115219275,-33.48367153,149.00692543,686464.0502490617,6293288.979956156,2268.990149698204,far-field,D20171215,2017-12-15,0.24591261,0
D10115219276,-33.48366087,149.00688014,686459.86451631,6293290.24346477,2268.474047194003,far-field,D20171215,2017-12-15,0.1961207,0
D10115219277,-33.48365018,149.00683468,686455.6630495759,6293291.5106037725,2267.9633362803643,far-field,D20171215,2017-12-15,0.6878716,0
D10115219286,-33.48355776,149.00644173,686419.346142837,6293302.46539815,2263.900279112796,far-field,D20171215,2017-12-15,0.5473395,0
D10115219288,-33.48353888,149.0063614,686411.9219110407,6293304.703379805,2263.1456644158225,far-field,D20171215,2017-12-15,0.47919145,0
D10115219291,-33.48351066,149.00624129,686400.8211194765,6293308.048560316,2262.0643504723894,far-field,D20171215,2017-12-15,0.33405173,0
D10115219301,-33.48342045,149.00585723,686365.3254724507,6293318.742101291,2258.6649899532877,far-field,D20171215,2017-12-15,0.3559007,0
D10115219303,-33.48340338,149.00578454,686358.6072909349,6293320.765602067,2258.021191109693,far-field,D20171215,2017-12-15,0.47465813,0
D10115219304,-33.48339494,149.00574859,686355.2847012632,6293321.766106387,2257.7025559330314,far-field,D20171215,2017-12-15,0.4712396,0
D10115219306,-33.48337765,149.00567493,686348.4768494873,6293323.81573849,2257.0493509250673,far-field,D20171215,2017-12-15,0.33271402,0
D10115219307,-33.48336852,149.00563606,686344.8843935452,6293324.897999481,2256.7052936506993,far-field,D20171215,2017-12-15,0.06629013,0
D10115219309,-33.48335044,149.0055591,686337.771575802,6293327.041155845,2256.024411332926,far-field,D20171215,2017-12-15,0.4830559,0
D10115219310,-33.48334128,149.00552011,686334.1680308812,6293328.1269550305,2255.6794751599814,far-field,D20171215,2017-12-15,0.42211652,0
D10115219311,-33.48333209,149.00548099,686330.5524691648,6293329.216313073,2255.333331273216,far-field,D20171215,2017-12-15,0.17835909,0
D10115219313,-33.48331344,149.00540165,686323.2197037262,6293331.426941389,2254.6325063705017,far-field,D20171215,2017-12-15,0.32951844,0
D10115219314,-33.48330409,149.00536183,686319.5394345705,6293332.5352950515,2254.279703567279,far-field,D20171215,2017-12-15,0.39796373,0
D10115219320,-33.48324774,149.00512207,686297.3802814654,6293339.2146182805,2252.1608764734037,far-field,D20171215,2017-12-15,0.36779132,0
D10115219323,-33.48321793,149.00499529,686285.6630088331,6293342.747958187,2251.0418414373758,far-field,D20171215,2017-12-15,0.22703627,0
D10115219324,-33.48320786,149.00495244,686281.7027089414,6293343.94157985,2250.6630594651097,far-field,D20171215,2017-12-15,0.34698275,0
D10115219325,-33.48319778,149.00490957,686277.7405710651,6293345.136344692,2250.284647906426,far-field,D20171215,2017-12-15,0.15034185,0
D10115219335,-33.48308281,149.00442125,686232.6092451282,6293358.76226354,2245.989840812558,far-field,D20171215,2017-12-15,0.90613854,1
D10115219340,-33.48302684,149.00418348,686210.6340919326,6293365.395671249,2243.8974573575024,far-field,D20171215,2017-12-15,0.60277945,0
D10115219341,-33.48301606,149.00413771,686206.4039515373,6293366.673235452,2243.495289267155,far-field,D20171215,2017-12-15,0.46559155,0
D10115219343,-33.48299467,149.00404678,686197.9999885887,6293369.208411634,2242.6935787730836,far-field,D20171215,2017-12-15,0.014045779,0
D10115219344,-33.48298495,149.00400546,686194.181096486,6293370.360438316,2242.329271780695,far-field,D20171215,2017-12-15,0.5152348,0
D10115219398,-33.48246398,149.00178933,685989.3591708099,6293432.106825181,2229.781371073637,far-field,D20171215,2017-12-15,0.8527051,1
D10115219399,-33.48245489,149.00175065,685985.784212334,6293433.184172513,2229.7385246917684,far-field,D20171215,2017-12-15,0.9450803,1
D10115219400,-33.48244587,149.00171225,685982.2351228719,6293434.253254107,2229.7017236059896,far-field,D20171215,2017-12-15,0.40205112,0
D10115219411,-33.48234717,149.00129209,685943.40213565,6293445.951384768,2229.7021737655527,far-field,D20171215,2017-12-15,0.41877228,0
D10115219415,-33.48231208,149.00114273,685929.5976320668,6293450.110257626,2229.880418536284,far-field,D20171215,2017-12-15,0.96923304,1
D10115219416,-33.48230358,149.0011065,685926.2490705389,6293451.117765407,2229.9364395708167,far-field,D20171215,2017-12-15,0.11154875,0
D10115219424,-33.48223418,149.00081097,685898.9347948517,6293459.343228824,2230.6050512123093,far-field,D20171215,2017-12-15,0.58538944,0
D10115219453,-33.48198936,148.99976821,685802.5575482487,6293488.359689394,2235.865555709796,far-field,D20171215,2017-12-15,0.44307372,0
D10115219457,-33.48195562,148.99962448,685789.2732298721,6293492.358569393,2236.9441997985014,far-field,D20171215,2017-12-15,0.2599584,0
D10115219469,-33.48184985,148.99917419,685747.6550246354,6293504.893849805,2240.8833293672333,far-field,D20171215,2017-12-15,0.52251786,0
D10115318930,-33.48710946,149.0209962,687764.1601444819,6292882.360714918,2770.9843231692334,far-field,D20171215,2017-12-15,0.56235135,0
D10115318937,-33.48704133,149.02070619,687737.3589394111,6292890.440704059,2754.581317405093,far-field,D20171215,2017-12-15,0.61236626,0
D10115318939,-33.48702337,149.02062972,687730.2919659652,6292892.570722067,2750.2870025386187,far-field,D20171215,2017-12-15,0.34832045,0
D10115319027,-33.48622073,149.01721126,687414.3716731351,6292987.758471774,2572.642948242758,far-field,D20171215,2017-12-15,0.7272592,0
D10115319029,-33.48620226,149.01713258,687407.1003102156,6292989.948794118,2568.9081492027312,far-field,D20171215,2017-12-15,0.19515458,0
D10115319030,-33.48619308,149.01709349,687403.4877398182,6292991.037402487,2567.0592367322856,far-field,D20171215,2017-12-15,0.83955115,1
D10115319031,-33.48618448,149.01705686,687400.1025090041,6292992.057248002,2565.3303254124817,far-field,D20171215,2017-12-15,0.713585,0
D10115319032,-33.48617625,149.01702174,687396.8567937287,6292993.033334363,2563.6749495152276,far-field,D20171215,2017-12-15,0.14060642,0
D10115319033,-33.48616784,149.0169859,687393.5445612824,6292994.0306808725,2561.9900432412787,far-field,D20171215,2017-12-15,0.21640904,0
D10115319034,-33.48615943,149.01695005,687390.231398983,6292995.028044267,2560.3080467324016,far-field,D20171215,2017-12-15,0.8192628,1
D10115319038,-33.48612557,149.01680576,687376.8965162408,6292999.043490052,2553.5753845632853,far-field,D20171215,2017-12-15,0.62254757,0
D10115319044,-33.48607092,149.016573,687355.3855222246,6293005.524151205,2542.840118648818,far-field,D20171215,2017-12-15,0.76575506,1
D10115319047,-33.48604396,149.01645817,687344.7732597013,6293008.721188415,2537.600406200743,far-field,D20171215,2017-12-15,0.31034482,0
D10115319048,-33.48603505,149.01642025,687341.2688148181,6293009.7777189985,2535.8789362486546,far-field,D20171215,2017-12-15,0.75980973,1
D10115319054,-33.48598294,149.01619818,687320.7456535619,6293015.957329163,2525.874827709343,far-field,D20171215,2017-12-15,0.46135554,0
D10115319059,-33.48594218,149.01602441,687304.6862077488,6293020.79106058,2518.144770717331,far-field,D20171215,2017-12-15,0.93935794,1
D10115319061,-33.48592501,149.01595123,687297.9230768934,6293022.827207885,2514.9161313519717,far-field,D20171215,2017-12-15,0.2326843,0
D10115319064,-33.48589798,149.01583612,687287.2849121754,6293026.032448113,2509.871187110756,far-field,D20171215,2017-12-15,0.16007729,0
D10115319066,-33.48587996,149.01575939,687280.1937280404,6293028.169250188,2506.530229808208,far-field,D20171215,2017-12-15,0.05127824,0
D10115319067,-33.48587095,149.01572101,687276.6467410566,6293029.237676283,2504.8653509437495,far-field,D20171215,2017-12-15,0.29615042,0
D10115319075,-33.48579665,149.01540466,687247.4104844546,6293038.048022143,2491.312697232936,far-field,D20171215,2017-12-15,0.06903984,0
D10115319076,-33.48578733,149.01536498,687243.7433581661,6293039.153158896,2489.6340389692714,far-field,D20171215,2017-12-15,0.109690845,0
D10115319077,-33.48577795,149.01532503,687240.0512710287,6293040.265435065,2487.948485260155,far-field,D20171215,2017-12-15,0.2983056,0
D10115319078,-33.4857685,149.01528481,687236.3342445522,6293041.385959581,2486.2569741431744,far-field,D20171215,2017-12-15,0.76122177,1
D10115319079,-33.48575899,149.01524435,687232.5950448912,6293042.513569332,2484.560627030946,far-field,D20171215,2017-12-15,0.55908144,0
D10115319080,-33.48574942,149.01520362,687228.8308843375,6293043.648318412,2482.8577039270476,far-field,D20171215,2017-12-15,0.6116974,0
D10115319081,-33.48573968,149.01516214,687224.9973965154,6293044.803271217,2481.1281039275195,far-field,D20171215,2017-12-15,0.18356124,0
D10115319107,-33.48552768,149.01425825,687141.4611944259,6293069.943361534,2444.7417043153328,far-field,D20171215,2017-12-15,0.4721314,0
D10115319109,-33.48550664,149.01416879,687133.1935341774,6293072.437911345,2441.285437938395,far-field,D20171215,2017-12-15,0.2608502,0
D10115319110,-33.48549587,149.014123,687128.9617416185,6293073.714818629,2439.526342612365,far-field,D20171215,2017-12-15,0.61972356,0
D10115319220,-33.48438498,149.0093979,686692.2738339901,6293205.41696981,2296.7622576168624,far-field,D20171215,2017-12-15,0.4087396,0
D10115319221,-33.48437468,149.00935409,686688.2249175546,6293206.637996001,2295.8209662706913,far-field,D20171215,2017-12-15,0.35976517,0
D10115319225,-33.4843366,149.00919204,686673.2482217444,6293211.152366333,2292.401769388554,far-field,D20171215,2017-12-15,0.6746433,0
D10115319227,-33.48431794,149.00911264,686665.9100560434,6293213.364479697,2290.7637562244377,far-field,D20171215,2017-12-15,0.15561831,0
D10115319230,-33.48429064,149.00899638,686655.1652269969,6293216.601013672,2288.407291931637,far-field,D20171215,2017-12-15,0.24576397,0
D10115319231,-33.48428147,149.00895736,686651.5589861749,6293217.688097843,2287.628915545163,far-field,D20171215,2017-12-15,0.6414982,0
D10115319232,-33.48427227,149.0089182,686647.9397995446,6293218.778759259,2286.8534299761586,far-field,D20171215,2017-12-15,0.20243758,0
D10115319234,-33.48425396,149.00884024,686640.734683815,6293220.9494499415,2285.3268779623477,far-field,D20171215,2017-12-15,0.20221463,0
D10115319235,-33.48424467,149.0088007,686637.0803767082,6293222.0507711,2284.5620607290216,far-field,D20171215,2017-12-15,0.49531808,0
D10115319239,-33.48420539,149.00863361,686621.6378717073,6293226.707196677,2281.3998812383734,far-field,D20171215,2017-12-15,0.093712844,0
D10115319240,-33.48419548,149.00859146,686617.7423573617,6293227.88195845,2280.6196368997344,far-field,D20171215,2017-12-15,0.29466408,0
D10115319241,-33.48418561,149.00854945,686613.8597657984,6293229.052031066,2279.848239241215,far-field,D20171215,2017-12-15,0.7842598,1
D10115319242,-33.48417574,149.00850748,686609.9808903738,6293230.222030163,2279.0854512662313,far-field,D20171215,2017-12-15,0.25668848,0
D10115319247,-33.48412086,149.00827426,686588.4267110681,6293236.727266965,2274.9769311890714,far-field,D20171215,2017-12-15,0.32684305,0
D10115319248,-33.4841096,149.00822644,686584.0072016962,6293238.061916791,2274.1618494605395,far-field,D20171215,2017-12-15,0.6623811,0
D10115319249,-33.48409821,149.00817804,686579.5340736832,6293239.412023585,2273.3454716514448,far-field,D20171215,2017-12-15,0.54458976,0
D10115319250,-33.48408676,149.0081294,686575.0387712824,6293240.7692134045,2272.534778378823,far-field,D20171215,2017-12-15,0.14357907,0
D10115319252,-33.48406386,149.00803212,686566.0481630383,6293243.483586582,2270.941644974368,far-field,D20171215,2017-12-15,0.5772146,0
D10115319253,-33.48405241,149.00798345,686561.5500694518,6293244.840823866,2270.158036405721,far-field,D20171215,2017-12-15,0.19463436,0
D10115319254,-33.48404094,149.00793473,686557.0473713684,6293246.200366776,2269.383918978704,far-field,D20171215,2017-12-15,0.3202289,0
D10115319255,-33.48402933,149.00788544,686552.4920052249,6293247.576457405,2268.6109806819504,far-field,D20171215,2017-12-15,0.5671076,0
D10115319259,-33.48398284,149.00768796,686534.2409001188,6293253.086917687,2265.609224093314,far-field,D20171215,2017-12-15,0.6701843,0
D10115319260,-33.48397082,149.00763691,686529.5228594306,6293254.511627391,2264.858901975766,far-field,D20171215,2017-12-15,0.29369798,0
D10115319263,-33.48393328,149.00747759,686514.7985563001,6293258.960955175,2262.587425979049,far-field,D20171215,2017-12-15,0.24353448,0
D10115319264,-33.48392106,149.00742568,686510.0010237708,6293260.409379594,2261.868271106483,far-field,D20171215,2017-12-15,0.88354635,1
D10115319265,-33.48390899,149.00737442,686505.2635695537,6293261.839999245,2261.169099190192,far-field,D20171215,2017-12-15,0.06361474,0
D10115319270,-33.48385014,149.00712453,686482.1687130942,6293268.815201653,2257.913809207985,far-field,D20171215,2017-12-15,0.44002676,0
D10115319272,-33.48382736,149.00702774,686473.2233335245,6293271.515298104,2256.7194818426883,far-field,D20171215,2017-12-15,0.37611476,0
D10115319276,-33.48378416,149.00684413,686456.2539652693,6293276.635841688,2254.557114434907,far-field,D20171215,2017-12-15,0.2910226,0
D10115319277,-33.48377344,149.00679859,686452.0451345309,6293277.906449959,2254.0425807701167,far-field,D20171215,2017-12-15,0.2563912,0
D10115319278,-33.48376295,149.00675399,686447.9231594044,6293279.149861813,2253.545969217581,far-field,D20171215,2017-12-15,0.72792804,0
D10115319280,-33.48374197,149.00666479,686439.6792062663,6293281.636680089,2252.5770990542555,far-field,D20171215,2017-12-15,0.50936383,0
D10115319281,-33.48373149,149.00662024,686435.5618530769,6293282.878887747,2252.105556907144,far-field,D20171215,2017-12-15,0.32394472,0
D10115319282,-33.48372102,149.00657573,686431.4481945036,6293284.119912798,2251.6424799591214,far-field,D20171215,2017-12-15,0.678805,0
D10115319283,-33.48371051,149.00653106,686427.3197526688,6293285.365659248,2251.1861295859826,far-field,D20171215,2017-12-15,0.79956895,1
D10115319285,-33.48369097,149.00644792,686419.6358304814,6293287.681885745,2250.3563255679687,far-field,D20171215,2017-12-15,0.19849882,0
D10115319287,-33.48367156,149.00636538,686412.0073814833,6293289.982611941,2249.561660703305,far-field,D20171215,2017-12-15,0.43497324,0
D10115319288,-33.48366191,149.00632429,686408.2097644219,6293291.126550189,2249.1751671058373,far-field,D20171215,2017-12-15,0.08100475,0
D10115319291,-33.48363373,149.00620439,686397.1284164303,6293294.466914181,2248.0891394790274,far-field,D20171215,2017-12-15,0.53173304,0
D10115319292,-33.48362463,149.00616564,686393.5470627252,6293295.545651685,2247.7459797095325,far-field,D20171215,2017-12-15,0.7005054,0
D10115319298,-33.48357016,149.00593378,686372.1181189173,6293302.002482427,2245.6947594578355,far-field,D20171215,2017-12-15,0.66765755,0
D10115319300,-33.48355288,149.00586015,686365.3130505716,6293304.050964417,2245.041532188699,far-field,D20171215,2017-12-15,0.2303805,0
D10115319301,-33.48354428,149.00582354,686361.9294794181,6293305.070399663,2244.717575515579,far-field,D20171215,2017-12-15,0.5715666,0
D10115319304,-33.48351864,149.00571432,686351.8351037548,6293308.109859614,2243.7493643395223,far-field,D20171215,2017-12-15,0.42724437,0
D10115319306,-33.48350097,149.00563908,686344.8812532299,6293310.204466636,2243.0830957782746,far-field,D20171215,2017-12-15,0.69560045,0
D10115319307,-33.48349212,149.00560141,686341.3997128041,6293311.253521413,2242.749854054164,far-field,D20171215,2017-12-15,0.2358799,0
D10115319308,-33.48348327,149.00556372,686337.9163131865,6293312.302610805,2242.4159471447347,far-field,D20171215,2017-12-15,0.24286564,0
D10115319310,-33.48346537,149.00548749,686330.8709537063,6293314.424490731,2241.740641081245,far-field,D20171215,2017-12-15,0.7757878,1
D10115319311,-33.48345637,149.00544918,686327.3302595586,6293315.491323542,2241.401694606847,far-field,D20171215,2017-12-15,0.5362663,0
D10115319314,-33.48342833,149.00532985,686316.3015284863,6293318.815043528,2240.3465722333935,far-field,D20171215,2017-12-15,0.4603151,0
D10115319318,-33.48339051,149.00516893,686301.4289662236,6293323.297959508,2238.9244356725303,far-field,D20171215,2017-12-15,0.1838585,0
D10115319319,-33.48338085,149.00512783,686297.6304175679,6293324.442979937,2238.561263474697,far-field,D20171215,2017-12-15,0.33405173,0
D10115319320,-33.48337099,149.00508589,686293.7542390036,6293325.611685588,2238.1909331902953,far-field,D20171215,2017-12-15,0.5716409,0
D10115319321,-33.48336107,149.00504371,686289.8558859599,6293326.787474119,2237.818852431511,far-field,D20171215,2017-12-15,0.06822235,0
D10115319323,-33.48334177,149.00496158,686282.265244813,6293329.075160534,2237.0927467812207,far-field,D20171215,2017-12-15,0.3028389,0
D10115319324,-33.48333181,149.00491926,686278.3539653197,6293330.255631368,2236.7201585925964,far-field,D20171215,2017-12-15,0.2861177,0
D10115319326,-33.48331063,149.00482922,686270.0323038213,6293332.765987324,2235.9263060509543,far-field,D20171215,2017-12-15,0.57364744,0
D10115319328,-33.48328731,149.0047302,686260.8807489708,6293335.529766984,2235.0561344455723,far-field,D20171215,2017-12-15,0.3553805,0
D10115319332,-33.48324058,149.00453174,686242.5387889416,6293341.068033762,2233.31114662802,far-field,D20171215,2017-12-15,0.50118905,0
D10115319333,-33.48322928,149.00448375,686238.1034811891,6293342.407261621,2232.88919486401,far-field,D20171215,2017-12-15,0.4498365,0
D10115319334,-33.48321804,149.00443598,686233.6884875093,6293343.73943892,2232.468325805235,far-field,D20171215,2017-12-15,0.2823276,0
D10115319335,-33.48320685,149.00438845,686229.2956878385,6293345.06563876,2232.050239279401,far-field,D20171215,2017-12-15,0.523261,0
D10115319336,-33.48319562,149.00434072,686224.8843875681,6293346.396631198,2231.6296570285444,far-field,D20171215,2017-12-15,0.16119203,0
D10115319347,-33.48308103,149.00385361,686179.8646236036,6293359.9779886175,2227.3353815608907,far-field,D20171215,2017-12-15,0.16736029,0
D10115319361,-33.48294303,149.00326671,686125.621759367,6293376.334139423,2222.35254218115,far-field,D20171215,2017-12-15,0.5906659,0
D10115319370,-33.48285666,149.0028993,686091.6646180168,6293386.570953236,2219.8604070922006,far-field,D20171215,2017-12-15,0.1720422,0
D10115319373,-33.48282803,149.00277749,686080.4065453077,6293389.964270737,2219.158132870246,far-field,D20171215,2017-12-15,0.35790727,0
D10115319380,-33.48276044,149.00248999,686053.8348757888,6293397.975070199,2217.7486299798898,far-field,D20171215,2017-12-15,0.15717895,0
D10115319398,-33.48258465,149.00174229,685984.7298824028,6293418.809365409,2215.707519226358,far-field,D20171215,2017-12-15,0.84467894,1
D10115319399,-33.4825754,149.00170296,685981.0948685616,6293419.905619159,2215.6655218072547,far-field,D20171215,2017-12-15,0.47547564,0
D10115319400,-33.48256602,149.00166306,685977.4071639234,6293421.017309197,2215.6291292404203,far-field,D20171215,2017-12-15,0.23112366,0
D10115319401,-33.48255672,149.00162348,685973.7490238956,6293422.11955281,2215.5991331337013,far-field,D20171215,2017-12-15,0.07981569,0
D10115319402,-33.4825476,149.00158463,685970.1583344974,6293423.200525906,2215.575191873013,far-field,D20171215,2017-12-15,0.15725327,0
D10115319403,-33.48253844,149.00154566,685966.5565787294,6293424.286148442,2215.5588131861437,far-field,D20171215,2017-12-15,0.7025119,0
D10115319406,-33.48251098,149.00142878,685955.75405205,6293427.540736104,2215.546602895325,far-field,D20171215,2017-12-15,0.07706599,0
D10115319408,-33.48249301,149.00135231,685948.6863874884,6293429.670521911,2215.570124730354,far-field,D20171215,2017-12-15,0.05848692,0
D10115319409,-33.48248414,149.00131453,685945.1945898256,6293430.721844751,2215.589955678455,far-field,D20171215,2017-12-15,0.5023038,0
D10115319410,-33.48247511,149.00127613,685941.6455191266,6293431.792020218,2215.6178060937114,far-field,D20171215,2017-12-15,0.5208086,0
D10115319415,-33.48243195,149.00109233,685924.6578982898,6293436.907507598,2215.8303451078855,far-field,D20171215,2017-12-15,0.3882283,0
D10115319416,-33.48242336,149.00105574,685921.2760798894,6293437.92563928,2215.8893796739794,far-field,D20171215,2017-12-15,0.45362663,0
D10115319467,-33.48198655,148.99919551,685749.3443022749,6293489.696307477,2226.292709227505,far-field,D20171215,2017-12-15,0.51664686,0
D10115319473,-33.48192867,148.99894932,685726.5902149832,6293496.555461736,2228.75756678597,far-field,D20171215,2017-12-15,0.7009513,0
D10115418933,-33.48720355,149.02083592,687749.0634802276,6292872.216477987,2752.8248611763493,far-field,D20171215,2017-12-15,0.62574315,0
D10115418943,-33.48711061,149.02044015,687712.4884291413,6292883.239047603,2730.496824540194,far-field,D20171215,2017-12-15,0.60887337,0
D10115419027,-33.48633689,149.01714521,687407.9838002576,6292974.996077328,2559.2116424762085,far-field,D20171215,2017-12-15,0.46960464,0
D10115419029,-33.48631859,149.01706727,687400.7808425033,6292977.166206781,2555.499908303013,far-field,D20171215,2017-12-15,0.08494352,0
D10115419030,-33.48631014,149.01703125,687397.4519760625,6292978.168315763,2553.7896155801986,far-field,D20171215,2017-12-15,0.7226516,0
D10115419031,-33.48630184,149.01699587,687394.1822562988,6292979.152633611,2552.1132151018005,far-field,D20171215,2017-12-15,0.72123957,0
D10115419032,-33.48629335,149.01695969,687390.838607176,6292980.159464976,2550.402678065569,far-field,D20171215,2017-12-15,0.31822234,0
D10115419033,-33.48628484,149.0169234,687387.4847790181,6292981.168711674,2548.690135097635,far-field,D20171215,2017-12-15,0.59192926,0
D10115419038,-33.4862415,149.01673874,687370.4190487328,6292986.308330107,2540.0357887064947,far-field,D20171215,2017-12-15,0.2509661,0
D10115419044,-33.48618789,149.0165104,687349.3165587357,6292992.665667579,2529.4684371736953,far-field,D20171215,2017-12-15,0.25579667,0
D10115419049,-33.48614339,149.01632083,687331.7970391717,6292997.942718245,2520.8074195671293,far-field,D20171215,2017-12-15,0.70280915,0
D10115419050,-33.4861345,149.01628298,687328.2990586988,6292998.996899981,2519.090889023749,far-field,D20171215,2017-12-15,0.52207196,0
D10115419053,-33.48610953,149.01617651,687318.459345486,6293001.958136153,2514.281571085054,far-field,D20171215,2017-12-15,0.64134955,0
D10115419054,-33.4861014,149.01614184,687315.2552202163,6293002.922292775,2512.722503189016,far-field,D20171215,2017-12-15,0.16215815,0
D10115419055,-33.48609344,149.01610792,687312.1204203905,6293003.8662424255,2511.2010127846474,far-field,D20171215,2017-12-15,0.6736029,0
D10115419061,-33.48604297,149.0158928,687292.2395399013,6293009.8513793405,2501.6289380143016,far-field,D20171215,2017-12-15,0.28113854,0
D10115419062,-33.4860341,149.01585503,687288.7489423733,6293010.903184056,2499.9630199815083,far-field,D20171215,2017-12-15,0.40859097,0
D10115419063,-33.48602521,149.01581714,687285.2472364651,6293011.9574219305,2498.295370267678,far-field,D20171215,2017-12-15,0.452066,0
D10115419075,-33.48591698,149.01535619,687242.6474211144,6293024.791374817,2478.356309096697,far-field,D20171215,2017-12-15,0.5140458,0
D10115419076,-33.48590801,149.015318,687239.1180013991,6293025.855008381,2476.7332408779807,far-field,D20171215,2017-12-15,0.5934899,0
D10115419081,-33.48586304,149.01512646,687221.4163259446,6293031.187528098,2468.6581917035764,far-field,D20171215,2017-12-15,0.968044,1
D10115419109,-33.48563402,149.01415006,687131.1789890754,6293058.345777947,2429.2452193415324,far-field,D20171215,2017-12-15,0.380871,0
D10115419110,-33.48562371,149.01410618,687127.1236964792,6293059.568228897,2427.5463448263645,far-field,D20171215,2017-12-15,0.46923307,0
D10115419132,-33.48532072,149.01282059,687008.3138953825,6293095.485677155,2380.663125933408,far-field,D20171215,2017-12-15,0.5906659,0
D10115419216,-33.48455499,149.00956035,686707.0044607368,6293186.271388273,2287.5362546793835,far-field,D20171215,2017-12-15,0.84386146,1
D10115419219,-33.48452403,149.0094287,686694.8374231656,6293189.941531029,2284.6102787788295,far-field,D20171215,2017-12-15,0.60277945,0
D10115419221,-33.48450343,149.0093411,686686.7414616728,6293192.383548502,2282.7003688429418,far-field,D20171215,2017-12-15,0.3238704,0
D10115419222,-33.48449357,149.00929917,686682.8663038223,6293193.552397091,2281.7966818970526,far-field,D20171215,2017-12-15,0.17984542,0
D10115419224,-33.48447547,149.00922212,686675.7453241048,6293195.698190328,2280.152057237161,far-field,D20171215,2017-12-15,0.44366825,0
D10115419225,-33.48446638,149.0091834,686672.1667987496,6293196.77587146,2279.333726557886,far-field,D20171215,2017-12-15,0.3813912,0
D10115419226,-33.48445726,149.00914455,686668.576256875,6293197.857111903,2278.51846156433,far-field,D20171215,2017-12-15,0.11437277,0
D10115419229,-33.48442976,149.0090275,686657.7584650839,6293201.117249574,2276.0999629407156,far-field,D20171215,2017-12-15,0.60619795,0
D10115419230,-33.48442018,149.00898673,686653.9904924107,6293202.252949335,2275.2702740630693,far-field,D20171215,2017-12-15,0.040205114,0
D10115419231,-33.48441063,149.00894611,686650.2363932341,6293203.385050967,2274.450622125139,far-field,D20171215,2017-12-15,0.5762485,0
D10115419232,-33.48440112,149.00890562,686646.4942876069,6293204.512481498,2273.6390998817783,far-field,D20171215,2017-12-15,0.5889566,0
D10115419233,-33.48439163,149.00886526,686642.7642184583,6293205.637458854,2272.8376175844887,far-field,D20171215,2017-12-15,0.7358799,0
D10115419234,-33.48438218,149.00882502,686639.0452136322,6293206.757783117,2272.0437257684885,far-field,D20171215,2017-12-15,0.7081599,0
D10115419235,-33.48437274,149.00878486,686635.3336205316,6293207.876853097,2271.2586223824114,far-field,D20171215,2017-12-15,0.41906956,0
D10115419237,-33.48435258,149.0086991,686627.4076688563,6293210.266716693,2269.603445827439,far-field,D20171215,2017-12-15,0.5682967,0
D10115419238,-33.48434224,149.00865516,686623.3467495025,6293211.492384782,2268.76770133527,far-field,D20171215,2017-12-15,0.3157699,0
D10115419239,-33.48433191,149.00861123,686619.2867370091,6293212.716924176,2267.9390118303045,far-field,D20171215,2017-12-15,0.47971165,0
D10115419240,-33.48432158,149.00856731,686615.2276528208,6293213.941443836,2267.118368487951,far-field,D20171215,2017-12-15,0.121135555,0
D10115419242,-33.48430125,149.00848084,686607.236080372,6293216.351419221,2265.5242228192883,far-field,D20171215,2017-12-15,0.242717,0
D10115419245,-33.48426895,149.00834355,686594.547753778,6293220.180172253,2263.056249877861,far-field,D20171215,2017-12-15,0.75431037,0
D10115419250,-33.48421323,149.00810678,686572.6655084095,6293226.784908855,2258.9778509638654,far-field,D20171215,2017-12-15,0.36608204,0
D10115419252,-33.48419033,149.00800951,686563.6758422327,6293229.499262448,2257.3681902250037,far-field,D20171215,2017-12-15,0.31101367,0
D10115419253,-33.48417889,149.00796092,686559.1851675898,6293230.855246175,2256.57836650373,far-field,D20171215,2017-12-15,0.3559007,0
D10115419254,-33.48416757,149.00791284,686554.7416260429,6293232.197003618,2255.806167341587,far-field,D20171215,2017-12-15,0.10463734,0
D10115419255,-33.48415639,149.00786532,686550.3498209681,6293233.522227062,2255.051269096907,far-field,D20171215,2017-12-15,0.32684305,0
D10115419256,-33.48414515,149.00781755,686545.9349122914,6293234.854551513,2254.3016700764542,far-field,D20171215,2017-12-15,0.52162606,0
D10115419258,-33.48412247,149.0077212,686537.0302514727,6293237.542829045,2252.8186652414583,far-field,D20171215,2017-12-15,0.05506837,0
D10115419259,-33.48411098,149.00767239,686532.5192338212,6293238.904740186,2252.0817264550546,far-field,D20171215,2017-12-15,0.09497622,0
D10115419260,-33.48409844,149.00761918,686527.6015975946,6293240.390996858,2251.290750997508,far-field,D20171215,2017-12-15,0.19916765,0
D10115419263,-33.48405889,149.00745136,686512.0917647547,6293245.078497088,2248.8711002917057,far-field,D20171215,2017-12-15,0.62143284,0
D10115419265,-33.48403362,149.0073441,686502.1788300347,6293248.073565988,2247.3836230931092,far-field,D20171215,2017-12-15,0.09549643,0
D10115419270,-33.48397628,149.00710053,686479.6680537525,6293254.869955374,2244.175075761914,far-field,D20171215,2017-12-15,0.7326843,0
D10115419274,-33.48392978,149.00690303,686461.4150646764,6293260.381420314,2241.7516508006715,far-field,D20171215,2017-12-15,0.2094233,0
D10115419277,-33.48389698,149.00676363,686448.5316332167,6293264.269214348,2240.135111467745,far-field,D20171215,2017-12-15,0.43541914,0
D10115419281,-33.48385485,149.00658456,686431.9818539775,6293269.262901633,2238.175108065755,far-field,D20171215,2017-12-15,0.5367122,0
D10115419283,-33.48383446,149.00649783,686423.9661666211,6293271.679841759,2237.2716407761322,far-field,D20171215,2017-12-15,0.6617122,0
D10115419285,-33.4838146,149.00641338,686416.1612089258,6293274.033905452,2236.4223040501743,far-field,D20171215,2017-12-15,0.6195006,0
D10115419287,-33.48379459,149.00632827,686408.295238676,6293276.405782321,2235.5955345082048,far-field,D20171215,2017-12-15,0.37693223,0
D10115419289,-33.48377518,149.00624571,686400.6649381755,6293278.706535781,2234.8220471869868,far-field,D20171215,2017-12-15,0.23684601,0
D10115419290,-33.48376622,149.00620753,686397.1362580782,6293279.76872589,2234.472190613116,far-field,D20171215,2017-12-15,0.37626338,0
D10115419292,-33.4837482,149.00613084,686390.0484447655,6293281.90478429,2233.7886601938135,far-field,D20171215,2017-12-15,0.5834572,0
D10115419293,-33.48373942,149.00609343,686386.5909292077,6293282.945626491,2233.4568156811215,far-field,D20171215,2017-12-15,0.94820154,1
D10115419294,-33.48373043,149.00605516,686383.0539473228,6293284.011299789,2233.118186583871,far-field,D20171215,2017-12-15,0.53046966,0
D10115419298,-33.48369466,149.00590286,686368.9780872623,6293288.251508968,2231.769855666122,far-field,D20171215,2017-12-15,0.11883175,0
D10115419300,-33.48367704,149.00582783,686362.0436614928,6293290.340207364,2231.105394860345,far-field,D20171215,2017-12-15,0.5341112,0
D10115419301,-33.48366827,149.0057905,686358.5935530551,6293291.379786661,2230.7751576064015,far-field,D20171215,2017-12-15,0.29815695,0
D10115419302,-33.48365953,149.00575327,686355.1526721937,6293292.41585828,2230.445129436205,far-field,D20171215,2017-12-15,0.13793103,0
D10115419303,-33.48365081,149.00571612,686351.7191818273,6293293.449567093,2230.1156826716606,far-field,D20171215,2017-12-15,0.23848097,0
D10115419304,-33.48364182,149.00567784,686348.1812637147,6293294.5152452085,2229.7767069158504,far-field,D20171215,2017-12-15,0.17315696,0
D10115419305,-33.48363273,149.00563917,686344.6073182751,6293295.592711726,2229.435147341767,far-field,D20171215,2017-12-15,0.33516645,0
D10115419306,-33.48362368,149.00560062,686341.0444374537,6293296.6655256245,2229.0934244490704,far-field,D20171215,2017-12-15,0.4443371,0
D10115419307,-33.48361464,149.00556217,686337.4908270193,6293297.737049691,2228.7539826565444,far-field,D20171215,2017-12-15,0.68549347,0
D10115419308,-33.48360547,149.00552311,686333.8808099366,6293298.824083919,2228.4077640447254,far-field,D20171215,2017-12-15,0.3740339,0
D10115419314,-33.48355087,149.00529069,686312.4000674835,6293305.296201687,2226.351288321556,far-field,D20171215,2017-12-15,0.5542509,0
D10115419315,-33.48354167,149.00525153,686308.7808169998,6293306.386732632,2226.004848281693,far-field,D20171215,2017-12-15,0.4027943,0
D10115419318,-33.48351405,149.00513399,686297.9175284117,6293309.660642698,2224.9655995948438,far-field,D20171215,2017-12-15,0.09616528,0
D10115419321,-33.48348489,149.00500996,686286.4544454647,6293313.116967319,2223.870502580993,far-field,D20171215,2017-12-15,0.8275119,1
D10115419322,-33.48347504,149.00496803,686282.579178327,6293314.284541735,2223.4994654572474,far-field,D20171215,2017-12-15,0.15264566,0
D10115419323,-33.48346505,149.00492558,686278.6558889485,6293315.468573162,2223.125673755769,far-field,D20171215,2017-12-15,0.9383918,1
D10115419324,-33.48345516,149.00488352,686274.7686254585,6293316.6408134885,2222.754462831125,far-field,D20171215,2017-12-15,0.44879606,0
D10115419326,-33.4834336,149.00479187,686266.2981790181,6293319.19619642,2221.9465500534907,far-field,D20171215,2017-12-15,0.07981569,0
D10115419328,-33.48341095,149.00469568,686257.4081809113,6293321.880594755,2221.1008860887814,far-field,D20171215,2017-12-15,0.73275864,0
D10115419330,-33.48338798,149.00459811,686248.3906263256,6293324.602947492,2220.2425671221076,far-field,D20171215,2017-12-15,0.6269322,0
D10115419333,-33.48335297,149.00444944,686234.6503514878,6293328.752161069,2218.9357411054552,far-field,D20171215,2017-12-15,0.32439062,0
D10115419334,-33.48334145,149.0044005,686230.1272404282,6293330.117487036,2218.5050525681772,far-field,D20171215,2017-12-15,0.44775563,0
D10115419338,-33.48329681,149.00421084,686212.5985479162,6293335.408135978,2216.8355305144796,far-field,D20171215,2017-12-15,0.26486325,0
D10115419340,-33.48327481,149.00411737,686203.9598889275,6293338.01552184,2216.012738098712,far-field,D20171215,2017-12-15,0.34140903,0
D10115419341,-33.48326356,149.0040696,686199.5449149976,6293339.348792363,2215.592889873937,far-field,D20171215,2017-12-15,0.19351962,0
D10115419342,-33.48325289,149.00402424,686195.3526491756,6293340.613418199,2215.192932370563,far-field,D20171215,2017-12-15,0.38674197,0
D10115419347,-33.48320528,149.00382168,686176.6315378495,6293346.256500471,2213.4029116945203,far-field,D20171215,2017-12-15,0.24531807,0
D10115419350,-33.48317619,149.00369794,686165.1951747722,6293349.704394197,2212.3100202475616,far-field,D20171215,2017-12-15,0.40011892,0
D10115419352,-33.48315635,149.00361355,686157.3956354242,6293352.055917264,2211.564746084355,far-field,D20171215,2017-12-15,0.7966706,1
D10115419362,-33.48305721,149.00319195,686118.4302826541,6293363.806154095,2208.0705136313723,far-field,D20171215,2017-12-15,0.70778835,0
D10115419363,-33.48304776,149.00315174,686114.7139552138,6293364.926216876,2207.773872506224,far-field,D20171215,2017-12-15,0.71626043,0
D10115419370,-33.48298198,149.00287184,686088.8447433299,6293372.722769106,2205.8969537007174,far-field,D20171215,2017-12-15,0.5787753,0
D10115419372,-33.48296329,149.00279231,686081.494330033,6293374.937986179,2205.4236757709305,far-field,D20171215,2017-12-15,0.13161415,0
D10115419376,-33.48292499,149.00262939,686066.436768073,6293379.477346368,2204.538643365623,far-field,D20171215,2017-12-15,0.45191735,0
D10115419380,-33.48288509,149.00245969,686050.7525773406,6293384.206268017,2203.7363597192143,far-field,D20171215,2017-12-15,0.2605529,0
D10115419383,-33.4828555,149.00233386,686039.1229867563,6293387.7132021515,2203.220413984972,far-field,D20171215,2017-12-15,0.9508026,1
D10115419387,-33.48281669,149.0021688,686023.8676175956,6293392.3128863685,2202.6444168417383,far-field,D20171215,2017-12-15,0.37611476,0
D10115419396,-33.48272534,149.00178041,685987.971391286,6293403.1391870305,2201.74641073619,far-field,D20171215,2017-12-15,0.95214033,1
D10115419399,-33.4826956,149.00165392,685976.2807487707,6293406.663860265,2201.5905437754654,far-field,D20171215,2017-12-15,0.521849,0
D10115419401,-33.48267612,149.0015711,685968.6262504417,6293408.97249116,2201.5259700126285,far-field,D20171215,2017-12-15,0.22235434,0
D10115419403,-33.48265725,149.0014908,685961.2046187404,6293411.208954822,2201.489233210706,far-field,D20171215,2017-12-15,0.40457788,0
D10115419404,-33.48264811,149.0014519,685957.6093288418,6293412.292230871,2201.481112749341,far-field,D20171215,2017-12-15,0.0067627826,0
D10115419405,-33.48263866,149.00141169,685953.8929675595,6293413.412230004,2201.4796839869327,far-field,D20171215,2017-12-15,0.31264862,0
D10115419408,-33.48261163,149.00129663,685943.258656577,6293416.615858501,2201.5122225712603,far-field,D20171215,2017-12-15,0.082342446,0
D10115419409,-33.48260261,149.00125825,685939.7114281671,6293417.684888715,2201.535934902225,far-field,D20171215,2017-12-15,0.06287158,0
D10115419410,-33.48259414,149.00122216,685936.3758245463,6293418.688822943,2201.562654298575,far-field,D20171215,2017-12-15,0.014120095,0
D10115419411,-33.48258553,149.00118551,685932.9884808346,6293419.709284478,2201.5963452762035,far-field,D20171215,2017-12-15,0.4320006,0
D10115419412,-33.48257692,149.00114886,685929.6011364738,6293420.729744788,2201.635718998453,far-field,D20171215,2017-12-15,0.7000595,0
D10115419414,-33.48255974,149.00107566,685922.8356529353,6293422.766046809,2201.7295970032737,far-field,D20171215,2017-12-15,0.022071939,0
D10115419416,-33.48254257,149.00100255,685916.0785088073,6293424.8010738,2201.84717346186,far-field,D20171215,2017-12-15,0.5675535,0
D10115419418,-33.48252601,149.00093201,685909.5588790615,6293426.763846662,2201.981352628069,far-field,D20171215,2017-12-15,0.11935196,0
D10115419421,-33.4825012,149.00082629,685899.7877291914,6293429.704509416,2202.220887933774,far-field,D20171215,2017-12-15,0.8003121,1
D10115419424,-33.48247619,149.00071977,685889.9426602221,6293432.668773794,2202.5113311428267,far-field,D20171215,2017-12-15,0.8937277,1
D10115419456,-33.48220492,148.99956437,685783.1549014574,6293464.819952387,2208.734836291811,far-field,D20171215,2017-12-15,0.38889715,0
D10115419457,-33.48219602,148.99952648,685779.6529186891,6293465.874737672,2209.034394538231,far-field,D20171215,2017-12-15,0.7632283,1
D10115419473,-33.48204718,148.99889321,685721.1230384494,6293483.513654074,2214.938905403145,far-field,D20171215,2017-12-15,0.48885256,0
D10115419481,-33.48197046,148.9985669,685690.9638678618,6293492.605342815,2218.6355816272617,far-field,D20171215,2017-12-15,0.8518133,1
D10115419482,-33.48196094,148.99852639,685687.2197218616,6293493.733535765,2219.124782130957,far-field,D20171215,2017-12-15,0.21209869,0
D10115519020,-33.48652173,149.01737143,687428.6063930688,6292954.08957064,2559.8989709895227,far-field,D20171215,2017-12-15,0.18140607,0
D10115519023,-33.4864921,149.01724535,687416.9545835938,6292957.603099639,2553.7839528924096,far-field,D20171215,2017-12-15,0.89707196,1
D10115519025,-33.48647254,149.01716211,687409.2618666866,6292959.922535732,2549.770340494269,far-field,D20171215,2017-12-15,0.5203627,0
D10115519029,-33.48643701,149.01701075,687395.2736760168,6292964.1359722465,2542.518079952968,far-field,D20171215,2017-12-15,0.61296076,0
D10115519030,-33.4864287,149.01697532,687391.9993363695,6292965.121488813,2540.829096720178,far-field,D20171215,2017-12-15,0.84059155,1
D10115519033,-33.4864038,149.0168692,687382.1920459962,6292968.074397856,2535.791875894617,far-field,D20171215,2017-12-15,0.8637039,1
D10115519034,-33.4863954,149.01683339,687378.8825872614,6292969.070576555,2534.098961340963,far-field,D20171215,2017-12-15,0.9273187,1
D10115519037,-33.48636864,149.01671939,687368.3470668051,6292972.243964289,2528.7350079768557,far-field,D20171215,2017-12-15,0.60842746,0
D10115519038,-33.48635963,149.01668102,687364.8010377889,6292973.312406165,2526.938075300027,far-field,D20171215,2017-12-15,0.75185794,0
D10115519047,-33.48627859,149.01633586,687332.902433799,6292982.92247111,2510.960544679762,far-field,D20171215,2017-12-15,0.19493163,0
D10115519049,-33.48626053,149.01625894,687325.7937209086,6292985.064087458,2507.4463239454553,far-field,D20171215,2017-12-15,0.3235731,0
D10115519050,-33.48625241,149.0162243,687322.5923681096,6292986.027083717,2505.8682590864755,far-field,D20171215,2017-12-15,0.21692926,0
D10115519051,-33.48624428,149.01618964,687319.3891778132,6292986.991223937,2504.2931792443906,far-field,D20171215,2017-12-15,0.38116825,0
D10115519054,-33.4862199,149.01608567,687309.7805111394,6292989.882511038,2499.588673016801,far-field,D20171215,2017-12-15,0.30945304,0
D10115519059,-33.48617842,149.01590885,687293.4392415312,6292994.801575122,2491.6615814532697,far-field,D20171215,2017-12-15,0.81346613,1
D10115519060,-33.48616976,149.01587197,687290.0308987289,6292995.828486344,2490.0204332541443,far-field,D20171215,2017-12-15,0.81413496,1
D10115519061,-33.48616108,149.01583497,687286.6114475965,6292996.857830789,2488.3773097749013,far-field,D20171215,2017-12-15,0.28975922,0
D10115519062,-33.48615237,149.01579788,687283.1836973613,6292997.89066327,2486.7349670370436,far-field,D20171215,2017-12-15,0.51181626,0
D10115519071,-33.48607372,149.01546278,687252.214604587,6293007.217259612,2472.0787342397366,far-field,D20171215,2017-12-15,0.35842746,0
D10115519106,-33.48578789,149.01424412,687139.5882549986,6293041.112648428,2421.6564147731933,far-field,D20171215,2017-12-15,0.34289536,0
D10115519108,-33.48576974,149.01416684,687132.4462057399,6293043.264748102,2418.6183869523334,far-field,D20171215,2017-12-15,0.43460166,0
D10115519110,-33.48575094,149.0140868,687125.04908409,6293045.493900781,2415.4922602149054,far-field,D20171215,2017-12-15,0.4497622,0
D10115519222,-33.48462277,149.00928807,686681.5575173501,6293179.244646495,2268.7212005771707,far-field,D20171215,2017-12-15,0.34846908,0
D10115519224,-33.48460505,149.00921261,686674.5834822862,6293181.3454392105,2267.091125791711,far-field,D20171215,2017-12-15,0.49115637,0
D10115519225,-33.48459626,149.00917516,686671.1223322967,6293182.387567343,2266.2899764249228,far-field,D20171215,2017-12-15,0.21655767,0
D10115519226,-33.48458734,149.00913718,686667.6122107424,6293183.445063835,2265.483635463032,far-field,D20171215,2017-12-15,0.28678656,0
D10115519230,-33.48455037,149.00897983,686653.0699066326,6293187.827857098,2262.204643798405,far-field,D20171215,2017-12-15,0.024301426,0
D10115519231,-33.4845406,149.00893823,686649.2252193491,6293188.986118024,2261.3535988589692,far-field,D20171215,2017-12-15,0.37760106,0
D10115519232,-33.48453085,149.00889677,686645.3934977215,6293190.141907707,2260.5134583736335,far-field,D20171215,2017-12-15,0.3365785,0
D10115519233,-33.48452114,149.00885545,686641.5746988431,6293191.2930082455,2259.682199702999,far-field,D20171215,2017-12-15,0.063094534,0
D10115519234,-33.48451146,149.00881426,686637.7679149344,6293192.440546596,2258.8603135459384,far-field,D20171215,2017-12-15,0.6612663,0
D10115519235,-33.48450179,149.00877311,686633.9648257243,6293193.586902522,2258.0458568026143,far-field,D20171215,2017-12-15,0.42672414,0
D10115519236,-33.48449163,149.00872991,686629.9722920558,6293194.791281918,2257.1988425521918,far-field,D20171215,2017-12-15,0.53715813,0
D10115519237,-33.48448129,149.00868595,686625.9095211439,6293196.016987378,2256.344635068821,far-field,D20171215,2017-12-15,0.26746434,0
D10115519238,-33.48447095,149.008642,686621.847678541,6293197.242673095,2255.4985102256987,far-field,D20171215,2017-12-15,0.35054994,0
D10115519239,-33.48446061,149.008598,686617.7811887767,6293198.468446959,2254.6579379623126,far-field,D20171215,2017-12-15,0.37321642,0
D10115519240,-33.48445025,149.00855398,686613.7128825014,6293199.696472932,2253.826190155542,far-field,D20171215,2017-12-15,0.1610434,0
D10115519242,-33.48442895,149.00846344,686605.3452003063,6293202.22133376,2252.138864026269,far-field,D20171215,2017-12-15,0.4351962,0
D10115519243,-33.48441758,149.00841514,686600.8813412056,6293203.569053683,2251.2528039962326,far-field,D20171215,2017-12-15,0.33479488,0
D10115519244,-33.48440633,149.00836731,686596.4608980477,6293204.902619043,2250.3836116460698,far-field,D20171215,2017-12-15,0.41446194,0
D10115519245,-33.48439517,149.00831991,686592.0802182477,6293206.225428685,2249.532356491888,far-field,D20171215,2017-12-15,0.54354936,0
D10115519248,-33.484362,149.00817894,686579.0518045078,6293210.157256624,2247.0517983428376,far-field,D20171215,2017-12-15,0.51337695,0
D10115519250,-33.48433943,149.00808306,686570.190612898,6293212.83252286,2245.4111676246152,far-field,D20171215,2017-12-15,0.21730083,0
D10115519253,-33.48430543,149.00793862,686556.8415148944,6293216.86260079,2243.009350761253,far-field,D20171215,2017-12-15,0.41096908,0
D10115519254,-33.48429448,149.00789208,686552.540290001,6293218.160558131,2242.2528658105134,far-field,D20171215,2017-12-15,0.03225327,0
D10115519255,-33.48428358,149.00784575,686548.2584709893,6293219.452591283,2241.5084235706017,far-field,D20171215,2017-12-15,0.22636741,0
D10115519256,-33.48427262,149.0077992,686543.9563362037,6293220.751671621,2240.7700134606703,far-field,D20171215,2017-12-15,0.46878716,0
D10115519257,-33.48426161,149.0077524,686539.6310764437,6293222.056744078,2240.035587806366,far-field,D20171215,2017-12-15,0.85798156,1
D10115519259,-33.48423926,149.00765745,686530.8558131586,6293224.70590472,2238.574068511018,far-field,D20171215,2017-12-15,0.2531956,0
D10115519265,-33.48416287,149.0073332,686500.8887898987,6293233.75989934,2233.86599599761,far-field,D20171215,2017-12-15,0.46507135,0
D10115519266,-33.48415054,149.00728086,686496.0515467752,6293235.221288501,2233.1461426087644,far-field,D20171215,2017-12-15,0.8003864,1
D10115519269,-33.48411434,149.00712717,686481.8475552095,6293239.511850599,2231.096604200318,far-field,D20171215,2017-12-15,0.71128124,0
D10115519270,-33.48410235,149.00707625,686477.1415311287,6293240.932974238,2230.438535837011,far-field,D20171215,2017-12-15,0.5089179,0
D10115519271,-33.48409016,149.0070245,686472.3588069781,6293242.377765798,2229.7811086858655,far-field,D20171215,2017-12-15,0.7668698,1
D10115519276,-33.48403084,149.00677257,686449.0754202564,6293249.408676146,2226.735522322086,far-field,D20171215,2017-12-15,0.29585314,0
D10115519281,-33.48397823,149.00654895,686428.4083253302,6293255.644570731,2224.2469127178215,far-field,D20171215,2017-12-15,0.123513676,0
D10115519282,-33.48396819,149.00650625,686424.4619504112,6293256.8346571885,2223.7946216939313,far-field,D20171215,2017-12-15,0.8527051,1
D10115519283,-33.48395827,149.00646402,686420.5589921331,6293258.010590363,2223.3537555554667,far-field,D20171215,2017-12-15,0.15093638,0
D10115519284,-33.48394834,149.0064218,686416.6569836739,6293259.187612913,2222.921649279104,far-field,D20171215,2017-12-15,0.76620096,1
D10115519285,-33.48393841,149.00637957,686412.754045105,6293260.364651798,2222.496588963024,far-field,D20171215,2017-12-15,0.46707788,0
D10115519287,-33.48391857,149.00629519,686404.9555565132,6293262.716363119,2221.669306786751,far-field,D20171215,2017-12-15,0.42887932,0
D10115519289,-33.48389948,149.00621395,686397.4472416985,6293264.979257323,2220.8995289955988,far-field,D20171215,2017-12-15,0.5593044,0
D10115519290,-33.48389033,149.006175,686393.8474213794,6293266.0638994165,2220.5399218631287,far-field,D20171215,2017-12-15,0.7221314,0
D10115519294,-33.48385399,149.00602032,686379.551651678,6293270.371609988,2219.160579420895,far-field,D20171215,2017-12-15,0.41119203,0
D10115519298,-33.48381835,149.00586856,686365.5257117788,6293274.596428935,2217.816703792948,far-field,D20171215,2017-12-15,0.12395957,0
D10115519301,-33.48379175,149.00575532,686355.0598675788,6293277.749571621,2216.8145611180953,far-field,D20171215,2017-12-15,0.047934007,0
D10115519303,-33.4837737,149.00567847,686347.9572447005,6293279.8892129045,2216.1342437951703,far-field,D20171215,2017-12-15,0.56368905,0
D10115519305,-33.48375513,149.00559943,686340.652226947,6293282.090446198,2215.4351161795084,far-field,D20171215,2017-12-15,0.43333828,0
D10115519306,-33.48374589,149.00556009,686337.0163470592,6293283.185747265,2215.08686135547,far-field,D20171215,2017-12-15,0.56762785,0
D10115519307,-33.48373668,149.00552088,686333.3924824261,6293284.277486682,2214.7398110791,far-field,D20171215,2017-12-15,0.61117715,0
D10115519308,-33.48372749,149.0054818,686329.7806544789,6293285.366773412,2214.395001404497,far-field,D20171215,2017-12-15,0.4292509,0
D10115519310,-33.48370916,149.00540376,686322.5680402758,6293287.539582517,2213.704179551411,far-field,D20171215,2017-12-15,0.3330113,0
D10115519317,-33.48364461,149.00512903,686297.1769622844,6293295.191028327,2211.274410284798,far-field,D20171215,2017-12-15,0.851962,1
D10115519319,-33.48362573,149.00504871,686289.7536431485,6293297.42889707,2210.564876036035,far-field,D20171215,2017-12-15,0.08516647,0
D10115519322,-33.48359706,149.00492671,686278.478161721,6293300.827230539,2209.486379211385,far-field,D20171215,2017-12-15,0.684453,0
D10115519323,-33.4835875,149.00488602,686274.7175051919,6293301.960416881,2209.1264478594853,far-field,D20171215,2017-12-15,0.5005202,0
D10115519325,-33.48356642,149.00479642,686266.4365409333,6293304.458891669,2208.3368445543224,far-field,D20171215,2017-12-15,0.24375743,0
D10115519326,-33.48355553,149.00475017,686262.1620651234,6293305.749541826,2207.930179605255,far-field,D20171215,2017-12-15,0.14320749,0
D10115519330,-33.48351189,149.00456471,686245.0215771333,6293310.921820033,2206.296519935677,far-field,D20171215,2017-12-15,0.61474437,0
D10115519332,-33.4834882,149.00446413,686235.7258664514,6293313.729407065,2205.4128936214934,far-field,D20171215,2017-12-15,0.16446196,0
D10115519333,-33.48347621,149.00441321,686231.0197767208,6293315.15040734,2204.9651909266213,far-field,D20171215,2017-12-15,0.04830559,0
D10115519336,-33.48344196,149.00426773,686217.5743148476,6293319.209592765,2203.6854753378643,far-field,D20171215,2017-12-15,0.43527052,0
D10115519338,-33.48342066,149.0041772,686209.2073740619,6293321.734082595,2202.887743376132,far-field,D20171215,2017-12-15,0.30648038,0
D10115519340,-33.48339919,149.00408598,686200.7766746535,6293324.278655019,2202.084715977029,far-field,D20171215,2017-12-15,0.33732164,0
D10115519341,-33.48338839,149.00404007,686196.5335849284,6293325.558684764,2201.679976922684,far-field,D20171215,2017-12-15,0.52207196,0
D10115519344,-33.48335889,149.00391459,686184.9364397875,6293329.055191891,2200.5718504603406,far-field,D20171215,2017-12-15,0.11318371,0
D10115519346,-33.48333942,149.00383179,686177.2838809724,6293331.362848613,2199.8410357180123,far-field,D20171215,2017-12-15,0.2800981,0
D10115519353,-33.48327028,149.00353772,686150.1052360748,6293339.557597008,2197.244499620165,far-field,D20171215,2017-12-15,0.35619798,0
D10115519355,-33.48325048,149.00345352,686142.3232724922,6293341.904331554,2196.5017552756394,far-field,D20171215,2017-12-15,0.4077735,0
D10115519356,-33.48324061,149.00341155,686138.444305551,6293343.074136412,2196.1374689937543,far-field,D20171215,2017-12-15,0.33739597,0
D10115519362,-33.48318143,149.00315988,686115.184339258,6293350.08822713,2194.1081942219867,far-field,D20171215,2017-12-15,0.93779725,1
D10115519363,-33.483172,149.00311975,686111.4754081927,6293351.205927545,2193.808626187941,far-field,D20171215,2017-12-15,0.3645214,0
D10115519367,-33.4831343,149.00295932,686096.6479966778,6293355.674335288,2192.6790868024596,far-field,D20171215,2017-12-15,0.4662604,0
D10115519370,-33.48310718,149.00284387,686085.9777397099,6293358.888806023,2191.9325137115165,far-field,D20171215,2017-12-15,0.56866825,0
D10115519377,-33.48304167,149.00256515,686060.2176010369,6293366.65322399,2190.366568480234,far-field,D20171215,2017-12-15,0.9670036,1
D10115519386,-33.48294977,149.00217445,686024.1080220216,6293377.544798735,2188.7336994644147,far-field,D20171215,2017-12-15,0.8370987,1
D10115519394,-33.48286752,149.00182477,685991.7895598421,6293387.292591196,2187.8224190973633,far-field,D20171215,2017-12-15,0.91067183,1
D10115519400,-33.4828067,149.00156621,685967.8926460951,6293394.5005316455,2187.483593559842,far-field,D20171215,2017-12-15,0.2641944,0
D10115519403,-33.48277852,149.00144629,685956.8091978703,6293397.840413436,2187.4200721380553,far-field,D20171215,2017-12-15,0.14618014,0
D10115519405,-33.4827596,149.00136583,685949.3728114947,6293400.082699709,2187.413139840587,far-field,D20171215,2017-12-15,0.106049344,0
D10115519408,-33.48273219,149.00124915,685938.588786342,6293403.331366143,2187.4491773676195,far-field,D20171215,2017-12-15,0.079964325,0
D10115519409,-33.48272345,149.00121193,685935.1487583227,6293404.367266187,2187.4724869527167,far-field,D20171215,2017-12-15,0.025118906,0
D10115519410,-33.48271489,149.00117549,685931.7808272699,6293405.381806584,2187.501360854289,far-field,D20171215,2017-12-15,0.21224733,0
D10115519411,-33.48270614,149.00113824,685928.3380315157,6293406.418866826,2187.5366911744645,far-field,D20171215,2017-12-15,0.4638823,0
D10115519412,-33.48269738,149.00110092,685924.888751637,6293407.457160148,2187.5773220563074,far-field,D20171215,2017-12-15,0.44002676,0
D10115519413,-33.48268858,149.00106349,685921.4293347038,6293408.500085051,2187.625548338525,far-field,D20171215,2017-12-15,0.14632878,0
D10115519414,-33.48267978,149.00102599,685917.9634122544,6293409.543134062,2187.6780816083165,far-field,D20171215,2017-12-15,0.03307075,0
D10115519416,-33.48266278,149.00095358,685911.2709617955,6293411.55805205,2187.7972925986264,far-field,D20171215,2017-12-15,0.5959423,0
D10115519417,-33.48265468,149.00091906,685908.0804613649,6293412.51813314,2187.861505988745,far-field,D20171215,2017-12-15,0.091706306,0
D10115519418,-33.48264669,149.00088502,685904.9343298438,6293413.465154953,2187.930074483304,far-field,D20171215,2017-12-15,0.1756094,0
D10115519419,-33.48263875,149.00085117,685901.8057468871,6293414.406290652,2188.0025688699047,far-field,D20171215,2017-12-15,0.42315695,0
D10115519448,-33.48239934,148.99983115,685807.5305581455,6293442.7821515,2192.4865394310254,far-field,D20171215,2017-12-15,0.2043698,0
D10115519466,-33.48223566,148.99913457,685743.1493669965,6293462.180225505,2198.0984991213254,far-field,D20171215,2017-12-15,0.6659483,0
D10115519471,-33.4821883,148.99893309,685724.5276326612,6293467.792751325,2200.103995757318,far-field,D20171215,2017-12-15,0.5674792,0
D10115619016,-33.48667473,149.0174623,687436.7204914205,6292936.958392436,2554.233090155601,far-field,D20171215,2017-12-15,0.020882878,0
D10115619017,-33.48666578,149.01742416,687433.1957244608,6292938.019791272,2552.3552290410485,far-field,D20171215,2017-12-15,0.46336207,0
D10115619019,-33.48664768,149.01734709,687426.0732108309,6292940.166190818,2548.5737337924097,far-field,D20171215,2017-12-15,0.20065399,0
D10115619020,-33.48663799,149.01730584,687422.2610480847,6292941.315264872,2546.556574196834,far-field,D20171215,2017-12-15,0.37737814,0
D10115619021,-33.48662827,149.01726445,687418.4359400377,6292942.46791707,2544.5369990021086,far-field,D20171215,2017-12-15,0.5984691,0
D10115619022,-33.48661851,149.01722294,687414.5997666838,6292943.625220241,2542.5171725196915,far-field,D20171215,2017-12-15,0.92627823,1
D10115619029,-33.48655568,149.01695532,687389.8672698657,6292951.076042967,2529.6014077298923,far-field,D20171215,2017-12-15,0.6536861,0
D10115619030,-33.4865476,149.01692084,687386.6807150457,6292952.034336591,2527.950569784795,far-field,D20171215,2017-12-15,0.88443816,1
D10115619033,-33.48652322,149.01681687,687377.0720998902,6292954.925693276,2522.993938920779,far-field,D20171215,2017-12-15,0.6817033,0
D10115619034,-33.48651423,149.0167786,687373.5353273082,6292955.991740253,2521.1783235218454,far-field,D20171215,2017-12-15,0.91119206,1
D10115619036,-33.48649621,149.01670186,687366.4432817053,6292958.128627104,2517.549437291534,far-field,D20171215,2017-12-15,0.22733353,0
D10115619037,-33.4864872,149.01666348,687362.8963286125,6292959.197086571,2515.7405516828917,far-field,D20171215,2017-12-15,0.57647145,0
D10115619038,-33.48647819,149.01662511,687359.350304033,6292960.265526647,2513.9364761710212,far-field,D20171215,2017-12-15,0.6573276,0
D10115619040,-33.48646018,149.01654838,687352.2591604216,6292962.401275773,2510.340685924375,far-field,D20171215,2017-12-15,0.41052318,0
D10115619042,-33.48644217,149.01647167,687345.1698724197,6292964.536983437,2506.762913401515,far-field,D20171215,2017-12-15,0.6481867,0
D10115619045,-33.48641516,149.01635663,687334.5382473812,6292967.739935291,2501.428964207401,far-field,D20171215,2017-12-15,0.28247622,0
D10115619047,-33.48639717,149.01628,687327.456343001,6292969.873267259,2497.896853119876,far-field,D20171215,2017-12-15,0.44723544,0
D10115619049,-33.48637989,149.01620639,687320.653532705,6292971.922407104,2494.5197979138243,far-field,D20171215,2017-12-15,0.33516645,0
D10115619051,-33.48636284,149.01613371,687313.9366424254,6292973.944357497,2491.199857126057,far-field,D20171215,2017-12-15,0.29124555,0
D10115619054,-33.48633786,149.01602724,687304.0969734533,6292976.906689027,2486.3644012591785,far-field,D20171215,2017-12-15,0.5442182,0
D10115619055,-33.48632962,149.01599209,687300.8484896207,6292977.883906011,2484.774731933021,far-field,D20171215,2017-12-15,0.3116082,0
D10115619060,-33.48628798,149.01581458,687284.443465162,6292982.821944208,2476.8043787464053,far-field,D20171215,2017-12-15,0.28953627,0
D10115619061,-33.48627954,149.01577863,687281.1210702731,6292983.822777154,2475.2020623245435,far-field,D20171215,2017-12-15,0.6380054,0
D10115619106,-33.48591136,149.0142089,687136.0498157112,6293027.483850987,2409.044623868511,far-field,D20171215,2017-12-15,0.54198873,0
D10115619108,-33.48589428,149.01413612,687129.3236276242,6293029.509176471,2406.165271293994,far-field,D20171215,2017-12-15,0.5282402,0
D10115619109,-33.48588555,149.01409891,687125.8847445213,6293030.544386046,2404.6995391450696,far-field,D20171215,2017-12-15,0.3922414,0
D10115619110,-33.48587654,149.01406054,687122.3386724308,6293031.612736593,2403.1934669799593,far-field,D20171215,2017-12-15,0.15710464,0
D10115619111,-33.48586584,149.01401506,687118.135552629,6293032.881318318,2401.416238988885,far-field,D20171215,2017-12-15,0.78916466,1
D10115619226,-33.48471466,149.00911816,686665.5715223686,6293169.360039806,2252.219089309796,far-field,D20171215,2017-12-15,0.19426279,0
D10115619229,-33.48468741,149.00900213,686654.8480086878,6293172.590617356,2249.765795285122,far-field,D20171215,2017-12-15,0.45013377,0
D10115619230,-33.48467798,149.00896202,686651.141055246,6293173.708495256,2248.9310545311137,far-field,D20171215,2017-12-15,0.13057372,0
D10115619231,-33.48466852,149.00892176,686647.4202267646,6293174.829968307,2248.0990687835347,far-field,D20171215,2017-12-15,0.29124555,0
D10115619233,-33.48464949,149.0088408,686639.93791683,6293177.085899723,2246.446067878497,far-field,D20171215,2017-12-15,0.19426279,0
D10115619234,-33.48463992,149.00880007,686636.1736476314,6293178.220412003,2245.623913795437,far-field,D20171215,2017-12-15,0.30818966,0
D10115619235,-33.48463024,149.00875886,686632.3650100119,6293179.367984407,2244.7984968579176,far-field,D20171215,2017-12-15,0.2144025,0
D10115619236,-33.48461999,149.00871527,686628.3364348592,6293180.58304529,2243.9338288370327,far-field,D20171215,2017-12-15,0.4160969,0
D10115619238,-33.48459959,149.00862853,686620.3199539218,6293183.001281172,2242.236055288185,far-field,D20171215,2017-12-15,0.5802616,0
D10115619239,-33.48458929,149.00858473,686616.271969191,6293184.222259248,2241.390034659795,far-field,D20171215,2017-12-15,0.29399523,0
D10115619240,-33.48457891,149.00854059,686612.1925609094,6293185.452718532,2240.5451980805105,far-field,D20171215,2017-12-15,0.06866825,0
D10115619242,-33.48455661,149.00844585,686603.4367542601,6293188.09602531,2238.760245630842,far-field,D20171215,2017-12-15,0.109690845,0
D10115619243,-33.48454462,149.00839492,686598.7298407354,6293189.517228222,2237.815756204914,far-field,D20171215,2017-12-15,0.53203034,0
D10115619244,-33.48453275,149.00834453,686594.07284767,6293190.924150499,2236.8922289567827,far-field,D20171215,2017-12-15,0.27563912,0
D10115619245,-33.48452101,149.00829467,686589.464824409,6293192.315701237,2235.9879439641486,far-field,D20171215,2017-12-15,0.5419144,0
D10115619247,-33.48449795,149.00819668,686580.408632511,6293195.049109839,2234.2386354427563,far-field,D20171215,2017-12-15,0.7013971,0
D10115619248,-33.48448667,149.00814876,686575.9798922793,6293196.386154538,2233.3975544444424,far-field,D20171215,2017-12-15,0.60969085,0
D10115619250,-33.48446411,149.00805292,686567.1224084818,6293199.060237672,2231.7432032580864,far-field,D20171215,2017-12-15,0.10976516,0
D10115619251,-33.48445283,149.00800501,686562.6945941576,6293200.397258127,2230.930357580554,far-field,D20171215,2017-12-15,0.5149376,0
D10115619253,-33.48443048,149.00791004,686553.9174975476,6293203.046476922,2229.3455805611443,far-field,D20171215,2017-12-15,0.7022146,0
D10115619254,-33.48441963,149.00786391,686549.6541632046,6293204.332606768,2228.588389855708,far-field,D20171215,2017-12-15,0.0761742,0
D10115619255,-33.48440882,149.00781796,686545.4074684521,6293205.613975339,2227.8429790714877,far-field,D20171215,2017-12-15,0.008174792,0
D10115619256,-33.48439805,149.00777221,686541.1792717866,6293206.890546712,2227.1100477629,far-field,D20171215,2017-12-15,0.37239894,0
D10115619258,-33.48437661,149.00768107,686532.7561137783,6293209.4319472015,2225.6738149966955,far-field,D20171215,2017-12-15,0.07624851,0
D10115619259,-33.48436544,149.00763363,686528.3717294534,6293210.755908279,2224.9406439853274,far-field,D20171215,2017-12-15,0.2851516,0
D10115619265,-33.48429201,149.00732184,686499.5562423796,6293219.459257467,2220.352790514261,far-field,D20171215,2017-12-15,0.7766796,1
D10115619271,-33.48421622,149.00700018,686469.8286012434,6293228.44196393,2216.041796238677,far-field,D20171215,2017-12-15,0.5415428,0
D10115619272,-33.48420404,149.00694845,686465.047719625,6293229.885607231,2215.38744872236,far-field,D20171215,2017-12-15,0.9444114,1
D10115619275,-33.48416808,149.00679577,686450.9370647279,6293234.147694181,2213.5218414592805,far-field,D20171215,2017-12-15,0.56591856,0
D10115619276,-33.48415705,149.00674887,686446.602539302,6293235.455121648,2212.9665072582206,far-field,D20171215,2017-12-15,0.017092748,0
D10115619279,-33.4841241,149.00660887,686433.663703889,6293239.360609312,2211.365609654562,far-field,D20171215,2017-12-15,0.88116825,1
D10115619281,-33.4841027,149.00651791,686425.257135262,6293241.897154213,2210.3683097571006,far-field,D20171215,2017-12-15,0.4790428,0
D10115619282,-33.48409265,149.00647516,686421.3061409862,6293243.088438397,2209.910692228184,far-field,D20171215,2017-12-15,0.92806184,1
D10115619284,-33.48407255,149.00638967,686413.4050790307,6293245.470983816,2209.0186392643736,far-field,D20171215,2017-12-15,0.5295779,0
D10115619285,-33.48406249,149.00634692,686409.4541035338,6293246.663371968,2208.5848975177023,far-field,D20171215,2017-12-15,0.13956599,0
D10115619287,-33.48404244,149.00626162,686401.5705848397,6293249.040021416,2207.7398692698052,far-field,D20171215,2017-12-15,0.88666767,1
D10115619288,-33.48403298,149.00622138,686397.8515622577,6293250.16135964,2207.3519301545357,far-field,D20171215,2017-12-15,0.6681778,0
D10115619290,-33.48401425,149.00614167,686390.4846597287,6293252.3815787565,2206.602527854834,far-field,D20171215,2017-12-15,0.8472057,1
D10115619294,-33.48397702,149.00598325,686375.8432775283,6293256.794698024,2205.183879720351,far-field,D20171215,2017-12-15,0.8064061,1
D10115619298,-33.48394152,149.00583205,686361.8690945617,6293261.002981599,2203.8440866936644,far-field,D20171215,2017-12-15,0.41178656,0
D10115619301,-33.4839149,149.0057187,686351.3930856265,6293264.158536386,2202.8403678525874,far-field,D20171215,2017-12-15,0.35612366,0
D10115619303,-33.48389643,149.0056401,686344.1287534413,6293266.347893385,2202.145489613953,far-field,D20171215,2017-12-15,0.057074912,0
D10115619305,-33.48387782,149.00556091,686336.8098924425,6293268.553829348,2201.44552961124,far-field,D20171215,2017-12-15,0.21016647,0
D10115619309,-33.48384066,149.00540275,686322.1924763237,6293272.958635496,2200.046675131786,far-field,D20171215,2017-12-15,0.28411117,0
D10115619310,-33.48383145,149.00536355,686318.569543551,6293274.050351506,2199.699952643715,far-field,D20171215,2017-12-15,0.13057372,0
D10115619311,-33.48382221,149.00532421,686314.933664791,6293275.14564429,2199.3516905649913,far-field,D20171215,2017-12-15,0.16342153,0
D10115619313,-33.48380363,149.00524516,686307.627736948,6293277.347979331,2198.6532429558038,far-field,D20171215,2017-12-15,0.36110285,0
D10115619316,-33.48377554,149.0051256,686296.5777794989,6293280.6776362,2197.595663337105,far-field,D20171215,2017-12-15,0.5679994,0
D10115619317,-33.48376611,149.00508551,686292.8726093213,6293281.795336748,2197.2421862422093,far-field,D20171215,2017-12-15,0.80677766,1
D10115619320,-33.48373824,149.00496689,686281.9095211059,6293285.098892191,2196.192990005717,far-field,D20171215,2017-12-15,0.50966114,0
D10115619321,-33.48372891,149.00492719,686278.2403744962,6293286.204797466,2195.8420889495455,far-field,D20171215,2017-12-15,0.6599287,0
D10115619322,-33.48371954,149.00488729,686274.5527277582,6293287.315496061,2195.48869301418,far-field,D20171215,2017-12-15,0.44017538,0
D10115619323,-33.48370948,149.00484452,686270.5998626869,6293288.507861676,2195.1115350445175,far-field,D20171215,2017-12-15,0.07862663,0
D10115619324,-33.48369902,149.00480008,686266.4926682796,6293289.747580781,2194.7203941556945,far-field,D20171215,2017-12-15,0.3480975,0
D10115619325,-33.48368853,149.00475546,686262.3688106276,6293290.990947971,2194.3263856549356,far-field,D20171215,2017-12-15,0.17352854,0
D10115619326,-33.48367786,149.00471012,686258.1784313178,6293292.255566584,2193.9271289767184,far-field,D20171215,2017-12-15,0.77504456,1
D10115619327,-33.48366719,149.00466477,686253.9871217629,6293293.520201268,2193.5275383154385,far-field,D20171215,2017-12-15,0.5151605,0
D10115619329,-33.48364607,149.004575,686245.6904490518,6293296.023399245,2192.7364221151274,far-field,D20171215,2017-12-15,0.26627526,0
D10115619331,-33.48362237,149.00447436,686236.3891991199,6293298.832204233,2191.8518474051725,far-field,D20171215,2017-12-15,0.7829964,1
D10115619332,-33.48361046,149.00442381,686231.7173279705,6293300.243669676,2191.4081392489416,far-field,D20171215,2017-12-15,0.6319857,0
D10115619333,-33.48359871,149.00437392,686227.1064436969,6293301.636205345,2190.9697556817796,far-field,D20171215,2017-12-15,0.46559155,0
D10115619334,-33.48358675,149.00432313,686222.4123750629,6293303.053641541,2190.5232574721845,far-field,D20171215,2017-12-15,0.9140904,1
D10115619337,-33.48355509,149.00418854,686209.9733395866,6293306.806059385,2189.3366180538233,far-field,D20171215,2017-12-15,0.265978,0
D10115619338,-33.48354444,149.00414328,686205.7903390401,6293308.068293182,2188.937917978871,far-field,D20171215,2017-12-15,0.61102855,0
D10115619339,-33.48353395,149.00409871,686201.6711134701,6293309.311544015,2188.5455388387913,far-field,D20171215,2017-12-15,0.5413942,0
D10115619340,-33.48352347,149.00405414,686197.55186553,6293310.553684086,2188.15212162356,far-field,D20171215,2017-12-15,0.26716706,0
D10115619341,-33.48351349,149.00401169,686193.6285480699,6293311.736571605,2187.7772589793703,far-field,D20171215,2017-12-15,0.14543697,0
D10115619343,-33.48349349,149.00392665,686185.7689866067,6293314.107028678,2187.027025976672,far-field,D20171215,2017-12-15,0.37106124,0
D10115619344,-33.48348347,149.00388404,686181.8308840875,6293315.2946340935,2186.6509918413594,far-field,D20171215,2017-12-15,0.41877228,0
D10115619345,-33.4834735,149.00384163,686177.9112587457,6293316.476334341,2186.276413285652,far-field,D20171215,2017-12-15,0.4393579,0
D10115619346,-33.48346356,149.0037994,686174.008294895,6293317.654383225,2185.9046986461153,far-field,D20171215,2017-12-15,0.47465813,0
D10115619348,-33.48344375,149.00371511,686166.2180121018,6293320.002408532,2185.1596536285783,far-field,D20171215,2017-12-15,0.07275565,0
D10115619349,-33.48343382,149.00367289,686162.3159535172,6293321.179325666,2184.78722936011,far-field,D20171215,2017-12-15,0.16252972,0
D10115619352,-33.48340404,149.00354626,686150.6125389506,6293324.708904579,2183.6699052096887,far-field,D20171215,2017-12-15,0.98885256,1
D10115619353,-33.48339412,149.00350406,686146.7123140254,6293325.884670405,2183.297101368483,far-field,D20171215,2017-12-15,0.8162158,1
D10115619356,-33.48336503,149.00338031,686135.2750379925,6293329.332547299,2182.20606238933,far-field,D20171215,2017-12-15,0.07989001,0
D10115619358,-33.48334562,149.00329777,686127.6465018333,6293331.633044143,2181.503347461757,far-field,D20171215,2017-12-15,0.69626933,0
D10115619359,-33.48333587,149.00325628,686123.8118851917,6293332.788675036,2181.1603220785223,far-field,D20171215,2017-12-15,0.15665874,0
D10115619361,-33.48331654,149.00317407,686116.213838335,6293335.079699203,2180.5033395566675,far-field,D20171215,2017-12-15,0.31502676,0
D10115619363,-33.48329776,149.00309415,686108.8274109544,6293337.305618657,2179.890953048022,far-field,D20171215,2017-12-15,0.62299347,0
D10115619364,-33.48328833,149.00305401,686105.1175550851,6293338.423334762,2179.593374756418,far-field,D20171215,2017-12-15,0.20005946,0
D10115619369,-33.48324198,149.00285678,686086.889004468,6293343.916955847,2178.232313476956,far-field,D20171215,2017-12-15,0.31309453,0
D10115619370,-33.48323321,149.00281944,686083.4379237929,6293344.956452474,2177.992738844197,far-field,D20171215,2017-12-15,0.5373068,0
D10115619374,-33.48319849,149.0026716,686069.7740712669,6293349.071779091,2177.1021869190718,far-field,D20171215,2017-12-15,0.5471165,0
D10115619377,-33.4831689,149.00254574,686058.141741728,6293352.578792261,2176.4208249758617,far-field,D20171215,2017-12-15,0.71685493,0
D10115619392,-33.48301217,149.00187956,685996.5716487396,6293371.153391314,2173.9532733953743,far-field,D20171215,2017-12-15,0.11147443,0
D10115619394,-33.48299082,149.00178886,685988.1889257573,6293373.683534214,2173.7654277260676,far-field,D20171215,2017-12-15,0.56368905,0
D10115619400,-33.48292749,149.0015197,685963.312395809,6293381.1888059545,2173.4125453705524,far-field,D20171215,2017-12-15,0.43148038,0
D10115619401,-33.48291837,149.00148089,685959.7254381292,6293382.269704185,2173.386051600635,far-field,D20171215,2017-12-15,0.15257135,0
D10115619405,-33.48288093,149.00132159,685945.0023728813,6293386.707016254,2173.3455721836394,far-field,D20171215,2017-12-15,0.46514565,0
D10115619407,-33.48286293,149.00124493,685937.9171452699,6293388.840462743,2173.3630135435083,far-field,D20171215,2017-12-15,0.27311236,0
D10115619408,-33.48285437,149.0012085,685934.5501492564,6293389.8549864665,2173.380785510383,far-field,D20171215,2017-12-15,0.07966706,0
D10115619410,-33.48283741,149.00113627,685927.874356692,6293391.86515852,2173.4315600302853,far-field,D20171215,2017-12-15,0.43088585,0
D10115619412,-33.48282023,149.0010631,685921.111681377,6293393.901406553,2173.5057138909983,far-field,D20171215,2017-12-15,0.070972055,0
D10115619413,-33.48281161,149.00102639,685917.7187911132,6293394.9230795,2173.5516292557127,far-field,D20171215,2017-12-15,0.38213438,0
D10115619414,-33.48280299,149.00098969,685914.326829461,6293395.944733311,2173.603555636381,far-field,D20171215,2017-12-15,0.14840963,0
D10115619416,-33.48278669,149.0009202,685907.904236072,6293397.876792477,2173.715362014031,far-field,D20171215,2017-12-15,0.38488406,0
D10115619417,-33.48277858,149.00088566,685904.7119028606,6293398.838017432,2173.779498726131,far-field,D20171215,2017-12-15,0.010850178,0
D10115619419,-33.4827624,149.00081669,685898.3373710911,6293400.755831263,2173.9213335906243,far-field,D20171215,2017-12-15,0.17917657,0
D10115619450,-33.48250193,148.99970719,685795.7922472139,6293431.627291802,2179.018101761976,far-field,D20171215,2017-12-15,0.568148,0
D10115619453,-33.48247509,148.99959293,685785.231809573,6293434.808240794,2179.84279768911,far-field,D20171215,2017-12-15,0.89357907,1
D10115619454,-33.48246589,148.99955378,685781.6133916494,6293435.898551175,2180.1385172328305,far-field,D20171215,2017-12-15,0.94931626,1
D10115619457,-33.48243829,148.99943633,685770.7581334222,6293439.169473961,2181.0647148537732,far-field,D20171215,2017-12-15,0.91981274,1
D10115619458,-33.48242892,148.9993965,685767.0768856277,6293440.279847974,2181.3932088995243,far-field,D20171215,2017-12-15,0.45191735,0
D10115619462,-33.48239302,148.9992437,685752.9543931881,6293444.534447007,2182.7107375917317,far-field,D20171215,2017-12-15,0.976962,1
D10115619465,-33.4823667,148.99913164,685742.5972578143,6293447.653745428,2183.7388847367492,far-field,D20171215,2017-12-15,0.39246434,0
D10115619468,-33.48233975,148.99901693,685731.995206336,6293450.847638297,2184.847126566642,far-field,D20171215,2017-12-15,0.9337842,1
D10115619473,-33.48229255,148.99881614,685713.4372669971,6293456.441165575,2186.923466038658,far-field,D20171215,2017-12-15,0.7725921,1
D10115718975,-33.48718089,149.0190565,687583.7654487399,6292877.947023315,2626.5851444637574,far-field,D20171215,2017-12-15,0.56190544,0
D10115718996,-33.4869765,149.01818657,687503.3706850094,6292902.1850589905,2580.807270978085,far-field,D20171215,2017-12-15,0.28574613,0
D10115718997,-33.48696637,149.01814351,687499.3913047072,6292903.386228921,2578.5922140795747,far-field,D20171215,2017-12-15,0.41453627,0
D10115719008,-33.48686522,149.01771276,687459.5831907036,6292915.381471989,2556.6861630336834,far-field,D20171215,2017-12-15,0.44946492,0
D10115719009,-33.48685688,149.01767718,687456.2949995202,6292916.370609279,2554.897430271955,far-field,D20171215,2017-12-15,0.8965517,1
D10115719011,-33.48683898,149.01760093,687449.248271357,6292918.493366662,2551.0774503793705,far-field,D20171215,2017-12-15,0.6053805,0
D10115719013,-33.48682041,149.01752188,687441.942802482,6292920.695476003,2547.134556469023,far-field,D20171215,2017-12-15,0.21596314,0
D10115719016,-33.48679225,149.01740197,687430.8611997532,6292924.034863554,2541.185014178576,far-field,D20171215,2017-12-15,0.47146255,0
D10115719017,-33.4867831,149.01736303,687427.2625304166,6292925.119884369,2539.261683721415,far-field,D20171215,2017-12-15,0.19842449,0
D10115719020,-33.48675467,149.01724197,687416.07463981,6292928.49127317,2533.307300862024,far-field,D20171215,2017-12-15,0.5520214,0
D10115719021,-33.48674512,149.01720135,687412.3207201447,6292929.623680379,2531.3191580304842,far-field,D20171215,2017-12-15,0.043623663,0
D10115719024,-33.48671648,149.01707942,687401.0524302563,6292933.01991044,2525.3764141883194,far-field,D20171215,2017-12-15,0.80826396,1
D10115719029,-33.48667164,149.01688843,687383.4018268315,6292938.337329941,2516.148496826827,far-field,D20171215,2017-12-15,0.684453,0
D10115719040,-33.48657839,149.016491,687346.6726070784,6292949.395857101,2497.2684571212785,far-field,D20171215,2017-12-15,0.5969828,0
D10115719043,-33.48655167,149.01637719,687336.1546693845,6292952.564431449,2491.9455544794346,far-field,D20171215,2017-12-15,0.29466408,0
D10115719047,-33.48651579,149.01622436,687322.0306224243,6292956.819227835,2484.8560361482378,far-field,D20171215,2017-12-15,0.1993163,0
D10115719048,-33.48650692,149.01618658,687318.5391178778,6292957.871062448,2483.11390121358,far-field,D20171215,2017-12-15,0.35954222,0
D10115719055,-33.48644671,149.01592999,687294.825818049,6292965.011181753,2471.3891044719717,far-field,D20171215,2017-12-15,0.4630648,0
D10115719110,-33.48600237,149.01403528,687119.7206950174,6293017.704262763,2390.9549362360367,far-field,D20171215,2017-12-15,0.32275563,0
D10115719123,-33.48580785,149.01321036,687043.4850643867,6293040.762667906,2359.6013720575547,far-field,D20171215,2017-12-15,0.48454222,0
D10115719226,-33.48484151,149.00909719,686663.3506450561,6293155.330643285,2238.9255078312144,far-field,D20171215,2017-12-15,0.3617717,0
D10115719230,-33.48480439,149.00893916,686648.7455163406,6293159.73128929,2235.5649848369585,far-field,D20171215,2017-12-15,0.1519025,0
D10115719231,-33.48479513,149.00889976,686645.1041786966,6293160.829036012,2234.74307810848,far-field,D20171215,2017-12-15,0.42159632,0
D10115719233,-33.48477651,149.00882052,686637.7808291361,6293163.036405999,2233.108443873164,far-field,D20171215,2017-12-15,0.5720868,0
D10115719234,-33.48476713,149.00878057,686634.088638461,6293164.148444943,2232.293060178385,far-field,D20171215,2017-12-15,0.18883769,0
D10115719235,-33.48475707,149.00873779,686630.1349308392,6293165.3409802,2231.4284973118356,far-field,D20171215,2017-12-15,0.42984542,0
D10115719236,-33.48474657,149.00869315,686626.0093275417,6293166.585652333,2230.53439343355,far-field,D20171215,2017-12-15,0.761519,1
D10115719240,-33.48470487,149.00851585,686609.6233455183,6293171.5287886495,2227.061620390732,far-field,D20171215,2017-12-15,0.28173307,0
D10115719242,-33.48468149,149.00841656,686600.4470631671,6293174.300041168,2225.1746743449926,far-field,D20171215,2017-12-15,0.350327,0
D10115719244,-33.4846573,149.00831384,686590.9537836281,6293177.167276476,2223.264573197429,far-field,D20171215,2017-12-15,0.87938464,1
D10115719247,-33.48462221,149.00816481,686577.1805588324,6293181.326513202,2220.5685541713933,far-field,D20171215,2017-12-15,0.6067182,0
D10115719248,-33.48461108,149.00811749,686572.8072574991,6293182.645843817,2219.73015883514,far-field,D20171215,2017-12-15,0.72280025,0
D10115719249,-33.48459998,149.00807033,686568.4487586219,6293183.961557918,2218.904397562559,far-field,D20171215,2017-12-15,0.07268133,0
D10115719253,-33.48455503,149.00787935,686550.7984890558,6293189.289592511,2215.652786242709,far-field,D20171215,2017-12-15,0.56733054,0
D10115719254,-33.4845439,149.00783206,686546.4279689158,6293190.6088569155,2214.870552378792,far-field,D20171215,2017-12-15,0.7211653,0
D10115719255,-33.48453282,149.007785,686542.0787130606,6293191.92216113,2214.101605138931,far-field,D20171215,2017-12-15,0.5159037,0
D10115719256,-33.48452179,149.0077381,686537.7442167916,6293193.229630995,2213.343045657762,far-field,D20171215,2017-12-15,0.19299941,0
D10115719258,-33.48449962,149.00764391,686529.0392164597,6293195.857464122,2211.848657500407,far-field,D20171215,2017-12-15,0.26612663,0
D10115719259,-33.48448779,149.00759365,686524.3942066403,6293197.259682722,2211.066136081421,far-field,D20171215,2017-12-15,0.66631985,0
D10115719260,-33.48447595,149.00754337,686519.7473585557,6293198.663043924,2210.294214024662,far-field,D20171215,2017-12-15,0.21157847,0
D10115719261,-33.48446411,149.00749309,686515.1005092462,6293200.066402825,2209.5326837835487,far-field,D20171215,2017-12-15,0.66810346,0
D10115719264,-33.48442821,149.00734064,686501.0111604116,6293204.321499024,2207.2874272201366,far-field,D20171215,2017-12-15,0.11035969,0
D10115719265,-33.48441583,149.00728809,686496.1545254919,6293205.788811074,2206.536219056191,far-field,D20171215,2017-12-15,0.7016201,0
D10115719266,-33.48440338,149.00723526,686491.2720204666,6293207.264386401,2205.792919108311,far-field,D20171215,2017-12-15,0.9933115,1
D10115719269,-33.48436591,149.00707619,686476.5708583303,6293211.705446671,2203.6229241439264,far-field,D20171215,2017-12-15,0.78700954,1
D10115719274,-33.48430581,149.006821,686452.9862878072,6293218.828725729,2200.3598803704676,far-field,D20171215,2017-12-15,0.12931034,0
D10115719277,-33.48427178,149.00667644,686439.6260560793,6293222.8621813925,2198.6301646492325,far-field,D20171215,2017-12-15,0.5074316,0
D10115719281,-33.48422827,149.00649153,686422.5366238031,6293228.019381808,2196.542974018095,far-field,D20171215,2017-12-15,0.5396849,0
D10115719282,-33.48421821,149.00644876,686418.5837980241,6293229.211810014,2196.080173114581,far-field,D20171215,2017-12-15,0.8903835,1
D10115719284,-33.4841981,149.00636321,686410.6771931257,6293231.595570438,2195.1761942968164,far-field,D20171215,2017-12-15,0.7062277,0
D10115719286,-33.48417782,149.00627697,686402.7068309747,6293233.999415632,2194.2968008584335,far-field,D20171215,2017-12-15,0.43586504,0
D10115719287,-33.48416796,149.00623503,686398.8306996513,6293235.168165799,2193.8801641924415,far-field,D20171215,2017-12-15,0.97012484,1
D10115719294,-33.48410093,149.00594987,686372.475919106,6293243.1135709165,2191.2384669690987,far-field,D20171215,2017-12-15,0.7355083,0
D10115719295,-33.48409189,149.00591138,686368.9186146288,6293244.185179484,2190.89771808841,far-field,D20171215,2017-12-15,0.9574168,1
D10115719298,-33.48406494,149.00579662,686358.3123092852,6293247.379870065,2189.8814118155997,far-field,D20171215,2017-12-15,0.52392983,0
D10115719299,-33.48405601,149.00575859,686354.7975116954,6293248.43844885,2189.5445260909073,far-field,D20171215,2017-12-15,0.84430736,1
D10115719300,-33.4840471,149.00572065,686351.291033792,6293249.494646821,2189.2085535640026,far-field,D20171215,2017-12-15,0.53715813,0
D10115719301,-33.48403795,149.00568171,686347.6921445502,6293250.579253794,2188.8642582751745,far-field,D20171215,2017-12-15,0.48431927,0
D10115719303,-33.48401932,149.00560244,686340.3659052992,6293252.787554607,2188.1637233533756,far-field,D20171215,2017-12-15,0.034780025,0
D10115719305,-33.48400071,149.00552321,686333.0433371605,6293254.993559982,2187.4624373634792,far-field,D20171215,2017-12-15,0.32126933,0
D10115719309,-33.48396384,149.00536629,686318.5405463991,6293259.3639757205,2186.074692022922,far-field,D20171215,2017-12-15,0.13101962,0
D10115719311,-33.48394576,149.00528933,686311.4277735217,6293261.507114737,2185.393810451104,far-field,D20171215,2017-12-15,0.7552021,0
D10115719313,-33.48392756,149.00521188,686304.2697215923,6293263.66443536,2184.7090937946,far-field,D20171215,2017-12-15,0.42122474,0
D10115719314,-33.48391842,149.00517296,686300.6726598511,6293264.747879455,2184.3644058988066,far-field,D20171215,2017-12-15,0.23156956,0
D10115719316,-33.48390005,149.00509475,686293.4443446982,6293266.925408201,2183.672070675075,far-field,D20171215,2017-12-15,0.2672414,0
D10115719317,-33.48389081,149.00505545,686289.8121834391,6293268.020619731,2183.325127491876,far-field,D20171215,2017-12-15,0.34118608,0
D10115719320,-33.48386292,149.00493675,686278.841719259,6293271.326533893,2182.2753515090703,far-field,D20171215,2017-12-15,0.46514565,0
D10115719321,-33.48385371,149.00489756,686275.2197125016,6293272.4182154955,2181.928944419374,far-field,D20171215,2017-12-15,0.35567775,0
D10115719322,-33.48384384,149.00485556,686271.3379991167,6293273.588129664,2181.5576586504167,far-field,D20171215,2017-12-15,0.14528835,0
D10115719323,-33.48383323,149.00481045,686267.1688727436,6293274.845686099,2181.1598260206447,far-field,D20171215,2017-12-15,0.12314209,0
D10115719326,-33.48380126,149.00467461,686254.6143957223,6293278.6347848475,2179.96389466624,far-field,D20171215,2017-12-15,0.15472652,0
D10115719327,-33.48379069,149.00462966,686250.4600477563,6293279.887610924,2179.5672194804256,far-field,D20171215,2017-12-15,0.1683264,0
D10115719329,-33.48376773,149.00453213,686241.4462274117,6293282.608778248,2178.7092021224157,far-field,D20171215,2017-12-15,0.23000892,0
D10115719333,-33.48372096,149.00433351,686223.0895792384,6293288.151735328,2176.9630535818183,far-field,D20171215,2017-12-15,0.46514565,0
D10115719338,-33.48366799,149.00410837,686202.2818085866,6293294.429784704,2174.9790675967656,far-field,D20171215,2017-12-15,0.8084126,1
D10115719341,-33.48363794,149.00398061,686190.474011234,6293297.991383118,2173.852277850374,far-field,D20171215,2017-12-15,0.64744353,0
D10115719343,-33.48361899,149.00389996,686183.020154894,6293300.237523217,2173.1389584808558,far-field,D20171215,2017-12-15,0.440324,0
D10115719344,-33.48360941,149.00385922,686179.2548863168,6293301.372979474,2172.779401646727,far-field,D20171215,2017-12-15,0.3275862,0
D10115719345,-33.48359977,149.00381822,686175.4655847934,6293302.515554311,2172.4174304279754,far-field,D20171215,2017-12-15,0.5432521,0
D10115719346,-33.48359006,149.00377692,686171.6485547031,6293303.6664284,2172.05275330589,far-field,D20171215,2017-12-15,0.4622473,0
D10115719349,-33.48355959,149.00364736,686159.6743702239,6293307.277792771,2170.9096948390784,far-field,D20171215,2017-12-15,0.1158591,0
D10115719359,-33.48346126,149.00322914,686121.0215594432,6293318.9321614085,2167.252540103097,far-field,D20171215,2017-12-15,0.4771849,0
D10115719363,-33.48342428,149.00307178,686106.4779427504,6293323.315237088,2166.0007836184645,far-field,D20171215,2017-12-15,0.7664239,1
D10115719364,-33.48341506,149.00303251,686102.8484879985,6293324.408104593,2165.7040049454417,far-field,D20171215,2017-12-15,0.25163496,0
D10115719365,-33.4834058,149.00299311,686099.2070377753,6293325.505639597,2165.413857151398,far-field,D20171215,2017-12-15,0.2929548,0
D10115719370,-33.4833603,149.00279944,686081.3075058267,6293330.8986071255,2164.0824155590144,far-field,D20171215,2017-12-15,0.34832045,0
D10115719372,-33.48334247,149.00272355,686074.2935329105,6293333.011924372,2163.604578204628,far-field,D20171215,2017-12-15,0.50118905,0
D10115719373,-33.4833336,149.00268578,686070.8027111094,6293334.063277015,2163.3755576600242,far-field,D20171215,2017-12-15,0.6872771,0
D10115719377,-33.4832948,149.00252073,686055.5483485814,6293338.661889179,2162.4507028463754,far-field,D20171215,2017-12-15,0.8403686,1
D10115719381,-33.4832543,149.00234857,686039.6369079314,6293343.461742589,2161.61369769846,far-field,D20171215,2017-12-15,0.71239597,0
D10115719382,-33.48324367,149.00230336,686035.4584770458,6293344.721593283,2161.414445723473,far-field,D20171215,2017-12-15,0.7122473,0
D10115719385,-33.4832117,149.00216749,686022.9010474022,6293348.510435977,2160.871047159346,far-field,D20171215,2017-12-15,0.664239,0
D10115719391,-33.4831479,149.00189638,685997.8444051245,6293356.071416684,2160.0252164417398,far-field,D20171215,2017-12-15,0.30491975,0
D10115719401,-33.48304281,149.00144973,685956.5638116687,6293368.525706547,2159.320688431706,far-field,D20171215,2017-12-15,0.33189654,0
D10115719406,-33.48299434,149.00124355,685937.5079816056,6293374.270171672,2159.281423460879,far-field,D20171215,2017-12-15,0.51010704,0
D10115719409,-33.48296894,149.00113537,685927.5095563728,6293377.280700484,2159.330802538315,far-field,D20171215,2017-12-15,0.21663198,0
D10115719410,-33.48296045,149.00109921,685924.1675039944,6293378.286974406,2159.3585488971044,far-field,D20171215,2017-12-15,0.4790428,0
D10115719412,-33.48294348,149.00102693,685917.4870930002,6293380.298338082,2159.430848946114,far-field,D20171215,2017-12-15,0.46967897,0
D10115719413,-33.48293501,149.00099087,685914.1542885714,6293381.302211413,2159.4757489516005,far-field,D20171215,2017-12-15,0.33553806,0
D10115719416,-33.48291061,149.00088688,685904.5430725368,6293384.194315467,2159.6338633253545,far-field,D20171215,2017-12-15,0.11935196,0
D10115719417,-33.48290252,149.00085238,685901.3544179893,6293385.153249965,2159.696081616099,far-field,D20171215,2017-12-15,0.4406213,0
D10115719418,-33.48289442,149.00081788,685898.1657842407,6293386.113292333,2159.764504555288,far-field,D20171215,2017-12-15,0.41854936,0
D10115719419,-33.48288649,149.00078407,685895.0409055101,6293387.053245641,2159.8356773285104,far-field,D20171215,2017-12-15,0.10894768,0
D10115719420,-33.48287839,149.00074955,685891.8504121021,6293388.013321685,2159.913800770716,far-field,D20171215,2017-12-15,0.7658294,1
D10115719424,-33.48284258,149.00059711,685877.7613024134,6293392.257484131,2160.324554182492,far-field,D20171215,2017-12-15,0.10597503,0
D10115719446,-33.48265798,148.99981078,685805.0851322265,6293414.136643451,2164.0186030143136,far-field,D20171215,2017-12-15,0.3029132,0
D10115719449,-33.48263194,148.99969992,685794.8389569258,6293417.222801449,2164.754446801634,far-field,D20171215,2017-12-15,0.71299046,0
D10115719450,-33.48262316,148.99966254,685791.384128912,6293418.263371542,2165.0144005248435,far-field,D20171215,2017-12-15,0.63726217,0
D10115719451,-33.48261435,148.99962502,685787.9163546305,6293419.3075178135,2165.2810277697977,far-field,D20171215,2017-12-15,0.008026159,0
D10115719457,-33.48255962,148.99939209,685766.3879341169,6293425.793720467,2167.0748863912754,far-field,D20171215,2017-12-15,0.93088585,1
D10115719458,-33.48255042,148.99935297,685762.7723057641,6293426.883970164,2167.3997835991636,far-field,D20171215,2017-12-15,0.6332491,0
D10115719466,-33.48247977,148.99905218,685734.9718669592,6293435.256999487,2170.106138737372,far-field,D20171215,2017-12-15,0.52333534,0
D10115719469,-33.48245266,148.9989368,685724.3079083869,6293438.469826602,2171.2474043684592,far-field,D20171215,2017-12-15,0.70585614,0
D10115719474,-33.48240701,148.99874255,685706.3544195812,6293443.879751481,2173.297284845324,far-field,D20171215,2017-12-15,0.82959276,1
D10115719484,-33.48231681,148.99835866,685670.8734304826,6293454.569267198,2177.815638660494,far-field,D20171215,2017-12-15,0.68318963,0
D10115719486,-33.48229834,148.99828006,685663.6088297828,6293456.758098252,2178.817519695845,far-field,D20171215,2017-12-15,0.38116825,0
D10115719489,-33.48227057,148.9981619,685652.6879009603,6293460.049007524,2180.3728853022917,far-field,D20171215,2017-12-15,0.65814507,0
D10115818952,-33.48751707,149.01992711,687663.9386273941,6292839.092090763,2665.0832515286247,far-field,D20171215,2017-12-15,0.4639566,0
D10115818966,-33.48739007,149.01938616,687613.9467597718,6292854.153915153,2635.0628645336733,far-field,D20171215,2017-12-15,0.45251188,0
D10115818971,-33.48734324,149.01918678,687595.5210768175,6292859.707584797,2624.174964524336,far-field,D20171215,2017-12-15,0.7322384,0
D10115818972,-33.48733383,149.01914672,687591.8189352531,6292860.8235263955,2621.9989741488644,far-field,D20171215,2017-12-15,0.8541171,1
D10115818975,-33.48730514,149.01902459,687580.5323008983,6292864.225879049,2615.389320414318,far-field,D20171215,2017-12-15,0.2531956,0
D10115818987,-33.48718943,149.01853203,687535.0123360886,6292877.9478053,2589.105501355135,far-field,D20171215,2017-12-15,0.25066885,0
D10115818988,-33.48717962,149.0184903,687531.155865045,6292879.111099005,2586.907097328227,far-field,D20171215,2017-12-15,0.5073573,0
D10115818989,-33.48716907,149.01844544,687527.0101436691,6292880.36210973,2584.5490215342297,far-field,D20171215,2017-12-15,0.34140903,0
D10115818991,-33.48714769,149.01835449,687518.6050079243,6292882.8973989375,2579.783220042118,far-field,D20171215,2017-12-15,0.19195898,0
D10115818994,-33.48711561,149.01821808,687505.9987121918,6292886.701400498,2572.675900954333,far-field,D20171215,2017-12-15,0.62485135,0
D10115818995,-33.48710493,149.01817268,687501.8030873949,6292887.967792178,2570.32127239877,far-field,D20171215,2017-12-15,0.690324,0
D10115818996,-33.48709425,149.01812724,687497.6037447298,6292889.234254244,2567.969197173982,far-field,D20171215,2017-12-15,0.21195006,0
D10115818997,-33.48708369,149.01808236,687493.4561785955,6292890.486395241,2565.652213486942,far-field,D20171215,2017-12-15,0.26189062,0
D10115819000,-33.48705241,149.0179493,687481.1594286215,6292894.195594666,2558.811496953313,far-field,D20171215,2017-12-15,0.32238406,0
D10115819001,-33.48704293,149.01790894,687477.4295374322,6292895.3197957985,2556.7451003998194,far-field,D20171215,2017-12-15,0.31688467,0
D10115819008,-33.4869817,149.01764807,687453.3209801482,6292902.5811625365,2543.4888023331064,far-field,D20171215,2017-12-15,0.60054994,0
D10115819013,-33.48693654,149.01745572,687435.5447721721,6292907.936624486,2533.8311476588556,far-field,D20171215,2017-12-15,0.3412604,0
D10115819018,-33.48688973,149.01725642,687417.1262938876,6292913.487581545,2523.9309751114993,far-field,D20171215,2017-12-15,0.42538646,0
D10115819020,-33.48687108,149.01717701,687409.7875435783,6292915.699188168,2520.0162790016307,far-field,D20171215,2017-12-15,0.850327,1
D10115819021,-33.48686172,149.01713714,687406.1029105558,6292916.809168629,2518.0570094033806,far-field,D20171215,2017-12-15,0.50423604,0
D10115819023,-33.48684279,149.01705656,687398.6560401618,6292919.053930094,2514.1114923727887,far-field,D20171215,2017-12-15,0.6612663,0
D10115819024,-33.48683309,149.01701526,687394.8392588313,6292920.204192817,2512.0960350707414,far-field,D20171215,2017-12-15,0.7658294,1
D10115819031,-33.48676967,149.01674517,687369.8785648985,6292927.724854959,2499.0310062352123,far-field,D20171215,2017-12-15,0.61987215,0
D10115819035,-33.48673823,149.01661108,687357.486363741,6292931.453495244,2492.616928089087,far-field,D20171215,2017-12-15,0.9033888,1
D10115819039,-33.48670493,149.01646911,687344.3659335197,6292935.402609866,2485.8822565179885,far-field,D20171215,2017-12-15,0.48669738,0
D10115819040,-33.48669623,149.01643205,687340.9409766349,6292936.434301083,2484.134237907283,far-field,D20171215,2017-12-15,0.19522889,0
D10115819043,-33.48666999,149.01632024,687330.6078625373,6292939.546029797,2478.883643056619,far-field,D20171215,2017-12-15,0.24152794,0
D10115819123,-33.4859324,149.0131797,687040.3681692136,6293027.005855999,2346.970779221915,far-field,D20171215,2017-12-15,0.41951546,0
D10115819241,-33.48481723,149.00843343,686601.7234547843,6293159.216741135,2212.4766077362733,far-field,D20171215,2017-12-15,0.59274673,0
D10115819242,-33.48480471,149.00838026,686596.809542615,6293160.700745678,2211.4638012476225,far-field,D20171215,2017-12-15,0.2969679,0
D10115819247,-33.48474451,149.00812465,686573.1863561304,6293167.8361730715,2206.7560916757134,far-field,D20171215,2017-12-15,0.82959276,1
D10115819249,-33.48472176,149.00802799,686564.253108305,6293170.532798989,2205.0436978782004,far-field,D20171215,2017-12-15,0.6263377,0
D10115819252,-33.48468804,149.00788471,686551.011259791,6293174.529735697,2202.5754141677776,far-field,D20171215,2017-12-15,0.61533886,0
D10115819253,-33.4846769,149.00783738,686546.6370510012,6293175.850181375,2201.778660628422,far-field,D20171215,2017-12-15,0.87708086,1
D10115819281,-33.48435354,149.00646387,686419.6978181631,6293214.177176372,2182.7074569887136,far-field,D20171215,2017-12-15,0.85991377,1
D10115819297,-33.48419749,149.00580004,686358.3460943472,6293232.67452696,2176.262114305349,far-field,D20171215,2017-12-15,0.078032106,0
D10115819298,-33.48418835,149.00576113,686354.7499784684,6293233.757974082,2175.9177839534973,far-field,D20171215,2017-12-15,0.66074616,0
D10115819299,-33.48417923,149.00572231,686351.1621822298,6293234.839040327,2175.5743667242996,far-field,D20171215,2017-12-15,0.7074911,0
D10115819300,-33.48417,149.00568302,686347.530946325,6293235.933147541,2175.2267468784403,far-field,D20171215,2017-12-15,0.6449911,0
D10115819301,-33.48416068,149.00564335,686343.8645911096,6293237.037916182,2174.875839043132,far-field,D20171215,2017-12-15,0.64618015,0
D10115819303,-33.48414206,149.00556411,686336.5411280176,6293239.245051732,2174.175265090019,far-field,D20171215,2017-12-15,0.6546522,0
D10115819304,-33.48413275,149.00552452,686332.882183077,6293240.348563507,2173.825971294579,far-field,D20171215,2017-12-15,0.2747473,0
D10115819305,-33.48412345,149.00548494,686329.2241452014,6293241.450946951,2173.475971715005,far-field,D20171215,2017-12-15,0.12767538,0
D10115819307,-33.48410499,149.00540636,686321.9616636336,6293243.639143006,2172.7807113306203,far-field,D20171215,2017-12-15,0.8084126,1
D10115819312,-33.48406077,149.00521806,686304.5586498093,6293248.880951267,2171.113048363391,far-field,D20171215,2017-12-15,0.43148038,0
D10115819313,-33.48405184,149.00518005,686301.0457055119,6293249.93947429,2170.7768060092617,far-field,D20171215,2017-12-15,0.45934898,0
D10115819314,-33.48404289,149.00514191,686297.520723123,6293251.000447245,2170.4383199715307,far-field,D20171215,2017-12-15,0.0693371,0
D10115819316,-33.48402489,149.0050653,686290.4403052321,6293253.134071032,2169.760752183744,far-field,D20171215,2017-12-15,0.738481,0
D10115819317,-33.48401585,149.00502681,686286.8829897936,6293254.205648781,2169.4199706232075,far-field,D20171215,2017-12-15,0.39937574,0
D10115819320,-33.4839887,149.00491123,686276.2008817014,6293257.423898218,2168.397074384522,far-field,D20171215,2017-12-15,0.51337695,0
D10115819321,-33.48397942,149.00487174,686272.5511525011,6293258.523880148,2168.047964684513,far-field,D20171215,2017-12-15,0.093712844,0
D10115819322,-33.48396901,149.00482748,686268.460590766,6293259.757732904,2167.657623593474,far-field,D20171215,2017-12-15,0.1487069,0
D10115819323,-33.48395821,149.0047816,686264.2203249288,6293261.037740336,2167.253922930707,far-field,D20171215,2017-12-15,0.2728151,0
D10115819324,-33.4839476,149.00473652,686260.0539911251,6293262.295240078,2166.8570850773435,far-field,D20171215,2017-12-15,0.91572535,1
D10115819326,-33.48392638,149.00464633,686251.7185328201,6293264.810287854,2166.0624075080077,far-field,D20171215,2017-12-15,0.36310938,0
D10115819327,-33.48391576,149.00460115,686247.5429249809,6293266.069070447,2165.663280715348,far-field,D20171215,2017-12-15,0.2554994,0
D10115819330,-33.4838818,149.0044569,686234.2112154239,6293270.093915835,2164.3943935340512,far-field,D20171215,2017-12-15,0.434676,0
D10115819331,-33.48387017,149.00440753,686229.6484102537,6293271.472212945,2163.96084239141,far-field,D20171215,2017-12-15,0.36808857,0
D10115819335,-33.48382498,149.00421557,686211.9072765632,6293276.827985004,2162.2720156225796,far-field,D20171215,2017-12-15,0.15160523,0
D10115819339,-33.48378155,149.00403099,686194.8481444744,6293281.975308562,2160.64573467341,far-field,D20171215,2017-12-15,0.8246136,1
D10115819342,-33.48375401,149.0039138,686184.0172061166,6293285.239590533,2159.6096933608505,far-field,D20171215,2017-12-15,0.5674792,0
D10115819343,-33.4837449,149.00387501,686180.4321415466,6293286.319428772,2159.266162250297,far-field,D20171215,2017-12-15,0.8133175,1
D10115819344,-33.48373573,149.00383601,686176.8276904053,6293287.40629605,2158.9218763371114,far-field,D20171215,2017-12-15,0.22896849,0
D10115819352,-33.48365609,149.00349731,686145.5243920715,6293296.845492471,2155.932035229655,far-field,D20171215,2017-12-15,0.6929251,0
D10115819356,-33.4836172,149.00333189,686130.235928135,6293301.454871244,2154.471150091802,far-field,D20171215,2017-12-15,0.6183115,0
D10115819359,-33.48358826,149.00320877,686118.8568990644,6293304.88496574,2153.4027302736354,far-field,D20171215,2017-12-15,0.6710761,0
D10115819367,-33.48351471,149.00289573,686089.9249329151,6293313.602610845,2150.9719606480776,far-field,D20171215,2017-12-15,0.056331746,0
D10115819370,-33.48348718,149.00277858,686079.0976258417,6293316.865591122,2150.1712867170054,far-field,D20171215,2017-12-15,0.68304104,0
D10115819372,-33.48346897,149.00270107,686071.9339367871,6293319.023951667,2149.673574510315,far-field,D20171215,2017-12-15,0.11823722,0
D10115819394,-33.4832408,149.00173118,685982.2944244518,6293346.065254038,2145.6747127300346,far-field,D20171215,2017-12-15,0.30306184,0
D10115819395,-33.48323028,149.00168648,685978.1631433772,6293347.311967218,2145.5891489139394,far-field,D20171215,2017-12-15,0.35411713,0
D10115819398,-33.48319837,149.00155087,685965.629724927,6293351.093614652,2145.3820735271615,far-field,D20171215,2017-12-15,0.44002676,0
D10115819399,-33.48318788,149.00150628,685961.5085976339,6293352.336796561,2145.331179684125,far-field,D20171215,2017-12-15,0.09794887,0
D10115819403,-33.48314637,149.00132983,685945.2006049164,6293357.256181495,2145.214401148516,far-field,D20171215,2017-12-15,0.52400416,0
D10115819410,-33.48308402,149.0010644,685920.6686103098,6293364.645984271,2145.283515310601,far-field,D20171215,2017-12-15,0.047934007,0
D10115819413,-33.48305858,149.00095603,685910.6526207466,6293367.661272014,2145.397927679922,far-field,D20171215,2017-12-15,0.23803508,0
D10115819414,-33.48305034,149.00092094,685907.4094666552,6293368.63789987,2145.446176491757,far-field,D20171215,2017-12-15,0.38243163,0
D10115819415,-33.48304199,149.00088535,685904.1200841742,6293369.627620627,2145.499776964046,far-field,D20171215,2017-12-15,0.060939357,0
D10115819416,-33.48303368,149.00084997,685900.850130009,6293370.612528302,2145.5595044255097,far-field,D20171215,2017-12-15,0.53953624,0
D10115819417,-33.48302542,149.00081477,685897.5967950268,6293371.59156769,2145.6234901359603,far-field,D20171215,2017-12-15,0.6071641,0
D10115819418,-33.4830172,149.00077973,685894.3582420899,6293372.565883581,2145.6922610708616,far-field,D20171215,2017-12-15,0.082342446,0
D10115819419,-33.48300901,149.00074483,685891.1326340607,6293373.536620764,2145.766357646942,far-field,D20171215,2017-12-15,0.62299347,0
D10115819420,-33.4830008,149.00070984,685887.8987048619,6293374.509735927,2145.8458293771587,far-field,D20171215,2017-12-15,0.7226516,0
D10115819421,-33.48299161,149.00067073,685884.2840149004,6293375.598905813,2145.9423734704988,far-field,D20171215,2017-12-15,0.25653982,0
D10115819422,-33.48298204,149.00063006,685880.5251719316,6293376.733008239,2146.051251536721,far-field,D20171215,2017-12-15,0.81279725,1
D10115819424,-33.48296292,149.00054873,685873.0083701112,6293378.998972765,2146.288601104933,far-field,D20171215,2017-12-15,0.0196195,0
D10115819425,-33.48295336,149.00050806,685869.2495033708,6293380.131961726,2146.417921852725,far-field,D20171215,2017-12-15,0.22086802,0
D10115819427,-33.48293421,149.00042658,685861.7188219713,6293382.4015126815,2146.698267563754,far-field,D20171215,2017-12-15,0.05283888,0
D10115819453,-33.4827165,148.99949918,685776.0043327945,6293408.20479493,2151.8851065535164,far-field,D20171215,2017-12-15,0.055588584,0
D10115819457,-33.48268041,148.99934559,685761.8088856444,6293412.481893407,2153.105796333952,far-field,D20171215,2017-12-15,0.90621287,1
D10115819468,-33.48258377,148.99893417,685723.7835544193,6293423.935046803,2156.870584241657,far-field,D20171215,2017-12-15,0.18690547,0
D10115819469,-33.48257486,148.99889624,685720.2778860325,6293424.990991496,2157.254190965862,far-field,D20171215,2017-12-15,0.7473246,0
D10115819485,-33.48243268,148.99829102,685664.3405439997,6293441.8408191055,2164.2048682147774,far-field,D20171215,2017-12-15,0.73662305,0
D10115819486,-33.48242383,148.99825332,685660.8561088273,6293442.889676492,2164.6885259181754,far-field,D20171215,2017-12-15,0.04488704,0
D10115819487,-33.48241497,148.99821561,685657.3707650474,6293443.939659425,2165.1791612937186,far-field,D20171215,2017-12-15,0.5561831,0
D10115819490,-33.48238844,148.99810267,685646.9322789004,6293447.083715874,2166.683917992875,far-field,D20171215,2017-12-15,0.06257432,0
D10115819492,-33.48237054,148.99802648,685639.8904159495,6293449.205008392,2167.7297046350254,far-field,D20171215,2017-12-15,0.27028835,0
D10115918959,-33.48757378,149.01960768,687634.1343624982,6292833.380743312,2638.0382856606284,far-field,D20171215,2017-12-15,0.31584424,0
D10115918960,-33.48756466,149.01956884,687630.5449731946,6292834.46233492,2635.8759949640757,far-field,D20171215,2017-12-15,0.24182521,0
D10115918962,-33.48754642,149.01949116,687623.3661924037,6292836.625514012,2631.5621003783003,far-field,D20171215,2017-12-15,0.34289536,0
D10115918965,-33.4875192,149.01937521,687612.6506789369,6292839.853716508,2625.149117170389,far-field,D20171215,2017-12-15,0.56911415,0
D10115918971,-33.48746512,149.01914486,687591.3628842703,6292846.267360572,2612.504638416214,far-field,D20171215,2017-12-15,0.7287455,0
D10115918982,-33.48735894,149.01869286,687549.5913657846,6292858.859207895,2588.0731886339577,far-field,D20171215,2017-12-15,0.57587695,0
D10115918988,-33.48729764,149.01843211,687525.4942460922,6292866.128307638,2574.213348156309,far-field,D20171215,2017-12-15,0.6035226,0
D10115918989,-33.48728695,149.01838662,687521.2902910887,6292867.395979919,2571.8126471721066,far-field,D20171215,2017-12-15,0.44604638,0
D10115918994,-33.48723379,149.01816056,687500.3990369906,6292873.699642008,2559.9634876320815,far-field,D20171215,2017-12-15,0.26716706,0
D10115919000,-33.48717153,149.01789575,687475.9266573088,6292881.082409581,2546.2499445610056,far-field,D20171215,2017-12-15,0.48937276,0
D10115919001,-33.4871622,149.01785601,687472.2540589767,6292882.18885457,2544.2067383518283,far-field,D20171215,2017-12-15,0.38882282,0
D10115919003,-33.48714363,149.01777692,687464.9449055161,6292884.391055143,2540.1528333251977,far-field,D20171215,2017-12-15,0.10419144,0
D10115919005,-33.48712517,149.01769834,687457.6829020546,6292886.580130296,2536.14213149889,far-field,D20171215,2017-12-15,0.52222055,0
D10115919008,-33.48709774,149.0175815,687446.885040351,6292889.833039245,2530.2075654946875,far-field,D20171215,2017-12-15,0.32000595,0
D10115919017,-33.48701477,149.01722819,687414.2336289464,6292899.672138986,2512.486658287683,far-field,D20171215,2017-12-15,0.790651,1
D10115919018,-33.48700513,149.01718719,687410.4446042116,6292900.8152128365,2510.4530109586567,far-field,D20171215,2017-12-15,0.8356867,1
D10115919020,-33.486986,149.01710575,687402.9182653623,6292903.083710376,2506.425727026888,far-field,D20171215,2017-12-15,0.81643873,1
D10115919021,-33.4869769,149.01706698,687399.3352905484,6292904.16286925,2504.5143728562657,far-field,D20171215,2017-12-15,0.59794885,0
D10115919039,-33.48682303,149.01641123,687338.733179568,6292922.410288375,2472.8162924002922,far-field,D20171215,2017-12-15,0.3585018,0
D10115919043,-33.48678884,149.01626556,687325.2708610306,6292926.46475336,2465.940638272178,far-field,D20171215,2017-12-15,0.24286564,0
D10115919108,-33.48627205,149.01406145,687121.5722252155,6292987.750705234,2369.616586605344,far-field,D20171215,2017-12-15,0.04406956,0
D10115919110,-33.48625344,149.01398222,687114.2500037537,6292989.95732099,2366.4398405408615,far-field,D20171215,2017-12-15,0.45860583,0
D10115919231,-33.48504571,149.00884463,686639.4435207293,6293133.139948794,2207.8290955579546,far-field,D20171215,2017-12-15,0.8333829,1
D10115919233,-33.48502765,149.00876774,686632.3373610538,6293135.280988181,2206.2138212548007,far-field,D20171215,2017-12-15,0.7070452,0
D10115919244,-33.48490265,149.00823669,686583.2583112296,6293150.097734093,2195.7365415640884,far-field,D20171215,2017-12-15,0.47607017,0
D10115919251,-33.48481985,149.00788503,686550.7582646245,6293159.912012063,2189.4340408518915,far-field,D20171215,2017-12-15,0.7628567,1
D10115919263,-33.48468412,149.00730837,686497.4637240084,6293176.000196725,2180.1990833316213,far-field,D20171215,2017-12-15,0.9693817,1
D10115919298,-33.48431138,149.00572406,686351.041649563,6293220.181054043,2161.941093735432,far-field,D20171215,2017-12-15,0.86192036,1
D10115919300,-33.48429275,149.00564478,686343.7145053121,6293222.389376498,2161.2402394630717,far-field,D20171215,2017-12-15,0.5949019,0
D10115919303,-33.48426483,149.00552594,686332.7311636452,6293225.6989334505,2160.1890107781874,far-field,D20171215,2017-12-15,0.1304251,0
D10115919304,-33.48425553,149.00548637,686329.0740606899,6293226.80129915,2159.8393453837025,far-field,D20171215,2017-12-15,0.036935195,0
D10115919305,-33.48424624,149.00544683,686325.4197232941,6293227.902500615,2159.4896379357774,far-field,D20171215,2017-12-15,0.5314358,0
D10115919307,-33.48422856,149.00537156,686318.4631611318,6293229.998253945,2158.8234150325106,far-field,D20171215,2017-12-15,0.7190101,0
D10115919308,-33.48421994,149.00533485,686315.0703630499,6293231.020071218,2158.498206030931,far-field,D20171215,2017-12-15,0.91936684,1
D10115919314,-33.48416765,149.00511212,686294.4852577732,6293237.2185928915,2156.524006100022,far-field,D20171215,2017-12-15,0.12395957,0
D10115919318,-33.48413176,149.00495935,686280.3660193431,6293241.472825449,2155.172406255579,far-field,D20171215,2017-12-15,0.53032106,0
D10115919321,-33.48410412,149.00484169,686269.4916898714,6293244.749139892,2154.1312456503683,far-field,D20171215,2017-12-15,0.30789238,0
D10115919323,-33.48408359,149.00475439,686261.4233239861,6293247.182492506,2153.3610068887274,far-field,D20171215,2017-12-15,0.22681332,0
D10115919327,-33.4840408,149.00457257,686244.619368463,6293252.2539816545,2151.7601287655434,far-field,D20171215,2017-12-15,0.22829965,0
D10115919329,-33.48401935,149.0044814,686236.1933420076,6293254.796280725,2150.9567465039568,far-field,D20171215,2017-12-15,0.5720868,0
D10115919330,-33.48400834,149.00443462,686231.8698923108,6293256.101176784,2150.5449203565104,far-field,D20171215,2017-12-15,0.32230976,0
D10115919331,-33.48399743,149.00438826,686227.5852558796,6293257.394227732,2150.136670300477,far-field,D20171215,2017-12-15,0.5076546,0
D10115919333,-33.48397493,149.00429265,686218.7488828788,6293260.060917752,2149.2947022538874,far-field,D20171215,2017-12-15,0.42434603,0
D10115919334,-33.48396416,149.00424692,686214.522486211,6293261.337307063,2148.8928490848944,far-field,D20171215,2017-12-15,0.54347503,0
D10115919335,-33.48395275,149.00419843,686210.0409859776,6293262.689619167,2148.465702400158,far-field,D20171215,2017-12-15,0.3297414,0
D10115919338,-33.48391912,149.00405557,686196.8377280826,6293266.675323226,2147.2087056623604,far-field,D20171215,2017-12-15,0.4032402,0
D10115919339,-33.48390884,149.00401188,686192.7998441074,6293267.89370437,2146.823778636505,far-field,D20171215,2017-12-15,0.5905172,0
D10115919342,-33.48388072,149.00389222,686181.7406382415,6293271.226734776,2145.7658577698176,far-field,D20171215,2017-12-15,0.51337695,0
D10115919343,-33.48387142,149.00385263,686178.0816455178,6293272.32907754,2145.41546237134,far-field,D20171215,2017-12-15,0.7565398,1
D10115919344,-33.48386215,149.00381317,686174.4346680716,6293273.427858831,2145.066271693038,far-field,D20171215,2017-12-15,0.55395365,0
D10115919350,-33.48380295,149.0035614,686151.1656446459,6293280.444442785,2142.8438400009572,far-field,D20171215,2017-12-15,0.42434603,0
D10115919351,-33.4837929,149.00351866,686147.2155367872,6293281.635594566,2142.466590868313,far-field,D20171215,2017-12-15,0.8025416,1
D10115919352,-33.48378287,149.00347603,686143.2756070019,6293282.824329502,2142.0909185055734,far-field,D20171215,2017-12-15,0.15992865,0
D10115919354,-33.48376394,149.00339546,686135.8291452093,6293285.068071851,2141.3781496680717,far-field,D20171215,2017-12-15,0.079072535,0
D10115919355,-33.48375415,149.00335382,686131.9806951259,6293286.228411742,2141.010463602572,far-field,D20171215,2017-12-15,0.046744946,0
D10115919356,-33.4837445,149.00331279,686128.1886289291,6293287.372130809,2140.6485162267177,far-field,D20171215,2017-12-15,0.070972055,0
D10115919367,-33.48364198,149.00287652,686087.8675343422,6293299.523388656,2137.0918346491994,far-field,D20171215,2017-12-15,0.0793698,0
D10115919369,-33.48362319,149.00279658,686080.479292574,6293301.750432245,2136.5283653779743,far-field,D20171215,2017-12-15,0.2800981,0
D10115919370,-33.48361384,149.0027568,686076.8027300525,6293302.858620945,2136.2582631956216,far-field,D20171215,2017-12-15,0.58412606,0
D10115919377,-33.48354568,149.00246685,686050.0048561,6293310.937023896,2134.498121028871,far-field,D20171215,2017-12-15,0.078849584,0
D10115919378,-33.4835356,149.00242402,686046.0464265067,6293312.1316213,2134.2703377909334,far-field,D20171215,2017-12-15,0.76486325,1
D10115919379,-33.48352553,149.00238119,686042.0879746324,6293313.325108085,2134.049488816019,far-field,D20171215,2017-12-15,0.16765755,0
D10115919381,-33.48350437,149.00229126,686033.7764586435,6293315.8328432385,2133.6134536974287,far-field,D20171215,2017-12-15,0.25980976,0
D10115919384,-33.48347251,149.00215587,686021.2634359056,6293319.608626766,2133.0238327933994,far-field,D20171215,2017-12-15,0.6046373,0
D10115919394,-33.48336516,149.00169968,685979.1013493702,6293332.330743039,2131.6257515063685,far-field,D20171215,2017-12-15,0.01263377,0
D10115919395,-33.48335421,149.00165316,685974.8018690106,6293333.628401138,2131.534560349545,far-field,D20171215,2017-12-15,0.23305589,0
D10115919396,-33.48334348,149.00160756,685970.5874086816,6293334.900011903,2131.453984283299,far-field,D20171215,2017-12-15,0.32000595,0
D10115919398,-33.48332187,149.00151576,685962.1030503906,6293337.4609370455,2131.3202712201787,far-field,D20171215,2017-12-15,0.12722948,0
D10115919399,-33.48331146,149.00147152,685958.0142816004,6293338.694619019,2131.268535554488,far-field,D20171215,2017-12-15,0.5095125,0
D10115919400,-33.48330088,149.00142652,685953.8552518961,6293339.948513009,2131.223747217806,far-field,D20171215,2017-12-15,0.7621879,1
D10115919401,-33.48329041,149.00138204,685949.7443073371,6293341.1892750785,2131.1894810734025,far-field,D20171215,2017-12-15,0.09252378,0
D10115919402,-33.4832799,149.00133735,685945.6139329602,6293342.434847372,2131.1627585330066,far-field,D20171215,2017-12-15,0.014640309,0
D10115919406,-33.48324144,149.00117375,685930.4935251654,6293346.9929565415,2131.1378420427986,far-field,D20171215,2017-12-15,0.11348098,0
D10115919407,-33.48323297,149.0011377,685927.1616628398,6293347.996817065,2131.147566065584,far-field,D20171215,2017-12-15,0.19522889,0
D10115919408,-33.48322444,149.00110136,685923.8029797109,6293349.007849597,2131.162247424495,far-field,D20171215,2017-12-15,0.33412606,0
D10115919410,-33.48320759,149.00102957,685917.1678664763,6293351.005028861,2131.2080960269204,far-field,D20171215,2017-12-15,0.23000892,0
D10115919415,-33.48316436,149.00084547,685900.1526529724,6293356.128779408,2131.4306864022446,far-field,D20171215,2017-12-15,0.38287753,0
D10115919417,-33.48314716,149.00077223,685893.3835366379,6293358.167352235,2131.560620310439,far-field,D20171215,2017-12-15,0.47986028,0
D10115919418,-33.48313862,149.00073586,685890.0220806941,6293359.179535367,2131.633712435573,far-field,D20171215,2017-12-15,0.034557074,0
D10115919421,-33.48311095,149.00061813,685879.1410702216,6293362.458849958,2131.912719206717,far-field,D20171215,2017-12-15,0.0821195,0
D10115919424,-33.48308226,149.00049611,685867.8635812142,6293365.858947374,2132.2670238501896,far-field,D20171215,2017-12-15,0.06703329,0
D10115919427,-33.48305256,149.00036977,685856.1868037621,6293369.378770952,2132.7017266452,far-field,D20171215,2017-12-15,0.0164239,0
D10115919429,-33.48303191,149.00028201,685848.0757595147,6293371.825899495,2133.046758576285,far-field,D20171215,2017-12-15,0.2358799,0
D10115919433,-33.48299385,149.00012012,685833.1133168114,6293376.336431928,2133.7677789841914,far-field,D20171215,2017-12-15,0.72450954,0
D10115919435,-33.48297927,149.00005789,685827.3616910235,6293378.064699282,2134.0698884589697,far-field,D20171215,2017-12-15,0.8118312,1
D10115919453,-33.48283577,148.99944627,685770.8328678659,6293395.073005198,2137.956587056731,far-field,D20171215,2017-12-15,0.44604638,0
D10115919459,-33.48278329,148.99922285,685750.1834154425,6293401.292638654,2139.787268849686,far-field,D20171215,2017-12-15,0.9485731,1
D10115919464,-33.48273997,148.99903837,685733.132921492,6293406.426747179,2141.4599248544196,far-field,D20171215,2017-12-15,0.45043105,0
D10115919466,-33.48272264,148.99896458,685726.3129094339,6293408.480600132,2142.170307770548,far-field,D20171215,2017-12-15,0.6269322,0
D10115919468,-33.48270531,148.9988908,685719.4938240007,6293410.53443024,2142.9042796271765,far-field,D20171215,2017-12-15,0.67092746,0
D10115919469,-33.48269665,148.99885392,685716.0851988837,6293411.560771069,2143.2796506070276,far-field,D20171215,2017-12-15,0.8074465,1
D10115919473,-33.48266196,148.99870623,685702.4350011519,6293415.67197092,2144.842502186921,far-field,D20171215,2017-12-15,0.59861773,0
D10115919475,-33.48264453,148.998632,685695.5743032126,6293417.737678284,2145.6627354310053,far-field,D20171215,2017-12-15,0.5273484,0
D10115919484,-33.48256474,148.99829237,685664.1840994365,6293427.193570435,2149.720686546014,far-field,D20171215,2017-12-15,0.6600773,0
D10115919491,-33.48250365,148.99803225,685640.1425026762,6293434.433415942,2153.1587071930953,far-field,D20171215,2017-12-15,0.7434602,0
D10115919492,-33.4824949,148.99799502,685636.7015301241,6293435.470334503,2153.6749756917484,far-field,D20171215,2017-12-15,0.5696344,0
D10115919499,-33.48243066,148.99772165,685611.4353431759,6293443.083123613,2157.644341828878,far-field,D20171215,2017-12-15,0.9502824,1
D10116018957,-33.48771197,149.0196353,687636.4026757692,6292818.006094923,2630.401440673038,far-field,D20171215,2017-12-15,0.91200954,1
D10116018959,-33.48769379,149.01955787,687629.2470094097,6292820.162173289,2626.062892617554,far-field,D20171215,2017-12-15,0.40361178,0
D10116018960,-33.48768472,149.01951922,687625.6751718777,6292821.237874995,2623.902208127177,far-field,D20171215,2017-12-15,0.1929251,0
D10116018962,-33.48766649,149.01944157,687618.4991663701,6292823.399887699,2619.5724885655177,far-field,D20171215,2017-12-15,0.72473246,0
D10116018964,-33.48764814,149.01936342,687611.2769561873,6292825.576106306,2615.2295152120746,far-field,D20171215,2017-12-15,0.24346016,0
D10116018980,-33.48749998,149.01873252,687552.9724494104,6292843.146774465,2580.7101120733746,far-field,D20171215,2017-12-15,0.53076696,0
D10116018985,-33.48744831,149.0185127,687532.6578823992,6292849.273998179,2568.9162576926246,far-field,D20171215,2017-12-15,0.6135553,0
D10116018988,-33.48741612,149.01837583,687520.0091293247,6292853.091050177,2561.6354995249862,far-field,D20171215,2017-12-15,0.3576843,0
D10116018995,-33.48734247,149.01806261,687491.0630375397,6292861.824432178,2545.1523788866352,far-field,D20171215,2017-12-15,0.3508472,0
D10116018996,-33.48733218,149.01801881,687487.0152560454,6292863.04467795,2542.866875634074,far-field,D20171215,2017-12-15,0.019545184,0
D10116018997,-33.48732184,149.01797484,687482.9517847422,6292864.270773875,2540.578250965226,far-field,D20171215,2017-12-15,0.29949465,0
D10116019003,-33.4872639,149.01772821,687460.1594229398,6292871.141589688,2527.8306033562667,far-field,D20171215,2017-12-15,0.515978,0
D10116019008,-33.48721709,149.01752891,687441.7410277493,6292876.692597764,2517.645745745605,far-field,D20171215,2017-12-15,0.82959276,1
D10116019012,-33.48718034,149.01737241,687427.2779833953,6292881.050663395,2509.7218926402807,far-field,D20171215,2017-12-15,0.8824316,1
D10116019017,-33.48713139,149.0171641,687408.0269402114,6292886.855194057,2499.2800037117026,far-field,D20171215,2017-12-15,0.91914386,1
D10116019018,-33.48712129,149.01712114,687404.0567845812,6292888.052817,2497.141642745663,far-field,D20171215,2017-12-15,0.8521849,1
D10116019020,-33.48710258,149.01704146,687396.6930921266,6292890.2715557655,2493.1871684486982,far-field,D20171215,2017-12-15,0.70384955,0
D10116019029,-33.4870258,149.01671426,687366.4544936414,6292899.376900464,2477.1285547403563,far-field,D20171215,2017-12-15,0.15866528,0
D10116019107,-33.48640301,149.01405817,687120.9856545879,6292973.233706797,2358.3569664492297,far-field,D20171215,2017-12-15,0.42575803,0
D10116019108,-33.48639479,149.01402311,687117.7454774323,6292974.208481196,2356.935501075981,far-field,D20171215,2017-12-15,0.15546969,0
D10116019109,-33.48638541,149.01398321,687114.0580504431,6292975.320619574,2355.3248055639933,far-field,D20171215,2017-12-15,0.33145064,0
D10116019303,-33.48438745,149.00548712,686328.8611289134,6293212.1706150975,2146.196728234894,far-field,D20171215,2017-12-15,0.09571938,0
D10116019305,-33.48436924,149.0054096,686321.6966342516,6293214.3291852,2145.510753561292,far-field,D20171215,2017-12-15,0.52288944,0
D10116019311,-33.48431847,149.00519333,686301.7086054662,6293220.347566351,2143.59349068822,far-field,D20171215,2017-12-15,0.41892093,0
D10116019314,-33.48429224,149.00508163,686291.3851164335,6293223.456846332,2142.604076102036,far-field,D20171215,2017-12-15,0.068593934,0
D10116019316,-33.4842743,149.00500525,686284.3259623166,6293225.583400001,2141.927929067149,far-field,D20171215,2017-12-15,0.66438764,0
D10116019321,-33.48422875,149.00481134,686266.4045069172,6293230.982699847,2140.2118246924856,far-field,D20171215,2017-12-15,0.44307372,0
D10116019322,-33.48421921,149.00477077,686262.6549852772,6293232.113449475,2139.8538105379434,far-field,D20171215,2017-12-15,0.59453034,0
D10116019323,-33.48420957,149.00472975,686258.8638609023,6293233.256094695,2139.491220919719,far-field,D20171215,2017-12-15,0.4114893,0
D10116019332,-33.48411462,149.00432615,686221.5627711315,6293244.509822741,2135.934041430918,far-field,D20171215,2017-12-15,0.34430736,0
D10116019336,-33.48406894,149.00413212,686203.6303794025,6293249.923634484,2134.227288116311,far-field,D20171215,2017-12-15,0.4202586,0
D10116019338,-33.48404581,149.0040339,686194.5528231274,6293252.6648488585,2133.3639508836636,far-field,D20171215,2017-12-15,0.28314507,0
D10116019340,-33.48402654,149.00395191,686186.9751691493,6293254.948884126,2132.639331324014,far-field,D20171215,2017-12-15,0.5014863,0
D10116019342,-33.48400743,149.00387061,686179.4612875659,6293257.213932307,2131.9210279105937,far-field,D20171215,2017-12-15,0.92048156,1
D10116019344,-33.48398827,149.00378911,686171.9289248388,6293259.484877987,2131.201260319599,far-field,D20171215,2017-12-15,0.8166617,1
D10116019346,-33.48396871,149.00370593,686164.2413012623,6293261.803189078,2130.467171504548,far-field,D20171215,2017-12-15,0.28351665,0
D10116019347,-33.48395868,149.00366325,686160.2967351768,6293262.992021127,2130.0898503590047,far-field,D20171215,2017-12-15,0.31465518,0
D10116019354,-33.48389025,149.0033722,686133.3973900835,6293271.102578751,2127.5200179018125,far-field,D20171215,2017-12-15,0.1811088,0
D10116019356,-33.4838715,149.00329242,686126.0239612828,6293273.324935971,2126.814815318441,far-field,D20171215,2017-12-15,0.23736623,0
D10116019358,-33.48385245,149.00321135,686118.5312981205,6293275.582869222,2126.097874107207,far-field,D20171215,2017-12-15,0.6324316,0
D10116019359,-33.48384299,149.00317111,686114.8122391385,6293276.704096427,2125.74374234659,far-field,D20171215,2017-12-15,0.31740487,0
D10116019360,-33.4838336,149.00313114,686111.1181193375,6293277.817075344,2125.3977301362224,far-field,D20171215,2017-12-15,0.1856421,0
D10116019366,-33.48377828,149.00289574,686089.3619308093,6293284.373880448,2123.502870305518,far-field,D20171215,2017-12-15,0.15673305,0
D10116019367,-33.48376887,149.00285569,686085.6604144727,6293285.489210688,2123.204319154537,far-field,D20171215,2017-12-15,0.31287158,0
D10116019369,-33.48374981,149.00277461,686078.1668263383,6293287.74823861,2122.622350124259,far-field,D20171215,2017-12-15,0.24033888,0
D10116019370,-33.48374026,149.00273396,686074.4098521045,6293288.880165439,2122.340764629409,far-field,D20171215,2017-12-15,0.106346615,0
D10116019375,-33.48369107,149.00252475,686055.0742153998,6293294.710150043,2121.0099213053436,far-field,D20171215,2017-12-15,0.61058265,0
D10116019379,-33.48365091,149.002354,686039.2931460667,6293299.4697744325,2120.0670121234843,far-field,D20171215,2017-12-15,0.27608502,0
D10116019380,-33.4836406,149.00231017,686035.2422869878,6293300.691665912,2119.845710947264,far-field,D20171215,2017-12-15,0.70280915,0
D10116019386,-33.48357732,149.00204123,686010.3863152594,6293308.191130572,2118.6741688162565,far-field,D20171215,2017-12-15,0.46588883,0
D10116019392,-33.48351158,149.00176193,685984.5728623755,6293315.981895825,2117.7960405345293,far-field,D20171215,2017-12-15,0.58628124,0
D10116019394,-33.48348914,149.0016666,685975.762272277,6293318.64120237,2117.575000222106,far-field,D20171215,2017-12-15,0.3900862,0
D10116019395,-33.4834779,149.00161888,685971.3519074449,6293319.973168997,2117.4801122854924,far-field,D20171215,2017-12-15,0.39655173,0
D10116019398,-33.48344527,149.00148023,685958.5375694298,6293323.840100338,2117.2583104926703,far-field,D20171215,2017-12-15,0.10374554,0
D10116019400,-33.48342444,149.00139166,685950.351700096,6293326.308730191,2117.159390507993,far-field,D20171215,2017-12-15,0.68370986,0
D10116019401,-33.48341382,149.00134656,685946.1834680473,6293327.567236055,2117.1237033291973,far-field,D20171215,2017-12-15,0.19121581,0
D10116019404,-33.48338296,149.00121535,685934.0566933777,6293331.224520486,2117.0668482297683,far-field,D20171215,2017-12-15,0.48877823,0
D10116019406,-33.48336458,149.00113715,685926.8292126561,6293333.402859632,2117.0676829949584,far-field,D20171215,2017-12-15,0.2007283,0
D10116019410,-33.4833286,149.000984,685912.6745830136,6293337.66720159,2117.1455449652885,far-field,D20171215,2017-12-15,0.31926277,0
D10116019411,-33.48331989,149.00094692,685909.2475222251,6293338.699515784,2117.179772596407,far-field,D20171215,2017-12-15,0.102928065,0
D10116019417,-33.48326796,149.00072577,685888.8080292721,6293344.854397277,2117.5076239230843,far-field,D20171215,2017-12-15,0.6560642,0
D10116019422,-33.48322061,149.00052431,685870.1884307677,6293350.466073992,2117.9981523831284,far-field,D20171215,2017-12-15,0.029206302,0
D10116019424,-33.48320146,149.00044288,685862.6624195307,6293352.735537272,2118.2482489664785,far-field,D20171215,2017-12-15,0.013376933,0
D10116019425,-33.48319141,149.00040012,685858.7103947703,6293353.926603782,2118.3906050382598,far-field,D20171215,2017-12-15,0.17293401,0
D10116019426,-33.48318067,149.00035451,685854.4950054085,6293355.19928961,2118.553474272898,far-field,D20171215,2017-12-15,0.42991975,0
D10116019429,-33.48314928,149.00022111,685842.1657929495,6293358.919151293,2119.079856368696,far-field,D20171215,2017-12-15,0.026530916,0
D10116019430,-33.48313877,149.00017642,685838.0353998494,6293360.164676568,2119.2730288718767,far-field,D20171215,2017-12-15,0.5160523,0
D10116019431,-33.48312932,149.00013624,685834.3218359578,6293361.284576297,2119.454256302209,far-field,D20171215,2017-12-15,0.14239001,0
D10116019434,-33.48310719,149.00004181,685825.5941416812,6293363.907753025,2119.8994800343,far-field,D20171215,2017-12-15,0.4497622,0
D10116019438,-33.48307781,148.99991645,685814.0077381021,6293367.390283994,2120.551043658594,far-field,D20171215,2017-12-15,0.53745544,0
D10116019454,-33.4829469,148.99935867,685762.4552018982,6293382.905985914,2124.3032800058586,far-field,D20171215,2017-12-15,0.052987516,0
D10116019466,-33.48284312,148.99891678,685721.613781776,6293395.205460148,2128.245616195347,far-field,D20171215,2017-12-15,0.7352111,0
D10116019472,-33.48279039,148.99869227,685700.8635484192,6293401.454660818,2130.573176144625,far-field,D20171215,2017-12-15,0.84230083,1
D10116019475,-33.48276357,148.9985781,685690.3114405716,6293404.633127228,2131.8408865364477,far-field,D20171215,2017-12-15,0.4380202,0
D10116019477,-33.48274581,148.99850251,685683.3250736432,6293406.737854614,2132.7114493273966,far-field,D20171215,2017-12-15,0.5199168,0
D10116019484,-33.4826869,148.99825161,685660.1356661335,6293413.719507453,2135.7728238467025,far-field,D20171215,2017-12-15,0.8112366,1
D10116019485,-33.48267839,148.99821535,685656.7843289231,6293414.728083723,2136.2371889563315,far-field,D20171215,2017-12-15,0.88882285,1
D10116019486,-33.48267005,148.99817986,685653.5041813599,6293415.7164293565,2136.6983224464425,far-field,D20171215,2017-12-15,0.55224437,0
D10116019487,-33.48266176,148.99814454,685650.239723915,6293416.698925018,2137.1614946780865,far-field,D20171215,2017-12-15,0.6405321,0
D10116019489,-33.482645,148.99807315,685643.6414967645,6293418.685215488,2138.1143970737508,far-field,D20171215,2017-12-15,0.21209869,0
D10116019490,-33.48263647,148.99803681,685640.2827650213,6293419.696146857,2138.607663373003,far-field,D20171215,2017-12-15,0.29942033,0
D10116019491,-33.48262791,148.99800037,685636.9148040467,6293420.710582729,2139.1086647000047,far-field,D20171215,2017-12-15,0.9146849,1
D10116019502,-33.48252779,148.9975743,685597.5353781993,6293432.575346971,2145.3894098512524,far-field,D20171215,2017-12-15,0.36192033,0
D10116118954,-33.48785928,149.01970177,687642.2612854624,6292801.549832018,2625.0324137226407,far-field,D20171215,2017-12-15,0.2873068,0
D10116118959,-33.48781421,149.01950978,687624.5186080877,6292806.895024243,2614.204805801194,far-field,D20171215,2017-12-15,0.55826396,0
D10116118960,-33.48780531,149.01947185,687621.0133116109,6292807.950570454,2612.0756275508134,far-field,D20171215,2017-12-15,0.7712545,1
D10116118964,-33.48776942,149.01931895,687606.883097416,6292812.207035125,2603.528119625622,far-field,D20171215,2017-12-15,0.62314206,0
D10116118970,-33.48771615,149.01909202,687585.9114055482,6292818.524661889,2590.945287453956,far-field,D20171215,2017-12-15,0.7257729,0
D10116118981,-33.48760993,149.01863991,687544.1298694292,6292831.1211257335,2566.2563588933936,far-field,D20171215,2017-12-15,0.44017538,0
D10116118988,-33.48753624,149.01832648,687515.1644351067,6292839.859399526,2549.442262409909,far-field,D20171215,2017-12-15,0.5128567,0
D10116118996,-33.48745218,149.01796897,687482.1253314264,6292849.827205394,2530.5690601324,far-field,D20171215,2017-12-15,0.76382285,1
D10116118997,-33.48744184,149.01792499,687478.0609361245,6292851.0533175655,2528.2700601794254,far-field,D20171215,2017-12-15,0.3229786,0
D10116119002,-33.48739356,149.0177195,687459.0705727669,6292856.778559888,2517.592964145404,far-field,D20171215,2017-12-15,0.14774078,0
D10116119010,-33.48731709,149.01739399,687428.9884975096,6292865.846677946,2500.907656205683,far-field,D20171215,2017-12-15,0.48513675,0
D10116119044,-33.48701849,149.01612181,687311.4186523424,6292901.256972766,2438.4646206070715,far-field,D20171215,2017-12-15,0.898038,1
D10116119107,-33.48652571,149.01401968,687117.1450593994,6292959.696188809,2345.6940623049177,far-field,D20171215,2017-12-15,0.56822234,0
D10116119108,-33.48651679,149.01398172,687113.6369177593,6292960.753817556,2344.1482327962326,far-field,D20171215,2017-12-15,0.33048454,0
D10116119249,-33.48508712,149.00790103,686551.6717512563,6293130.244187055,2163.4782344458804,far-field,D20171215,2017-12-15,0.13250594,0
D10116119308,-33.4844667,149.00526359,686307.9199518906,6293203.783407807,2130.5679013809345,far-field,D20171215,2017-12-15,0.42724437,0
D10116119312,-33.48443235,149.00511729,686294.3986906295,6293207.855270637,2129.2715098954577,far-field,D20171215,2017-12-15,0.6737515,0
D10116119316,-33.48439769,149.00496968,686280.7563519531,6293211.963842734,2127.963739077532,far-field,D20171215,2017-12-15,0.46380797,0
D10116119317,-33.48438896,149.00493251,686277.3210475619,6293212.998670956,2127.634649679153,far-field,D20171215,2017-12-15,0.34505054,0
D10116119319,-33.4843714,149.0048577,686270.4069764332,6293215.080256669,2126.9712292040635,far-field,D20171215,2017-12-15,0.41238108,0
D10116119320,-33.48436253,149.00481995,686266.9180736574,6293216.131647356,2126.637391697335,far-field,D20171215,2017-12-15,0.08553805,0
D10116119321,-33.48435366,149.0047822,686263.429170188,6293217.183036746,2126.3035527287025,far-field,D20171215,2017-12-15,0.5150119,0
D10116119322,-33.48434479,149.00474443,686259.9384075425,6293218.23446073,2125.969048559061,far-field,D20171215,2017-12-15,0.5483056,0
D10116119325,-33.48431812,149.00463084,686249.440225087,6293221.395881075,2124.962451136713,far-field,D20171215,2017-12-15,0.9388377,1
D10116119328,-33.484287,149.00449857,686237.2157344007,6293225.084292879,2123.7969409149678,far-field,D20171215,2017-12-15,0.8508472,1
D10116119329,-33.4842761,149.00445222,686232.9320204733,6293226.376219997,2123.3879950376095,far-field,D20171215,2017-12-15,0.27563912,0
D10116119330,-33.48426519,149.00440587,686228.648326921,6293227.669254116,2122.9800830001473,far-field,D20171215,2017-12-15,0.41096908,0
D10116119332,-33.48424313,149.00431217,686219.9885259488,6293230.283725569,2122.155929851596,far-field,D20171215,2017-12-15,0.27132878,0
D10116119333,-33.48423161,149.00426324,686215.4663897771,6293231.649028856,2121.725585914031,far-field,D20171215,2017-12-15,0.5496433,0
D10116119340,-33.48415417,149.0039342,686185.0562495528,6293240.827062672,2118.8286167872093,far-field,D20171215,2017-12-15,0.27987516,0
D10116119346,-33.4840945,149.00368045,686161.6043277187,6293247.899348547,2116.589226635803,far-field,D20171215,2017-12-15,0.25795186,0
D10116119347,-33.48408458,149.00363825,686157.7041356466,6293249.075120368,2116.2164406740935,far-field,D20171215,2017-12-15,0.2335761,0
D10116119353,-33.48402597,149.00338895,686134.6634244237,6293256.021808434,2114.014841600863,far-field,D20171215,2017-12-15,0.5050535,0
D10116119354,-33.48401683,149.00335007,686131.070067591,6293257.105116876,2113.6714174492076,far-field,D20171215,2017-12-15,0.3426724,0
D10116119359,-33.48396986,149.00315021,686112.5986202334,6293262.6722661,2111.904640704571,far-field,D20171215,2017-12-15,0.6530172,0
D10116119360,-33.48396004,149.00310844,686108.738161059,6293263.836156998,2111.538080244505,far-field,D20171215,2017-12-15,0.28478003,0
D10116119362,-33.4839406,149.00302575,686101.0957984007,6293266.140230892,2110.8345668097227,far-field,D20171215,2017-12-15,0.08791617,0
D10116119363,-33.48393098,149.00298483,686097.3138949529,6293267.280413952,2110.497494057881,far-field,D20171215,2017-12-15,0.84497625,1
D10116119367,-33.48389364,149.00282593,686082.6280153032,6293271.706140482,2109.2564935457103,far-field,D20171215,2017-12-15,0.5069114,0
D10116119368,-33.48388438,149.00278654,686078.9875128833,6293272.803650784,2108.966384866688,far-field,D20171215,2017-12-15,0.31056777,0
D10116119372,-33.48384681,149.00262668,686064.2129020377,6293277.256575536,2107.857871742011,far-field,D20171215,2017-12-15,0.042285968,0
D10116119376,-33.48380659,149.00245563,686048.4041163272,6293282.023407916,2106.7983719255894,far-field,D20171215,2017-12-15,0.54585314,0
D10116119377,-33.48379652,149.00241281,686044.4466065874,6293283.216878349,2106.5534632761696,far-field,D20171215,2017-12-15,0.47339478,0
D10116119378,-33.48378645,149.00236999,686040.4890959557,6293284.410347113,2106.3166362044385,far-field,D20171215,2017-12-15,0.47659037,0
D10116119379,-33.48377637,149.00232715,686036.5297473262,6293285.604959013,2106.088344651394,far-field,D20171215,2017-12-15,0.56591856,0
D10116119380,-33.48376629,149.0022843,686032.5694685578,6293286.799587165,2105.867850654868,far-field,D20171215,2017-12-15,0.8389566,1
D10116119383,-33.48373582,149.00215474,686020.59526448,6293290.410777684,2105.249660215553,far-field,D20171215,2017-12-15,0.5497176,0
D10116119384,-33.48372557,149.00211118,686016.56936889,6293291.625523782,2105.0590452872902,far-field,D20171215,2017-12-15,0.26077586,0
D10116119391,-33.48364737,149.00177898,685985.8668674558,6293300.892856247,2103.8844852396405,far-field,D20171215,2017-12-15,0.39447087,0
D10116119392,-33.4836357,149.00172941,685981.2855198825,6293302.275827857,2103.75120183998,far-field,D20171215,2017-12-15,0.5182075,0
D10116119393,-33.48362407,149.00168005,685976.7235998872,6293303.653985139,2103.6302904601316,far-field,D20171215,2017-12-15,0.5465963,0
D10116119395,-33.48360116,149.00158272,685967.7281740697,6293306.368989204,2103.4210921137806,far-field,D20171215,2017-12-15,0.526085,0
D10116119396,-33.48358969,149.00153403,685963.2281683821,6293307.728196228,2103.333147886881,far-field,D20171215,2017-12-15,0.4816439,0
D10116119404,-33.48350564,149.00117679,685930.2112296089,6293317.688947562,2102.997819486839,far-field,D20171215,2017-12-15,0.7453924,0
D10116119406,-33.48348633,149.00109468,685922.6224084704,6293319.977420818,2102.99974399121,far-field,D20171215,2017-12-15,0.156956,0
D10116119407,-33.48347661,149.00105334,685918.8016518957,6293321.129373845,2103.0118009489984,far-field,D20171215,2017-12-15,0.21336207,0
D10116119408,-33.48346717,149.00101318,685915.0899479152,6293322.248161011,2103.030490170317,far-field,D20171215,2017-12-15,0.34965813,0
D10116119410,-33.48344918,149.00093657,685908.0093884569,6293324.380389016,2103.08403551676,far-field,D20171215,2017-12-15,0.720868,0
D10116119413,-33.48342309,149.00082548,685897.7420707335,6293327.472619019,2103.2081955544486,far-field,D20171215,2017-12-15,0.09936088,0
D10116119415,-33.48340571,149.00075148,685890.9027359664,6293329.532513391,2103.321307887145,far-field,D20171215,2017-12-15,0.43898633,0
D10116119416,-33.48339716,149.00071508,685887.538523644,6293330.545858805,2103.385941457273,far-field,D20171215,2017-12-15,0.0702289,0
D10116119423,-33.48333044,149.00043126,685861.3070021967,6293338.453059474,2104.0967860912538,far-field,D20171215,2017-12-15,0.057223544,0
D10116119426,-33.48330031,149.00030313,685849.4648389381,6293342.023766689,2104.5354591439395,far-field,D20171215,2017-12-15,0.6591112,0
D10116119427,-33.48328986,149.00025871,685845.3594156812,6293343.262158321,2104.7049723792684,far-field,D20171215,2017-12-15,0.63570154,0
D10116119428,-33.48327946,149.00021454,685841.2771160227,6293344.494555773,2104.883129997895,far-field,D20171215,2017-12-15,0.12722948,0
D10116119429,-33.48326895,149.00016986,685837.1476584132,6293345.740063054,2105.0710267332574,far-field,D20171215,2017-12-15,0.3417063,0
D10116119430,-33.48325955,149.00012987,685833.4516491548,6293346.854077763,2105.2459458238905,far-field,D20171215,2017-12-15,0.3025416,0
D10116119431,-33.48325159,149.00009594,685830.3156915046,6293347.797552155,2105.3982152630574,far-field,D20171215,2017-12-15,0.46588883,0
D10116119432,-33.48324385,149.00006291,685827.2628962934,6293348.715017226,2105.5503685020662,far-field,D20171215,2017-12-15,0.53314507,0
D10116119433,-33.48323596,149.00002931,685824.1574534373,6293349.650136078,2105.7118637152175,far-field,D20171215,2017-12-15,0.6391944,0
D10116119434,-33.48322812,148.99999587,685821.0667713112,6293350.579422692,2105.8761906050972,far-field,D20171215,2017-12-15,0.3285523,0
D10116119443,-33.48315682,148.99969195,685792.9771286462,6293359.030317385,2107.600616579893,far-field,D20171215,2017-12-15,0.34564507,0
D10116119454,-33.48306624,148.99930606,685757.3114947713,6293369.765890289,2110.38097338905,far-field,D20171215,2017-12-15,0.7057075,0
D10116119460,-33.48301616,148.99909272,685737.5936579871,6293375.701310621,2112.1987057215906,far-field,D20171215,2017-12-15,0.5109245,0
D10116119462,-33.48299906,148.99901987,685730.8605280516,6293377.727979865,2112.8649009261726,far-field,D20171215,2017-12-15,0.5353746,0
D10116119475,-33.48288115,148.99851806,685684.4811425251,6293391.701464908,2118.0955052633853,far-field,D20171215,2017-12-15,0.43571642,0
D10116119488,-33.4827745,148.99806369,685642.4860145125,6293404.341193343,2123.761129541349,far-field,D20171215,2017-12-15,0.7823276,1
D10116119489,-33.4827662,148.99802834,685639.2187936848,6293405.324848021,2124.2395239968514,far-field,D20171215,2017-12-15,0.44701248,0
D10116119490,-33.4827579,148.99799297,685635.9497137333,6293406.308537331,2124.723047751976,far-field,D20171215,2017-12-15,0.6853448,0
D10116218953,-33.48798908,149.01969362,687641.2238959274,6292787.170271736,2615.5127808829634,far-field,D20171215,2017-12-15,0.6436534,0
D10116218964,-33.48789087,149.01927521,687602.5567149989,6292798.81779032,2591.8912561684583,far-field,D20171215,2017-12-15,0.8029132,1
D10116218970,-33.48783662,149.01904416,687581.2043297391,6292805.251533741,2579.026670089887,far-field,D20171215,2017-12-15,0.8321195,1
D10116218971,-33.48782705,149.01900343,687577.4402962634,6292806.386425111,2576.772689540582,far-field,D20171215,2017-12-15,0.5899227,0
D10116218975,-33.48778868,149.01884009,687562.3453215786,6292810.936715191,2567.7734886235107,far-field,D20171215,2017-12-15,0.07520808,0
D10116218981,-33.48772983,149.01858963,687539.1992076156,6292817.915563468,2554.102864151106,far-field,D20171215,2017-12-15,0.3932075,0
D10116218988,-33.48765585,149.01827498,687510.1210717462,6292826.688188257,2537.1540524529255,far-field,D20171215,2017-12-15,0.79956895,1
D10116218989,-33.48764488,149.01822834,687505.8108770156,6292827.988983176,2534.6633759235783,far-field,D20171215,2017-12-15,0.18096016,0
D10116219105,-33.48666596,149.01405599,687120.2172963395,6292944.077589534,2336.1266228781774,far-field,D20171215,2017-12-15,0.83041024,1
D10116219107,-33.48664849,149.01398157,687113.339611819,6292946.149112752,2333.0636739373485,far-field,D20171215,2017-12-15,0.40398335,0
D10116219248,-33.48522235,149.00791574,686552.7485859696,6293115.221334821,2150.6568400929286,far-field,D20171215,2017-12-15,0.059453033,0
D10116219278,-33.48488123,149.00646656,686418.816701055,6293155.653869094,2128.7461539858004,far-field,D20171215,2017-12-15,0.8225327,1
D10116219308,-33.48458911,149.00522388,686303.9677060246,6293190.279966604,2116.56784752593,far-field,D20171215,2017-12-15,0.013599881,0
D10116219312,-33.48455457,149.00507681,686290.3753180933,6293194.374276921,2115.2655895517764,far-field,D20171215,2017-12-15,0.091409035,0
D10116219313,-33.4845461,149.00504071,686287.0388930361,6293195.37835562,2114.9450790030965,far-field,D20171215,2017-12-15,0.72250295,0
D10116219315,-33.48452926,149.00496897,686280.4085720347,6293197.374594325,2114.3089593848713,far-field,D20171215,2017-12-15,0.18497324,0
D10116219316,-33.48452072,149.00493259,686277.0462762138,6293198.386934694,2113.9864048467803,far-field,D20171215,2017-12-15,0.038124256,0
D10116219317,-33.48451215,149.00489609,686273.6728930799,6293199.402816087,2113.6629746585095,far-field,D20171215,2017-12-15,0.64618015,0
D10116219318,-33.48450346,149.00485909,686270.2533041392,6293200.4329010565,2113.3353821808014,far-field,D20171215,2017-12-15,0.09571938,0
D10116219319,-33.4844946,149.00482134,686266.7643853576,6293201.483182987,2113.0005108454457,far-field,D20171215,2017-12-15,0.46046373,0
D10116219320,-33.48448573,149.00478359,686263.2754872998,6293202.534572576,2112.66667409027,far-field,D20171215,2017-12-15,0.56413496,0
D10116219332,-33.48437009,149.00429161,686217.8061593479,6293216.241321576,2108.3200322439425,far-field,D20171215,2017-12-15,0.47971165,0
D10116219333,-33.48435871,149.00424328,686213.3394846173,6293217.5900223125,2107.8950979790784,far-field,D20171215,2017-12-15,0.9210018,1
D10116219341,-33.48427076,149.00386959,686178.8028046811,6293228.013655497,2104.6051837131254,far-field,D20171215,2017-12-15,0.2618163,0
D10116219344,-33.48424011,149.00373929,686166.7603395518,6293231.64632187,2103.4562642611572,far-field,D20171215,2017-12-15,0.18906064,0
D10116219346,-33.48422115,149.00365859,686159.3019065241,6293233.89364451,2102.7423246658855,far-field,D20171215,2017-12-15,0.6117717,0
D10116219348,-33.48420211,149.0035776,686151.8166934295,6293236.150352982,2102.0270421623704,far-field,D20171215,2017-12-15,0.85367125,1
D10116219351,-33.48417331,149.0034551,686140.4950629463,6293239.563839702,2100.945284687824,far-field,D20171215,2017-12-15,0.092895366,0
D10116219353,-33.48415475,149.00337609,686133.1928055038,6293241.763752583,2100.245968271968,far-field,D20171215,2017-12-15,0.6536861,0
D10116219354,-33.48414547,149.00333661,686129.5439987687,6293242.863662064,2099.897137373874,far-field,D20171215,2017-12-15,0.31428358,0
D10116219359,-33.48409757,149.00313284,686110.7112329656,6293248.540953444,2098.096953695804,far-field,D20171215,2017-12-15,0.31034482,0
D10116219362,-33.48406657,149.00300106,686098.5319416227,6293252.214999507,2096.951286682196,far-field,D20171215,2017-12-15,0.04369798,0
D10116219363,-33.4840562,149.00295697,686094.457076716,6293253.444037031,2096.583323445944,far-field,D20171215,2017-12-15,0.49695304,0
D10116219364,-33.48404615,149.00291424,686090.5079039044,6293254.635147894,2096.234879663998,far-field,D20171215,2017-12-15,0.29250893,0
D10116219365,-33.4840368,149.00287443,686086.8285729339,6293255.743395113,2095.9161232758984,far-field,D20171215,2017-12-15,0.12002081,0
D10116219369,-33.48400056,149.00272017,686072.5715253805,6293260.038803082,2094.748080236544,far-field,D20171215,2017-12-15,0.37061533,0
D10116219370,-33.48399144,149.00268135,686068.9836942211,6293261.119762557,2094.4707135317485,far-field,D20171215,2017-12-15,0.25208086,0
D10116219372,-33.48397224,149.00259967,686061.4346669703,6293263.3953792015,2093.9100241949377,far-field,D20171215,2017-12-15,0.14974733,0
D10116219373,-33.48396219,149.00255694,686057.4854867782,6293264.586476177,2093.6290720643265,far-field,D20171215,2017-12-15,0.22071938,0
D10116219377,-33.48392193,149.00238576,686041.6647250323,6293269.35796722,2092.584570416151,far-field,D20171215,2017-12-15,0.16929251,0
D10116219378,-33.48391186,149.00234293,686037.706290702,6293270.551453026,2092.343217915579,far-field,D20171215,2017-12-15,0.5271254,0
D10116219379,-33.48390178,149.00230008,686033.7460183762,6293271.746081967,2092.110455315776,far-field,D20171215,2017-12-15,0.80997324,1
D10116219384,-33.48385132,149.00208554,686013.9178234893,6293277.726375056,2091.0668347813466,far-field,D20171215,2017-12-15,0.5798157,0
D10116219392,-33.48375936,149.00169499,685977.8226111553,6293288.62417523,2089.703385175441,far-field,D20171215,2017-12-15,0.93437874,1
D10116219393,-33.48374742,149.00164429,685973.1368406205,6293290.0391096985,2089.576418771302,far-field,D20171215,2017-12-15,0.85255647,1
D10116219396,-33.48371225,149.00149495,685959.3346051192,6293294.20687218,2089.2690076339327,far-field,D20171215,2017-12-15,0.17367718,0
D10116219400,-33.48366707,149.00130308,685941.6016521918,6293299.560868496,2089.019372594348,far-field,D20171215,2017-12-15,0.009735434,0
D10116219401,-33.48365603,149.00125617,685937.2661343984,6293300.869189604,2088.9826795989084,far-field,D20171215,2017-12-15,0.4872176,0
D10116219403,-33.48363661,149.00117358,685929.6329591853,6293303.170727452,2088.940106689481,far-field,D20171215,2017-12-15,0.6227705,0
D10116219406,-33.48360755,149.00104997,685918.2085949819,6293306.614767324,2088.9326554030645,far-field,D20171215,2017-12-15,0.124331154,0
D10116219407,-33.48359788,149.00100881,685914.4044630749,6293307.760851651,2088.9446043732714,far-field,D20171215,2017-12-15,0.09571938,0
D10116219408,-33.48358806,149.00096707,685910.5467543344,6293308.924607611,2088.965906168211,far-field,D20171215,2017-12-15,0.14922711,0
D10116219412,-33.48355251,149.00081571,685896.5575729777,6293313.138036177,2089.101912197708,far-field,D20171215,2017-12-15,0.8363555,1
D10116219413,-33.48354368,149.00077813,685893.0843135858,6293314.184547925,2089.1518902908074,far-field,D20171215,2017-12-15,0.061608203,0
D10116219415,-33.48352626,149.00070395,685886.2283466173,6293316.249197582,2089.2679771629123,far-field,D20171215,2017-12-15,0.68415576,0
D10116219416,-33.4835168,149.00066369,685882.5073917944,6293317.37036914,2089.3418476410125,far-field,D20171215,2017-12-15,0.13354637,0
D10116219419,-33.48348805,149.0005414,685871.2049960721,6293320.777610305,2089.612156092392,far-field,D20171215,2017-12-15,0.9470125,1
D10116219420,-33.48347846,149.00050063,685867.4369239677,6293321.9141055755,2089.717633156211,far-field,D20171215,2017-12-15,0.10233353,0
D10116219422,-33.48345929,149.00041908,685859.8998267227,6293324.186000539,2089.9495017165,far-field,D20171215,2017-12-15,0.21024078,0
D10116219426,-33.48342168,149.00025905,685845.1093437488,6293328.64332184,2090.4896801579107,far-field,D20171215,2017-12-15,0.16795482,0
D10116219427,-33.48341202,149.00021796,685841.3116795087,6293329.788142266,2090.647101926895,far-field,D20171215,2017-12-15,0.12841855,0
D10116219429,-33.48339281,149.00013628,685833.7625762748,6293332.064684826,2090.9831491157756,far-field,D20171215,2017-12-15,0.22458383,0
D10116219430,-33.48338449,149.00010081,685830.4842875602,6293333.050839042,2091.1359365838643,far-field,D20171215,2017-12-15,0.32684305,0
D10116219432,-33.48336819,149.00003136,685824.0654408326,6293334.982772073,2091.4523121403518,far-field,D20171215,2017-12-15,0.70176876,0
D10116219433,-33.48336001,148.9999965,685820.8435357525,6293335.95230549,2091.61901069351,far-field,D20171215,2017-12-15,0.6421671,0
D10116219434,-33.48335187,148.99996184,685817.6401297201,6293336.917043939,2091.7908539602195,far-field,D20171215,2017-12-15,0.350327,0
D10116219436,-33.48333593,148.99989386,685811.3571097066,6293338.806414302,2092.1406492116307,far-field,D20171215,2017-12-15,0.16906956,0
D10116219437,-33.48332778,148.99985914,685808.1481477949,6293339.772365877,2092.3281723261407,far-field,D20171215,2017-12-15,0.22711058,0
D10116219502,-33.48277108,148.99748846,685589.0394649678,6293405.749118147,2117.694706822026,far-field,D20171215,2017-12-15,0.8059602,1
D10116318977,-33.48788876,149.01870545,687549.6185716757,6292800.081573919,2551.0553863936475,far-field,D20171215,2017-12-15,0.514343,0
D10116319105,-33.48678952,149.01402113,687116.7121672524,6292930.438156226,2323.6637696976563,far-field,D20171215,2017-12-15,0.6460315,0
D10116319110,-33.48674287,149.01382254,687098.3591311292,6292935.969471216,2315.4847209396235,far-field,D20171215,2017-12-15,0.86192036,1
D10116319272,-33.48507523,149.00673088,686442.9624781586,6293133.665349916,2118.681357088731,far-field,D20171215,2017-12-15,0.9068817,1
D10116319273,-33.48506379,149.00668227,686438.4699773546,6293135.0213148,2118.033625871588,far-field,D20171215,2017-12-15,0.74799347,0
D10116319276,-33.48502952,149.00653669,686425.0155918525,6293139.08320273,2116.1557149316427,far-field,D20171215,2017-12-15,0.38793105,0
D10116319308,-33.48471226,149.00518733,686300.3075248576,6293176.68878926,2102.5959980959656,far-field,D20171215,2017-12-15,0.49479786,0
D10116319309,-33.48470341,149.00514963,686296.8232422302,6293177.737883911,2102.2617648952696,far-field,D20171215,2017-12-15,0.514566,0
D10116319310,-33.48469463,149.00511226,686293.3694739456,6293178.7786222715,2101.9312295070204,far-field,D20171215,2017-12-15,0.6897295,0
D10116319312,-33.4846775,149.00503928,686286.6245608521,6293180.809251217,2101.284013069528,far-field,D20171215,2017-12-15,0.094456,0
D10116319313,-33.48466897,149.00500293,686283.2650377592,6293181.8204312585,2100.9614227882134,far-field,D20171215,2017-12-15,0.4551873,0
D10116319314,-33.48466046,149.00496669,686279.9156928533,6293182.829194764,2100.640409606005,far-field,D20171215,2017-12-15,0.61385256,0
D10116319315,-33.48465197,149.00493052,686276.5728091688,6293183.835613533,2100.319646064374,far-field,D20171215,2017-12-15,0.126412,0
D10116319316,-33.48464368,149.00489518,686273.3066235848,6293184.818362415,2100.005705357112,far-field,D20171215,2017-12-15,0.15569262,0
D10116319317,-33.48463511,149.0048587,686269.9351034847,6293185.834206818,2099.682939594387,far-field,D20171215,2017-12-15,0.73833233,0
D10116319318,-33.48462634,149.00482137,686266.4850254987,6293186.873754546,2099.3526844972175,far-field,D20171215,2017-12-15,0.25668848,0
D10116319324,-33.48457344,149.0045961,686245.665270735,6293193.144379845,2097.357321789889,far-field,D20171215,2017-12-15,0.9411415,1
D10116319325,-33.48456406,149.00455617,686241.9748911525,6293194.256230328,2097.00396873295,far-field,D20171215,2017-12-15,0.95043105,1
D10116319340,-33.48440768,149.00389141,686180.5373152898,6293212.790705854,2091.1439043176024,far-field,D20171215,2017-12-15,0.3275862,0
D10116319341,-33.48439723,149.00384697,686176.4301233655,6293214.029278716,2090.751701783815,far-field,D20171215,2017-12-15,0.32238406,0
D10116319344,-33.48436683,149.00371774,686164.4865694665,6293217.632299873,2089.61239684475,far-field,D20171215,2017-12-15,0.6501932,0
D10116319346,-33.4843485,149.0036397,686157.27397779,6293219.804986237,2088.9214696574763,far-field,D20171215,2017-12-15,0.8321195,1
D10116319348,-33.48433,149.00356099,686149.9994876081,6293221.997720927,2088.22591288987,far-field,D20171215,2017-12-15,0.72280025,0
D10116319349,-33.48432083,149.00352197,686146.393199884,6293223.084613714,2087.8809618280616,far-field,D20171215,2017-12-15,0.6113258,0
D10116319350,-33.48431161,149.00348272,686142.7656457928,6293224.177462377,2087.5335561291317,far-field,D20171215,2017-12-15,0.18712842,0
D10116319351,-33.48430234,149.00344325,686139.1177545739,6293225.276248956,2087.1840276498247,far-field,D20171215,2017-12-15,0.3613258,0
D10116319357,-33.48424668,149.0032064,686117.2276893018,6293231.873428278,2085.089971736602,far-field,D20171215,2017-12-15,0.2591409,0
D10116319358,-33.48423673,149.00316406,686113.3145543502,6293233.052760141,2084.7156318389348,far-field,D20171215,2017-12-15,0.55313617,0
D10116319359,-33.48422678,149.00312178,686109.4069940123,6293234.231982787,2084.343281410145,far-field,D20171215,2017-12-15,0.22324614,0
D10116319362,-33.48419671,149.0029939,686097.5881369214,6293237.7959026685,2083.217802940152,far-field,D20171215,2017-12-15,0.17456897,0
D10116319363,-33.48418661,149.00295094,686093.6177052932,6293238.992972286,2082.8498714200973,far-field,D20171215,2017-12-15,0.1432818,0
D10116319366,-33.4841564,149.00282249,686081.7461700997,6293242.573419565,2081.799790367368,far-field,D20171215,2017-12-15,0.11251486,0
D10116319368,-33.48413678,149.00273904,686074.0335819403,6293244.898796281,2081.156204497613,far-field,D20171215,2017-12-15,0.74123067,0
D10116319374,-33.48407754,149.00248712,686050.7507182803,6293251.919842942,2079.4025340204366,far-field,D20171215,2017-12-15,0.11400119,0
D10116319375,-33.48406747,149.0024443,686046.7932214099,6293253.113314944,2079.132657667733,far-field,D20171215,2017-12-15,0.684453,0
D10116319377,-33.48404733,149.00235864,686038.876366515,6293255.500289791,2078.616844908059,far-field,D20171215,2017-12-15,0.12916172,0
D10116319378,-33.48403725,149.00231578,686034.9151713805,6293256.69493744,2078.3713642989146,far-field,D20171215,2017-12-15,0.4835761,0
D10116319380,-33.48401709,149.00223008,686026.9946369445,6293259.084191873,2077.9056241472244,far-field,D20171215,2017-12-15,0.4474584,0
D10116319381,-33.48400701,149.00218723,686023.0343683909,6293260.2788165845,2077.6850654525333,far-field,D20171215,2017-12-15,0.4557075,0
D10116319383,-33.48398702,149.0021022,686015.175724677,6293262.648008017,2077.270408962442,far-field,D20171215,2017-12-15,0.52534187,0
D10116319384,-33.48397631,149.00205669,686010.9696207559,6293263.917258938,2077.062911489028,far-field,D20171215,2017-12-15,0.11637931,0
D10116319389,-33.4839218,149.00182511,685989.5666516684,6293270.377166344,2076.1519493087167,far-field,D20171215,2017-12-15,0.61987215,0
D10116319397,-33.48382402,149.00141007,685951.2081559028,6293281.964162132,2075.1301357093844,far-field,D20171215,2017-12-15,0.007654578,0
D10116319400,-33.48378749,149.001255,685936.8763717787,6293286.292975928,2074.946423306026,far-field,D20171215,2017-12-15,0.05350773,0
D10116319401,-33.48377738,149.00121199,685932.9012791198,6293287.49117611,2074.912262481931,far-field,D20171215,2017-12-15,0.10225922,0
D10116319407,-33.4837189,149.00096329,685909.9158235437,6293294.42182482,2074.8797506342657,far-field,D20171215,2017-12-15,0.20474137,0
D10116319413,-33.48366474,149.00073273,685888.606767414,6293300.840861734,2075.0918269374083,far-field,D20171215,2017-12-15,0.45154577,0
D10116319415,-33.48364625,149.00065405,685881.3349329178,6293303.032225597,2075.2196150813347,far-field,D20171215,2017-12-15,0.37745243,0
D10116319419,-33.48360962,149.00049816,685866.9271070464,6293307.373490674,2075.5543546413137,far-field,D20171215,2017-12-15,0.88807964,1
D10116319422,-33.48358193,149.00038033,685856.0369004285,6293310.655178661,2075.880032521765,far-field,D20171215,2017-12-15,0.10671819,0
D10116319427,-33.48353497,149.00018054,685837.5717063965,6293316.220555255,2076.5754876183228,far-field,D20171215,2017-12-15,0.533591,0
D10116319434,-33.48347519,148.99992595,685814.0415738161,6293323.30567893,2077.714161560932,far-field,D20171215,2017-12-15,0.7969679,1
D10116319435,-33.48346681,148.99989027,685810.7439004201,6293324.298856162,2077.897125108868,far-field,D20171215,2017-12-15,0.5140458,0
D10116319436,-33.48345845,148.99985464,685807.4508299502,6293325.289724821,2078.084616419339,far-field,D20171215,2017-12-15,0.07981569,0
D10116319437,-33.48345006,148.9998189,685804.1476011688,6293326.284116099,2078.2788390135365,far-field,D20171215,2017-12-15,0.09980678,0
D10116319438,-33.48344167,148.99978317,685800.8453010214,6293327.278488314,2078.478965279917,far-field,D20171215,2017-12-15,0.2650862,0
D10116319441,-33.48341651,148.99967599,685790.9393047706,6293330.260471137,2079.112653519241,far-field,D20171215,2017-12-15,0.6186088,0
D10116319457,-33.4832846,148.99911401,685738.9987907936,6293345.894468879,2083.271636499577,far-field,D20171215,2017-12-15,0.9178805,1
D10116319464,-33.4832209,148.99884292,685713.9436250096,6293353.443577696,2085.78671313738,far-field,D20171215,2017-12-15,0.45176873,0
D10116319465,-33.48321126,148.9988019,685710.1524005928,6293354.586002205,2086.195737061189,far-field,D20171215,2017-12-15,0.4615785,0
D10116319467,-33.48319301,148.99872423,685702.9738351074,6293356.748805974,2086.990235291058,far-field,D20171215,2017-12-15,0.6568817,0
D10116319471,-33.48315794,148.99857492,685689.1739841013,6293360.90502915,2088.5908421114873,far-field,D20171215,2017-12-15,0.8518133,1
D10116319502,-33.48289022,148.99743498,685583.8155712562,6293392.632674944,2104.023374764008,far-field,D20171215,2017-12-15,0.33479488,0
D10116418953,-33.48823291,149.01961005,687632.9323742917,6292760.281604633,2592.7384807014664,far-field,D20171215,2017-12-15,0.5928954,0
D10116418977,-33.48801157,149.01866744,687545.8217780169,6292786.531133664,2539.6547064610118,far-field,D20171215,2017-12-15,0.39989597,0
D10116418991,-33.48787166,149.01807211,687490.8048334902,6292803.122261232,2507.25840047337,far-field,D20171215,2017-12-15,0.2690993,0
D10116419104,-33.48692514,149.01403749,687117.9405608361,6292915.368972626,2313.3603648956073,far-field,D20171215,2017-12-15,0.33182225,0
D10116419105,-33.48691507,149.01399467,687113.9833093712,6292916.562894767,2311.569015928576,far-field,D20171215,2017-12-15,0.86013675,1
D10116419107,-33.48689506,149.01390952,687106.1140558594,6292918.935434205,2308.0234428768767,far-field,D20171215,2017-12-15,0.29503566,0
D10116419108,-33.48688503,149.01386685,687102.1706539838,6292920.124645111,2306.25588866262,far-field,D20171215,2017-12-15,0.15472652,0
D10116419110,-33.48686395,149.01377722,687093.8874065501,6292922.623909313,2302.5636128270785,far-field,D20171215,2017-12-15,0.63354635,0
D10116419259,-33.48535097,149.00734236,686499.1922096006,6293101.988399869,2114.4812893445996,far-field,D20171215,2017-12-15,0.84512484,1
D10116419264,-33.48529523,149.00710551,686477.302796341,6293108.595291946,2110.7333689858974,far-field,D20171215,2017-12-15,0.7418252,0
D10116419276,-33.48515598,149.00651407,686422.6425827185,6293125.099978924,2102.4372301375147,far-field,D20171215,2017-12-15,0.63421524,0
D10116419288,-33.48502493,149.00595715,686371.1723579704,6293140.63301864,2096.009826626855,far-field,D20171215,2017-12-15,0.3549346,0
D10116419296,-33.48494504,149.00561738,686339.7708042427,6293150.102521693,2092.7507405631977,far-field,D20171215,2017-12-15,0.54719085,0
D10116419305,-33.48486209,149.00526433,686307.1417194116,6293159.935098128,2089.628304774266,far-field,D20171215,2017-12-15,0.3804994,0
D10116419309,-33.48482668,149.00511358,686293.2092795325,6293164.13249936,2088.2940791384403,far-field,D20171215,2017-12-15,0.18712842,0
D10116419313,-33.48479175,149.00496479,686279.4579317031,6293168.273132337,2086.9751460028483,far-field,D20171215,2017-12-15,0.37291914,0
D10116419315,-33.48477443,149.00489102,686272.6400207566,6293170.3262397405,2086.3213900142823,far-field,D20171215,2017-12-15,0.72666466,0
D10116419316,-33.48476573,149.00485397,686269.2158174947,6293171.357523526,2085.993178284437,far-field,D20171215,2017-12-15,0.87210166,1
D10116419321,-33.48472189,149.00466729,686251.9626378906,6293176.554194313,2084.339866643445,far-field,D20171215,2017-12-15,0.019916765,0
D10116419324,-33.4846953,149.00455407,686241.4987104391,6293179.706072487,2083.3372706175132,far-field,D20171215,2017-12-15,0.71239597,0
D10116419328,-33.4846587,149.00439828,686227.1004290786,6293184.044384986,2081.9589607321855,far-field,D20171215,2017-12-15,0.53158444,0
D10116419330,-33.48464039,149.00432036,686219.898982307,6293186.214686764,2081.270002822528,far-field,D20171215,2017-12-15,0.5127824,0
D10116419342,-33.48451322,149.00377987,686169.946607492,6293201.286870319,2076.5077988558746,far-field,D20171215,2017-12-15,0.1582937,0
D10116419343,-33.48450355,149.0037387,686166.1416124396,6293202.433075131,2076.143306920665,far-field,D20171215,2017-12-15,0.6985731,0
D10116419348,-33.48445754,149.00354291,686148.0464356986,6293207.886538314,2074.412259592281,far-field,D20171215,2017-12-15,0.6814804,0
D10116419349,-33.48444838,149.00350389,686144.4401317975,6293208.972321659,2074.0662740022,far-field,D20171215,2017-12-15,0.84884065,1
D10116419350,-33.48443921,149.00346487,686140.8338485657,6293210.059212577,2073.721322891618,far-field,D20171215,2017-12-15,0.33880797,0
D10116419351,-33.48443004,149.00342584,686137.2266353542,6293211.146120042,2073.3760383395074,far-field,D20171215,2017-12-15,0.31361476,0
D10116419352,-33.48442087,149.00338682,686133.6203506476,6293212.233008185,2073.0310841047526,far-field,D20171215,2017-12-15,0.64134955,0
D10116419353,-33.4844117,149.00334779,686130.013135961,6293213.31991288,2072.685796430972,far-field,D20171215,2017-12-15,0.67954814,0
D10116419354,-33.48440253,149.00330877,686126.4068497842,6293214.406798255,2072.340839078108,far-field,D20171215,2017-12-15,0.52392983,0
D10116419355,-33.48439336,149.00326974,686122.7996336273,6293215.493700177,2071.995548283583,far-field,D20171215,2017-12-15,0.36050832,0
D10116419357,-33.48437475,149.00319053,686115.4789137689,6293217.699503774,2071.2947684261094,far-field,D20171215,2017-12-15,0.46834126,0
D10116419360,-33.48434567,149.00306685,686104.0482435885,6293221.146114865,2070.202823042401,far-field,D20171215,2017-12-15,0.20288347,0
D10116419363,-33.48431687,149.00294433,686092.7247593238,6293224.559581508,2069.1229138823683,far-field,D20171215,2017-12-15,0.36667657,0
D10116419366,-33.48428474,149.00280779,686080.1055904554,6293228.367451692,2067.98245045272,far-field,D20171215,2017-12-15,0.13964032,0
D10116419367,-33.48427413,149.00276269,686075.9373936921,6293229.624907426,2067.6237833410805,far-field,D20171215,2017-12-15,0.087990485,0
D10116419369,-33.4842533,149.00267415,686067.7544176375,6293232.093588248,2066.9461922478304,far-field,D20171215,2017-12-15,0.664239,0
D10116419370,-33.4842431,149.00263079,686063.7470295979,6293233.302452149,2066.6270766641946,far-field,D20171215,2017-12-15,0.8381391,1
D10116419374,-33.48420295,149.00246003,686047.965115858,6293238.061004715,2065.450280880012,far-field,D20171215,2017-12-15,0.35107017,0
D10116419377,-33.48417272,149.00233149,686036.0852480447,6293241.643774366,2064.651534248085,far-field,D20171215,2017-12-15,0.66371876,0
D10116419378,-33.48416263,149.00228862,686032.1231506097,6293242.839548003,2064.402475471885,far-field,D20171215,2017-12-15,0.76679546,1
D10116419380,-33.48414263,149.00220356,686024.2617568492,6293245.209910341,2063.9306879367637,far-field,D20171215,2017-12-15,0.32126933,0
D10116419384,-33.48410154,149.00202888,686008.1175532911,6293250.079663325,2063.065802615561,far-field,D20171215,2017-12-15,0.3639269,0
D10116419385,-33.48409088,149.00198358,686003.9308615089,6293251.342990287,2062.864384310827,far-field,D20171215,2017-12-15,0.15985434,0
D10116419386,-33.48408022,149.00193827,685999.7432394886,6293252.6063333005,2062.6719264929307,far-field,D20171215,2017-12-15,0.9878864,1
D10116419388,-33.48405905,149.00184831,685991.4290020315,6293255.11519673,2062.3178062770235,far-field,D20171215,2017-12-15,0.58925384,0
D10116419389,-33.48404797,149.00180125,685987.0796568418,6293256.428246083,2062.1476846717514,far-field,D20171215,2017-12-15,0.5249703,0
D10116419396,-33.4839616,149.00143465,685953.1981009148,6293266.663135078,2061.170726077404,far-field,D20171215,2017-12-15,0.82959276,1
D10116419397,-33.48394895,149.00138096,685948.2360110779,6293268.162150351,2061.078704690922,far-field,D20171215,2017-12-15,0.69820154,0
D10116419403,-33.48388095,149.00109216,685921.5446726022,6293276.220392972,2060.802532764179,far-field,D20171215,2017-12-15,0.35865042,0
D10116419404,-33.48387062,149.00104823,685917.4845620209,6293277.444631871,2060.7921119789,far-field,D20171215,2017-12-15,0.6801427,0
D10116419405,-33.48386036,149.00100463,685913.4549661098,6293278.660515245,2060.791207404133,far-field,D20171215,2017-12-15,0.75096613,0
D10116419407,-33.48384114,149.00092284,685905.8957168887,6293280.938422885,2060.8098171460038,far-field,D20171215,2017-12-15,0.28738108,0
D10116419409,-33.48382265,149.00084419,685898.6266886021,6293283.129746934,2060.8570748085403,far-field,D20171215,2017-12-15,0.36645362,0
D10116419410,-33.48381332,149.0008045,685894.9584373825,6293284.235486676,2060.89145200843,far-field,D20171215,2017-12-15,0.17999406,0
D10116419411,-33.483804,149.00076481,685891.2901640324,6293285.340116031,2060.931878047484,far-field,D20171215,2017-12-15,0.3987812,0
D10116419419,-33.48373242,149.00046013,685863.1307396286,6293293.823638588,2061.4830088559647,far-field,D20171215,2017-12-15,0.8530767,1
D10116419421,-33.48371417,149.00038244,685855.9503889768,6293295.986595644,2061.690402636418,far-field,D20171215,2017-12-15,0.6762039,0
D10116419422,-33.48370487,149.00034287,685852.2932158031,6293297.088776981,2061.8070136708766,far-field,D20171215,2017-12-15,0.5701546,0
D10116419423,-33.48369553,149.00030315,685848.622188583,6293298.1956612915,2061.9316858925,far-field,D20171215,2017-12-15,0.12381094,0
D10116419424,-33.48368618,149.00026334,685844.9428187036,6293299.303814268,2062.062582099567,far-field,D20171215,2017-12-15,0.16141498,0
D10116419425,-33.48367682,149.00022353,685841.2634694257,6293300.413074756,2062.201706929069,far-field,D20171215,2017-12-15,0.14573425,0
D10116419427,-33.48365823,149.00014444,685833.9537411369,6293302.61622609,2062.4987335802866,far-field,D20171215,2017-12-15,0.58041024,0
D10116419430,-33.4836318,149.00003191,685823.5533425859,6293305.748659847,2062.967795376822,far-field,D20171215,2017-12-15,0.9175089,1
D10116419431,-33.48362325,148.99999551,685820.1891331772,6293306.761981871,2063.1318138585066,far-field,D20171215,2017-12-15,0.123513676,0
D10116419433,-33.48360614,148.99992261,685813.4514412852,6293308.789910279,2063.4767875703965,far-field,D20171215,2017-12-15,0.430217,0
D10116419434,-33.48359757,148.99988611,685810.0779801633,6293309.805625609,2063.6588537694106,far-field,D20171215,2017-12-15,0.078478,0
D10116419435,-33.48358893,148.99984934,685806.6795781287,6293310.829585742,2063.849045212797,far-field,D20171215,2017-12-15,0.109690845,0
D10116419437,-33.48357169,148.99977593,685799.8947669322,6293312.872833792,2064.2459294505406,far-field,D20171215,2017-12-15,0.20214032,0
D10116419438,-33.48356315,148.99973955,685796.5323901627,6293313.885002586,2064.4511986388557,far-field,D20171215,2017-12-15,0.106272295,0
D10116419441,-33.48353781,148.99963161,685786.5561682382,6293316.888303109,2065.0954297055787,far-field,D20171215,2017-12-15,0.6686237,0
D10116419442,-33.48352962,148.99959671,685783.3305707237,6293317.85900468,2065.314586317321,far-field,D20171215,2017-12-15,0.51426876,0
D10116419443,-33.4835211,148.99956045,685779.9792991199,6293318.86873485,2065.5492537534506,far-field,D20171215,2017-12-15,0.063020214,0
D10116419444,-33.48351254,148.999524,685776.6104565164,6293319.883239709,2065.7905950941836,far-field,D20171215,2017-12-15,0.105231866,0
D10116419461,-33.48337068,148.99891968,685720.7567656214,6293336.696330548,2070.652407327374,far-field,D20171215,2017-12-15,0.9935345,1
D10116419464,-33.4833417,148.99879643,685709.3655843262,6293340.13060223,2071.8493783350605,far-field,D20171215,2017-12-15,0.124256834,0
D10116419466,-33.48332286,148.9987163,685701.9596927569,6293342.363235408,2072.6637135222873,far-field,D20171215,2017-12-15,0.23335315,0
D10116419467,-33.48331383,148.99867785,685698.4059877907,6293343.4334112555,2073.0634745235,far-field,D20171215,2017-12-15,0.1281956,0
D10116419469,-33.48329593,148.99860165,685691.3632819743,6293345.554763354,2073.875592000155,far-field,D20171215,2017-12-15,0.1719679,0
D10116419470,-33.48328706,148.99856391,685687.8752104016,6293346.605921762,2074.2878517920612,far-field,D20171215,2017-12-15,0.44136444,0
D10116419471,-33.48327811,148.9985258,685684.3529264911,6293347.666612411,2074.709797507587,far-field,D20171215,2017-12-15,0.16706303,0
D10116518991,-33.48799901,149.01805323,687488.7759115798,6292789.033774348,2496.7594891441927,far-field,D20171215,2017-12-15,0.15078776,0
D10116519003,-33.48788324,149.01756048,687443.2386818526,6292802.762276063,2470.4776070612616,far-field,D20171215,2017-12-15,0.41178656,0
D10116519010,-33.48782259,149.01730203,687419.3539602155,6292809.954877542,2456.9429259099365,far-field,D20171215,2017-12-15,0.9553359,1
D10116519101,-33.48707767,149.01412596,687125.8331543264,6292898.294526026,2306.1744535185903,far-field,D20171215,2017-12-15,0.2540131,0
D10116519104,-33.48705164,149.01401504,687115.5822760648,6292901.381130567,2301.469461592388,far-field,D20171215,2017-12-15,0.19195898,0
D10116519107,-33.48701981,149.01387969,687103.0737898217,6292905.154962456,2295.78832326519,far-field,D20171215,2017-12-15,0.24026456,0
D10116519108,-33.48700905,149.01383394,687098.8457646423,6292906.430678838,2293.8817579361344,far-field,D20171215,2017-12-15,0.26263377,0
D10116519110,-33.48698221,149.01372003,687088.318776859,6292909.612469474,2289.16896568579,far-field,D20171215,2017-12-15,0.6957491,0
D10116519125,-33.48676235,149.01278758,687002.1465399195,6292935.674518592,2252.2521116251346,far-field,D20171215,2017-12-15,0.5577437,0
D10116519258,-33.48548723,149.00736142,686500.6711265548,6293086.843517269,2101.608074738599,far-field,D20171215,2017-12-15,0.7972652,1
D10116519287,-33.48516077,149.00597444,686372.4879105575,6293125.537920089,2082.632180412947,far-field,D20171215,2017-12-15,0.76025563,1
D10116519288,-33.48514985,149.00592806,686368.2015113194,6293126.832181962,2082.1437384366895,far-field,D20171215,2017-12-15,0.45184305,0
D10116519296,-33.48507007,149.00558872,686336.8397228351,6293136.288706886,2078.8478641884053,far-field,D20171215,2017-12-15,0.45682225,0
D10116519311,-33.48493275,149.00500424,686282.8217755448,6293152.566059938,2073.67614933659,far-field,D20171215,2017-12-15,0.9488704,1
D10116519312,-33.48492378,149.00496604,686279.2912954133,6293153.629353458,2073.337752596953,far-field,D20171215,2017-12-15,0.5384215,0
D10116519313,-33.48491481,149.00492784,686275.7608145791,6293154.692645651,2072.9993543635155,far-field,D20171215,2017-12-15,0.52526754,0
D10116519318,-33.4848699,149.00473665,686258.0908727768,6293160.0160814,2071.3072515271274,far-field,D20171215,2017-12-15,0.53634065,0
D10116519320,-33.48485237,149.00466201,686251.1925700926,6293162.094023053,2070.64636680778,far-field,D20171215,2017-12-15,0.74100775,0
D10116519321,-33.48484361,149.00462469,686247.7434070358,6293163.132437499,2070.3154042863925,far-field,D20171215,2017-12-15,0.25037158,0
D10116519328,-33.48478143,149.00435996,686223.2767833328,6293170.502935121,2067.9719029900143,far-field,D20171215,2017-12-15,0.559676,0
D10116519329,-33.48477239,149.00432144,686219.7167054997,6293171.574543074,2067.6301134146925,far-field,D20171215,2017-12-15,0.4283591,0
D10116519330,-33.48476231,149.0042786,686215.7574217843,6293172.769231712,2067.2527016456365,far-field,D20171215,2017-12-15,0.37604043,0
D10116519347,-33.48459425,149.00356381,686149.6959473705,6293192.688533809,2060.942226367857,far-field,D20171215,2017-12-15,0.7606272,1
D10116519348,-33.48458509,149.00352482,686146.092437161,6293193.774264252,2060.5972394880173,far-field,D20171215,2017-12-15,0.56004757,0
D10116519350,-33.48456675,149.00344679,686138.8808111295,6293195.948028563,2059.907673723624,far-field,D20171215,2017-12-15,0.55826396,0
D10116519353,-33.48453925,149.00332973,686128.0619512979,6293199.20758259,2058.8717795242137,far-field,D20171215,2017-12-15,0.61385256,0
D10116519362,-33.48445244,149.00296045,686093.9326232986,6293209.496581943,2055.6098327074164,far-field,D20171215,2017-12-15,0.21655767,0
D10116519369,-33.48437948,149.0026503,686065.268221711,6293218.143555958,2053.0437840585946,far-field,D20171215,2017-12-15,0.6071641,0
D10116519370,-33.48436945,149.00260765,686061.3264520257,6293219.332294093,2052.724083950845,far-field,D20171215,2017-12-15,0.3672711,0
D10116519373,-33.48433889,149.00247773,686049.3190819012,6293222.954150695,2051.8015124865283,far-field,D20171215,2017-12-15,0.08642984,0
D10116519374,-33.48432863,149.0024341,686045.2867346623,6293224.170144718,2051.508509055577,far-field,D20171215,2017-12-15,0.27400416,0
D10116519383,-33.48423717,149.00204525,686009.3486578783,6293235.009579087,2049.2795077545084,far-field,D20171215,2017-12-15,0.24152794,0
D10116519387,-33.48419462,149.00186444,685992.6379602238,6293240.052199701,2048.478822453156,far-field,D20171215,2017-12-15,0.46923307,0
D10116519388,-33.48418409,149.00181969,685988.5021018434,6293241.300118104,2048.3034574279955,far-field,D20171215,2017-12-15,0.7578032,1
D10116519390,-33.48416015,149.00171803,685979.1065769674,6293244.1371170245,2047.9408501115522,far-field,D20171215,2017-12-15,0.34542212,0
D10116519392,-33.48413625,149.00161656,685969.7286172409,6293246.969330295,2047.626258766276,far-field,D20171215,2017-12-15,0.66111773,0
D10116519395,-33.48409914,149.00145905,685955.1713967051,6293251.366865309,2047.231780663471,far-field,D20171215,2017-12-15,0.37507433,0
D10116519400,-33.48403672,149.00119414,685930.6881543513,6293258.763537886,2046.8235628513764,far-field,D20171215,2017-12-15,0.62314206,0
D10116519404,-33.48399277,149.00100743,685913.4321183912,6293263.9718401125,2046.723084597143,far-field,D20171215,2017-12-15,0.35322532,0
D10116519407,-33.48396395,149.00088483,685902.1011382597,6293267.387438897,2046.7392518160946,far-field,D20171215,2017-12-15,0.1733799,0
D10116519408,-33.48395463,149.00084519,685898.4375183561,6293268.49198176,2046.7592959943734,far-field,D20171215,2017-12-15,0.80893284,1
D10116519413,-33.48390834,149.00064821,685880.2321132694,6293273.978112191,2046.9624816881394,far-field,D20171215,2017-12-15,0.51010704,0
D10116519415,-33.4838904,149.00057185,685873.1747083853,6293276.104323517,2047.0882522259772,far-field,D20171215,2017-12-15,0.2714774,0
D10116519418,-33.48386342,149.00045699,685862.5590093853,6293279.301966259,2047.3268307332903,far-field,D20171215,2017-12-15,0.8220125,1
D10116519420,-33.4838454,149.00038029,685855.4701739139,6293281.437644744,2047.5199374994686,far-field,D20171215,2017-12-15,0.53723246,0
D10116519421,-33.48383629,149.00034154,685851.8887988091,6293282.517287757,2047.6283154813777,far-field,D20171215,2017-12-15,0.42902794,0
D10116519423,-33.48381797,149.00026358,685844.6835146139,6293284.688482857,2047.8661591771981,far-field,D20171215,2017-12-15,0.8508472,1
D10116519425,-33.48379953,149.00018509,685837.4292336366,6293286.873928813,2048.1330280112843,far-field,D20171215,2017-12-15,0.27987516,0
D10116519427,-33.48378145,149.00010815,685830.318214271,6293289.016671741,2048.422232307602,far-field,D20171215,2017-12-15,0.50527644,0
D10116519437,-33.48369237,148.99972895,685795.2713428107,6293299.574078533,2050.2369873815123,far-field,D20171215,2017-12-15,0.22986029,0
D10116519439,-33.48367468,148.99965362,685788.3090828389,6293301.670658495,2050.67440287038,far-field,D20171215,2017-12-15,0.5329964,0
D10116519440,-33.48366592,148.99961634,685784.8635464326,6293302.708831308,2050.9009609471077,far-field,D20171215,2017-12-15,0.5393133,0
D10116519442,-33.48364898,148.99954419,685778.1951823239,6293304.71654025,2051.3557995148326,far-field,D20171215,2017-12-15,0.026753865,0
D10116519443,-33.48364076,148.99950917,685774.958501375,6293305.690780824,2051.584801826393,far-field,D20171215,2017-12-15,0.016498215,0
D10116519444,-33.48363235,148.99947335,685771.6478855251,6293306.687522247,2051.8250097458463,far-field,D20171215,2017-12-15,0.226739,0
D10116519445,-33.48362392,148.99943744,685768.3289485123,6293307.68664149,2052.071515973769,far-field,D20171215,2017-12-15,0.13741082,0
D10116519446,-33.48361548,148.99940147,685765.0044567249,6293308.686975896,2052.323827309066,far-field,D20171215,2017-12-15,0.2468044,0
D10116519448,-33.48359854,148.99932933,685758.3370143768,6293310.694652839,2052.8488733912086,far-field,D20171215,2017-12-15,0.07914685,0
D10116519463,-33.48347215,148.998791,685708.5824642864,6293325.674021479,2057.5043859450907,far-field,D20171215,2017-12-15,0.20585613,0
D10116519466,-33.48344351,148.99866917,685697.3225209732,6293329.068034317,2058.7424656736466,far-field,D20171215,2017-12-15,0.08152497,0
D10116519467,-33.48343394,148.99862846,685693.5599622208,6293330.202135392,2059.170958565008,far-field,D20171215,2017-12-15,0.4603151,0
D10116519468,-33.48342462,148.9985888,685689.8944405578,6293331.306632668,2059.5951760081507,far-field,D20171215,2017-12-15,0.6573276,0
D10116519469,-33.48341537,148.99854945,685686.2575755586,6293332.402811257,2060.0233330053557,far-field,D20171215,2017-12-15,0.4551873,0
D10116519470,-33.48340601,148.99850964,685682.5781989684,6293333.512009837,2060.4637334412164,far-field,D20171215,2017-12-15,0.60701543,0
D10116519471,-33.48339714,148.99847186,685679.0864140833,6293334.5632367935,2060.8868226036775,far-field,D20171215,2017-12-15,0.57282996,0
D10116519473,-33.48338131,148.99840439,685672.8505313915,6293336.439405037,2061.6570634578493,far-field,D20171215,2017-12-15,0.7258472,0
D10116519479,-33.48333338,148.99820014,685653.9728265045,6293342.119969994,2064.1131624564114,far-field,D20171215,2017-12-15,0.64989597,0
D10116519480,-33.48332563,148.99816707,685650.9163242443,6293343.0385591285,2064.5271231044844,far-field,D20171215,2017-12-15,0.50297266,0
D10116519505,-33.48310845,148.99724241,685565.4552343297,6293368.7762880735,2078.106948910324,far-field,D20171215,2017-12-15,0.9362366,1
D10116618914,-33.48884458,149.02109271,687769.381392952,6292689.7682370525,2663.545671306461,far-field,D20171215,2017-12-15,0.4101516,0
D10116618996,-33.48807881,149.01783191,687468.0386228,6292780.584090444,2475.3600754582717,far-field,D20171215,2017-12-15,0.7523038,0
D10116619000,-33.48803979,149.01766584,687452.6913761117,6292785.211222399,2466.4677153356556,far-field,D20171215,2017-12-15,0.17248811,0
D10116619003,-33.48801302,149.01755181,687442.1533143318,6292788.385864666,2460.40208279617,far-field,D20171215,2017-12-15,0.48097503,0
D10116619099,-33.48722557,149.01419447,687131.8809649965,6292881.769508928,2298.2528304834514,far-field,D20171215,2017-12-15,0.3603597,0
D10116619100,-33.48721761,149.01416052,687128.7434037228,6292882.713454206,2296.787859498445,far-field,D20171215,2017-12-15,0.21343638,0
D10116619107,-33.4871447,149.01385045,687100.0880534872,6292891.357900806,2283.5995491525114,far-field,D20171215,2017-12-15,0.738481,0
D10116619108,-33.4871319,149.01379611,687095.0662254166,6292892.875329132,2281.32273716387,far-field,D20171215,2017-12-15,0.32639715,0
D10116619109,-33.48711551,149.01372663,687088.645284029,6292894.818163285,2278.427824788917,far-field,D20171215,2017-12-15,0.14722057,0
D10116619110,-33.48709858,149.01365488,687082.0145695725,6292896.824968701,2275.4555967615192,far-field,D20171215,2017-12-15,0.39216706,0
D10116619125,-33.48688165,149.01273474,686996.9800054876,6292922.53986186,2238.8735816144635,far-field,D20171215,2017-12-15,0.8131688,1
D10116619258,-33.48561104,149.00732762,686497.26481441,6293073.174269492,2087.871193563654,far-field,D20171215,2017-12-15,0.76657254,1
D10116619310,-33.4850662,149.00501143,686283.2040579905,6293137.754147778,2060.0887626172243,far-field,D20171215,2017-12-15,0.77638227,1
D10116619312,-33.48504825,149.00493501,686276.1412711389,6293139.881879148,2059.41234489265,far-field,D20171215,2017-12-15,0.5477854,0
D10116619320,-33.48497654,149.00462973,686247.9270722981,6293148.382053114,2056.7105645189863,far-field,D20171215,2017-12-15,0.8919441,1
D10116619321,-33.4849676,149.00459165,686244.4076773258,6293149.4417915745,2056.3730296111357,far-field,D20171215,2017-12-15,0.28121284,0
D10116619322,-33.48495877,149.00455405,686240.9326495437,6293150.4884689,2056.040026486454,far-field,D20171215,2017-12-15,0.23669739,0
D10116619323,-33.48494991,149.00451633,686237.4465344578,6293151.538687129,2055.7061476019435,far-field,D20171215,2017-12-15,0.20793697,0
D10116619330,-33.48488543,149.0042419,686212.0834971138,6293159.181622323,2053.279005347081,far-field,D20171215,2017-12-15,0.6067925,0
D10116619331,-33.48487522,149.00419849,686208.0715295561,6293160.391747072,2052.8961443227395,far-field,D20171215,2017-12-15,0.41438764,0
D10116619333,-33.4848552,149.00411333,686200.2009890919,6293162.7646551905,2052.1440658723627,far-field,D20171215,2017-12-15,0.89268726,1
D10116619334,-33.48484525,149.00407101,686196.2897493211,6293163.943986614,2051.7704363395032,far-field,D20171215,2017-12-15,0.5212545,0
D10116619335,-33.48483548,149.00402948,686192.4515332707,6293165.101938024,2051.40437432508,far-field,D20171215,2017-12-15,0.6750892,0
D10116619339,-33.48479529,149.00385856,686176.6550015982,6293169.865432059,2049.895808527012,far-field,D20171215,2017-12-15,0.42122474,0
D10116619342,-33.48476579,149.00373309,686165.0589716728,6293173.361906055,2048.788069604685,far-field,D20171215,2017-12-15,0.7575803,1
D10116619343,-33.48475673,149.00369451,686161.4933550303,6293174.435817722,2048.4463383043562,far-field,D20171215,2017-12-15,0.66631985,0
D10116619344,-33.48474768,149.00365599,686157.9332917072,6293175.508511467,2048.105560708347,far-field,D20171215,2017-12-15,0.44909334,0
D10116619346,-33.48472939,149.00357815,686150.739230319,6293177.6763998605,2047.4171354008838,far-field,D20171215,2017-12-15,0.13793103,0
D10116619350,-33.48469315,149.00342387,686136.4804648416,6293181.971944923,2046.0515040754801,far-field,D20171215,2017-12-15,0.6217301,0
D10116619352,-33.48467502,149.00334672,686129.350169947,6293184.120836221,2045.3693834219182,far-field,D20171215,2017-12-15,0.3307075,0
D10116619353,-33.48466596,149.00330815,686125.785475344,6293185.194716396,2045.0279687319942,far-field,D20171215,2017-12-15,0.60753566,0
D10116619354,-33.4846569,149.00326957,686122.2198507764,6293186.26861315,2044.6862206355272,far-field,D20171215,2017-12-15,0.5275713,0
D10116619362,-33.48457817,149.00293473,686091.2735867846,6293195.599810289,2041.7301662044742,far-field,D20171215,2017-12-15,0.1391201,0
D10116619369,-33.48450669,149.00263083,686063.1868362207,6293204.071448905,2039.1789287187164,far-field,D20171215,2017-12-15,0.32446492,0
D10116619370,-33.4844968,149.00258879,686059.3014565504,6293205.2435675915,2038.8578401715115,far-field,D20171215,2017-12-15,0.32268134,0
D10116619373,-33.48446698,149.00246195,686047.5787277506,6293208.777838932,2037.9357119991246,far-field,D20171215,2017-12-15,0.26144472,0
D10116619374,-33.48445713,149.00242008,686043.7090562143,6293209.945210623,2037.6480403047267,far-field,D20171215,2017-12-15,0.21603745,0
D10116619385,-33.48434116,149.00192717,685998.1537326437,6293223.689171741,2034.8632088279473,far-field,D20171215,2017-12-15,0.6898038,0
D10116619387,-33.48431981,149.00183644,685989.7683534601,6293226.219375955,2034.4718034787927,far-field,D20171215,2017-12-15,0.34252378,0
D10116619389,-33.48429643,149.00173715,685980.5918774921,6293228.9900287,2034.0882551571287,far-field,D20171215,2017-12-15,0.60277945,0
D10116619390,-33.48428442,149.00168618,685975.8811970035,6293230.413212391,2033.909723906591,far-field,D20171215,2017-12-15,0.8289239,1
D10116619391,-33.4842724,149.00163515,685971.1649611648,6293231.83761018,2033.742454795823,far-field,D20171215,2017-12-15,0.91810346,1
D10116619392,-33.48426036,149.00158405,685966.4422621116,6293233.264348927,2033.5872714550878,far-field,D20171215,2017-12-15,0.65896255,0
D10116619410,-33.48405887,149.00072818,685887.3415908961,6293257.1418101415,2032.7485795434286,far-field,D20171215,2017-12-15,0.07795779,0
D10116619415,-33.48401245,149.00053063,685869.0835134631,6293262.64335753,2033.0225105380846,far-field,D20171215,2017-12-15,0.75423604,0
D10116619416,-33.48400326,149.00049151,685865.4679354968,6293263.732540198,2033.0977092064152,far-field,D20171215,2017-12-15,0.61511594,0
D10116619418,-33.48398502,149.00041388,685858.2931623063,6293265.894283698,2033.2680416618807,far-field,D20171215,2017-12-15,0.28433412,0
D10116619421,-33.48395831,149.00030019,685847.7856160306,6293269.059873689,2033.567000279118,far-field,D20171215,2017-12-15,0.7380351,0
D10116619424,-33.4839315,149.00018605,685837.2364609921,6293272.237347163,2033.9260314502887,far-field,D20171215,2017-12-15,0.9090369,1
D10116619426,-33.48391332,149.00010869,685830.0866378582,6293274.391931966,2034.2042394005127,far-field,D20171215,2017-12-15,0.5691885,0
D10116619427,-33.48390422,149.00006995,685826.5061710794,6293275.470438701,2034.3534001983376,far-field,D20171215,2017-12-15,0.2162604,0
D10116619429,-33.48388623,148.9999934,685819.431206837,6293277.602495085,2034.6692245654965,far-field,D20171215,2017-12-15,0.2002824,0
D10116619433,-33.48384964,148.99983769,685805.0400389269,6293281.938910305,2035.393887715331,far-field,D20171215,2017-12-15,0.23149525,0
D10116619439,-33.48379415,148.99960154,685783.2143463027,6293288.515210435,2036.7037927289653,far-field,D20171215,2017-12-15,0.0524673,0
D10116619441,-33.48377729,148.99952975,685776.5792740934,6293290.513402713,2037.1514024362332,far-field,D20171215,2017-12-15,0.31264862,0
D10116619443,-33.48376076,148.9994593,685770.0680140734,6293292.472596507,2037.6118045905312,far-field,D20171215,2017-12-15,0.034557074,0
D10116619444,-33.48375248,148.99942403,685766.8082335743,6293293.453935679,2037.8512639911487,far-field,D20171215,2017-12-15,0.08932818,0
D10116619445,-33.48374418,148.99938869,685763.5419904394,6293294.437616911,2038.097260125545,far-field,D20171215,2017-12-15,0.06926278,0
D10116619446,-33.48373606,148.99935406,685760.3413390432,6293295.400065152,2038.3423811572786,far-field,D20171215,2017-12-15,0.20325506,0
D10116619447,-33.48372758,148.99931798,685757.006714611,6293296.405029653,2038.605737597352,far-field,D20171215,2017-12-15,0.29852855,0
D10116619450,-33.48370396,148.99921727,685747.6986765049,6293299.204611005,2039.366663128453,far-field,D20171215,2017-12-15,0.4356421,0
D10116619451,-33.48369631,148.99918463,685744.6819394227,6293300.111371828,2039.6225862128563,far-field,D20171215,2017-12-15,0.42390013,0
D10116619463,-33.48359187,148.99873997,685703.584866738,6293312.488933557,2043.6138400984105,far-field,D20171215,2017-12-15,0.488481,0
D10116619465,-33.48357334,148.99866112,685696.297278235,6293314.684895687,2044.4159191682738,far-field,D20171215,2017-12-15,0.84861773,1
D10116619468,-33.48354495,148.99854035,685685.1353116666,6293318.04927448,2045.6996491843252,far-field,D20171215,2017-12-15,0.7052616,0
D10116619471,-33.48351852,148.99842784,685674.7367164982,6293321.181509154,2046.9525786145534,far-field,D20171215,2017-12-15,0.1504905,0
D10116619472,-33.4835103,148.9983928,685671.4981631491,6293322.15575008,2047.3531527046475,far-field,D20171215,2017-12-15,0.735657,0
D10116619473,-33.48350227,148.99835861,685668.3381900949,6293323.107399296,2047.750347431651,far-field,D20171215,2017-12-15,0.78567183,1
D10116619474,-33.48349427,148.99832451,685665.1865157133,6293324.055559602,2048.150743390118,far-field,D20171215,2017-12-15,0.8549346,1
D10116619475,-33.48348621,148.99829017,685662.012666775,6293325.010801863,2048.559626070322,far-field,D20171215,2017-12-15,0.7213139,0
D10116619476,-33.48347857,148.99825756,685658.9986815009,6293325.916372547,2048.9512661101103,far-field,D20171215,2017-12-15,0.68995243,0
D10116619477,-33.48347065,148.99822383,685655.8812170518,6293326.854996278,2049.3632936442464,far-field,D20171215,2017-12-15,0.6319857,0
D10116619479,-33.48345517,148.99815781,685649.7793305456,6293328.689742704,2050.1820765355096,far-field,D20171215,2017-12-15,0.3785672,0
D10116619480,-33.48344756,148.99812538,685646.7820057132,6293329.591660654,2050.592063265671,far-field,D20171215,2017-12-15,0.41921818,0
D10116619481,-33.48343992,148.99809278,685643.7689470978,6293330.497208563,2051.00784349999,far-field,D20171215,2017-12-15,0.22064507,0
D10116619482,-33.48343225,148.99806007,685640.7457302174,6293331.406279104,2051.430254300762,far-field,D20171215,2017-12-15,0.59148335,0
D10116619512,-33.48316941,148.99694113,685537.3285493893,6293362.554697869,2068.7819929699695,far-field,D20171215,2017-12-15,0.7000595,0
D10116718996,-33.48821002,149.01782933,687467.5160220057,6292766.038097838,2465.7524734230383,far-field,D20171215,2017-12-15,0.5273484,0
D10116718997,-33.48820051,149.01778884,687463.7741652989,6292767.165857728,2463.5631735900715,far-field,D20171215,2017-12-15,0.019916765,0
D10116718998,-33.48819101,149.0177484,687460.0369322749,6292768.292416852,2461.3809510301608,far-field,D20171215,2017-12-15,0.42003566,0
D10116719000,-33.48817193,149.01766715,687452.5282556501,6292770.555070618,2457.0089228823504,far-field,D20171215,2017-12-15,0.5147889,0
D10116719008,-33.4881005,149.01736289,687424.4101548925,6292779.025889186,2440.789611779986,far-field,D20171215,2017-12-15,0.16631986,0
D10116719098,-33.48736513,149.01422744,687134.6442700878,6292866.233441655,2288.8850445189464,far-field,D20171215,2017-12-15,0.50616825,0
D10116719099,-33.48735752,149.01419497,687131.6434848746,6292867.135905966,2287.468123336129,far-field,D20171215,2017-12-15,0.27719977,0
D10116719100,-33.48734987,149.01416233,687128.626988571,6292868.043111673,2286.0472394414746,far-field,D20171215,2017-12-15,0.15115933,0
D10116719102,-33.48733421,149.01409551,687122.4516699063,6292869.900219309,2283.1491491446936,far-field,D20171215,2017-12-15,0.81911415,1
D10116719108,-33.48725525,149.01376038,687091.4807549769,6292879.260744572,2268.8693620724007,far-field,D20171215,2017-12-15,0.12908739,0
D10116719110,-33.48722015,149.01361167,687077.7378922162,6292883.421257915,2262.657380275977,far-field,D20171215,2017-12-15,0.40524673,0
D10116719314,-33.48515505,149.00482873,686266.0365953371,6293128.228977658,2044.8203365112329,far-field,D20171215,2017-12-15,0.17835909,0
D10116719319,-33.48511017,149.00463767,686248.3787147754,6293133.548837554,2043.129442302268,far-field,D20171215,2017-12-15,0.38599882,0
D10116719321,-33.48509254,149.00456261,686241.441616008,6293135.638616284,2042.4649804883995,far-field,D20171215,2017-12-15,0.46967897,0
D10116719327,-33.48504005,149.00433909,686220.7837003391,6293141.860585144,2040.4852093306847,far-field,D20171215,2017-12-15,0.4789685,0
D10116719330,-33.48501136,149.00421699,686209.499136399,6293145.261243036,2039.4054609409004,far-field,D20171215,2017-12-15,0.49962842,0
D10116719334,-33.48497218,149.00405036,686194.0991255642,6293149.905066441,2037.9346714802093,far-field,D20171215,2017-12-15,0.8821344,1
D10116719335,-33.48496208,149.00400742,686190.1305988886,6293151.102142159,2037.5560060546031,far-field,D20171215,2017-12-15,0.6870541,0
D10116719338,-33.48493152,149.00387748,686178.1214953653,6293154.724201119,2036.4097654486486,far-field,D20171215,2017-12-15,0.4411415,0
D10116719343,-33.48488277,149.0036701,686158.955292352,6293160.502332917,2034.5780086861619,far-field,D20171215,2017-12-15,0.9589774,1
D10116719346,-33.48485546,149.00355388,686148.2141280154,6293163.739334984,2033.5503477121729,far-field,D20171215,2017-12-15,0.2627081,0
D10116719380,-33.48452184,149.00213492,686017.0723475309,6293203.280271396,2022.0795196514575,far-field,D20171215,2017-12-15,0.21930738,0
D10116719384,-33.48447773,149.00194753,685999.7536036205,6293208.507696776,2021.0943891957118,far-field,D20171215,2017-12-15,0.47659037,0
D10116719386,-33.48445515,149.00185159,685990.8867328772,6293211.183640545,2020.6521462185335,far-field,D20171215,2017-12-15,0.34705707,0
D10116719387,-33.48444405,149.00180445,685986.5300167341,6293212.499051865,2020.4509307619612,far-field,D20171215,2017-12-15,0.37626338,0
D10116719390,-33.48440801,149.00165143,685972.3877979969,6293216.769911873,2019.8691864795112,far-field,D20171215,2017-12-15,0.7953329,1
D10116719392,-33.48438394,149.00154928,685962.9470388547,6293219.622190377,2019.542059914889,far-field,D20171215,2017-12-15,0.98104936,1
D10116719404,-33.4842416,149.00094495,685907.0942950161,6293236.489649552,2018.5849695643792,far-field,D20171215,2017-12-15,0.9872176,1
D10116719405,-33.48423152,149.00090206,685903.1303072744,6293237.684296495,2018.578748825011,far-field,D20171215,2017-12-15,0.7905767,1
D10116719410,-33.48418167,149.0006901,685883.5405619914,6293243.592054278,2018.6764185865864,far-field,D20171215,2017-12-15,0.091483355,0
D10116719414,-33.48414442,149.00053158,685868.8897609942,6293248.006791828,2018.8815756412905,far-field,D20171215,2017-12-15,0.43400714,0
D10116719415,-33.4841351,149.00049196,685865.2280041209,6293249.111286453,2018.9520168862641,far-field,D20171215,2017-12-15,0.75832343,1
D10116719420,-33.48408993,149.00029968,685847.456974394,6293254.464736711,2019.3901490079832,far-field,D20171215,2017-12-15,0.2737812,0
D10116719421,-33.48408105,149.00026188,685843.96339584,6293255.517170253,2019.4963388760173,far-field,D20171215,2017-12-15,0.44849882,0
D10116719423,-33.4840633,149.0001863,685836.9780737862,6293257.620888673,2019.727835553581,far-field,D20171215,2017-12-15,0.6160821,0
D10116719426,-33.48403585,149.00006952,685826.184974844,6293260.874050355,2020.139869813142,far-field,D20171215,2017-12-15,0.39625445,0
D10116719427,-33.48402657,149.00003003,685822.5352038711,6293261.973859768,2020.2931504698936,far-field,D20171215,2017-12-15,0.20310642,0
D10116719429,-33.48400825,148.99995206,685815.3290009288,6293264.145051302,2020.6165819284518,far-field,D20171215,2017-12-15,0.19091855,0
D10116719430,-33.48399904,148.99991287,685811.7069555972,6293265.236556759,2020.7899094705954,far-field,D20171215,2017-12-15,0.53812426,0
D10116719431,-33.48398987,148.99987381,685808.0969042911,6293266.3233922785,2020.9686699489755,far-field,D20171215,2017-12-15,0.7256986,0
D10116719432,-33.48398035,148.99983335,685804.3575052457,6293267.451545987,2021.1635412965402,far-field,D20171215,2017-12-15,0.027274078,0
D10116719433,-33.48397077,148.99979257,685800.5884976508,6293268.5869247615,2021.3659151677475,far-field,D20171215,2017-12-15,0.32966706,0
D10116719434,-33.48396133,148.99975242,685796.8777328071,6293269.705648929,2021.5734951206302,far-field,D20171215,2017-12-15,0.4968044,0
D10116719436,-33.48394234,148.99967163,685789.4109025934,6293271.956168454,2022.0130686149016,far-field,D20171215,2017-12-15,0.8722503,1
D10116719440,-33.48390571,148.99951574,685775.003091634,6293276.297296705,2022.9445825664336,far-field,D20171215,2017-12-15,0.48379904,0
D10116719443,-33.4838801,148.9994067,685764.9252635271,6293279.332487021,2023.6611329998584,far-field,D20171215,2017-12-15,0.22153686,0
D10116719444,-33.48387162,148.99937058,685761.5869281614,6293280.337524982,2023.9101305508816,far-field,D20171215,2017-12-15,0.21655767,0
D10116719445,-33.4838632,148.99933472,685758.2726244943,6293281.335442717,2024.1633574333412,far-field,D20171215,2017-12-15,0.050014865,0
D10116719446,-33.48385507,148.99930005,685755.0682814925,6293282.299069937,2024.4126251300413,far-field,D20171215,2017-12-15,0.273261,0
D10116719448,-33.48383933,148.99923297,685748.8684935516,6293284.164611024,2024.911604155077,far-field,D20171215,2017-12-15,0.5023781,0
D10116719450,-33.48382367,148.9991662,685742.6973393233,6293286.020721633,2025.4279126721126,far-field,D20171215,2017-12-15,0.17657551,0
D10116719451,-33.48381585,148.99913287,685739.6168509215,6293286.947568041,2025.6935775135532,far-field,D20171215,2017-12-15,0.94456005,1
D10116719453,-33.48380046,148.99906725,685733.5519805994,6293288.771672964,2026.2307854267813,far-field,D20171215,2017-12-15,0.2655321,0
D10116719467,-33.48367641,148.99853916,685684.7440731885,6293303.473103468,2031.2892144815519,far-field,D20171215,2017-12-15,0.53634065,0
D10116719468,-33.48366732,148.9985005,685681.1709952073,6293304.550302977,2031.7102089359753,far-field,D20171215,2017-12-15,0.73290724,0
D10116719471,-33.48364198,148.99839257,685671.1956841092,6293307.553465242,2032.9172422474837,far-field,D20171215,2017-12-15,0.10909631,0
D10116719472,-33.48363375,148.99835751,685667.9552980104,6293308.528849916,2033.3205045847853,far-field,D20171215,2017-12-15,0.042285968,0
D10116719473,-33.48362555,148.99832255,685664.7241397888,6293309.500727734,2033.727427045082,far-field,D20171215,2017-12-15,0.5715666,0
D10116719477,-33.48359299,148.99818383,685651.9030649115,6293313.359609723,2035.3988902931953,far-field,D20171215,2017-12-15,0.21202438,0
D10116719478,-33.48358575,148.99815293,685649.0471308727,6293314.21776071,2035.78161146279,far-field,D20171215,2017-12-15,0.07981569,0
D10116719479,-33.48357805,148.9981201,685646.0128326153,6293315.130374663,2036.1937981373126,far-field,D20171215,2017-12-15,0.33122772,0
D10116719480,-33.48357044,148.99808765,685643.0136533157,6293316.0323274005,2036.6058792504805,far-field,D20171215,2017-12-15,0.46648335,0
D10116719482,-33.48355497,148.9980217,685636.9182553118,6293317.865831763,2037.4583629011727,far-field,D20171215,2017-12-15,0.38674197,0
D10116818996,-33.48834335,149.01783563,687467.8139849365,6292751.240964892,2456.674970093596,far-field,D20171215,2017-12-15,0.5915577,0
D10116818997,-33.4883335,149.01779374,687463.9427783452,6292752.408958688,2454.3949699386812,far-field,D20171215,2017-12-15,0.3804994,0
D10116818999,-33.48831393,149.01771043,687456.2437550373,6292754.729676072,2449.8726800732225,far-field,D20171215,2017-12-15,0.29184008,0
D10116819000,-33.4883042,149.01766904,687452.418747516,6292755.8834544625,2447.633153390629,far-field,D20171215,2017-12-15,0.15494947,0
D10116819002,-33.48828522,149.01758823,687444.9507488811,6292758.134218384,2443.2723857755436,far-field,D20171215,2017-12-15,0.69195896,0
D10116819004,-33.4882668,149.01750979,687437.7017618619,6292760.318594202,2439.0556624904266,far-field,D20171215,2017-12-15,0.41096908,0
D10116819011,-33.48820563,149.01724914,687413.6138398445,6292767.5728256535,2425.1580931094954,far-field,D20171215,2017-12-15,0.8152497,1
D10116819099,-33.48748639,149.0141825,687130.2074413013,6292852.867248036,2276.1598033377086,far-field,D20171215,2017-12-15,0.35463732,0
D10116819100,-33.4874785,149.01414882,687127.0948276715,6292853.802943684,2274.682204415719,far-field,D20171215,2017-12-15,0.1779132,0
D10116819319,-33.48523766,149.00461938,686246.4061181098,6293119.443589145,2029.313959955599,far-field,D20171215,2017-12-15,0.37076396,0
D10116819392,-33.48450809,149.00151688,685959.6708357184,6293205.912574105,2005.5033180062098,far-field,D20171215,2017-12-15,0.662827,0
D10116819393,-33.48449604,149.00146574,685954.94445273,6293207.340488381,2005.3545219201073,far-field,D20171215,2017-12-15,0.11095422,0
D10116819397,-33.48444872,149.00126482,685936.3752713122,6293212.948012915,2004.8851572333328,far-field,D20171215,2017-12-15,0.59126043,0
D10116819414,-33.48426705,149.00049284,685865.0277940922,6293234.477063924,2004.8115006673695,far-field,D20171215,2017-12-15,0.2672414,0
D10116819415,-33.48425774,149.00045323,685861.3669500055,6293235.580430449,2004.881196716027,far-field,D20171215,2017-12-15,0.3516647,0
D10116819420,-33.48421317,149.0002635,685843.8316196486,6293240.862771617,2005.313445380106,far-field,D20171215,2017-12-15,0.390978,0
D10116819422,-33.48419542,149.00018792,685836.8463084416,6293242.966490451,2005.5316695490533,far-field,D20171215,2017-12-15,0.23231272,0
D10116819423,-33.48418655,149.00015014,685833.3545703602,6293244.017775537,2005.650403213245,far-field,D20171215,2017-12-15,0.41171226,0
D10116819425,-33.48416762,149.00006963,685825.9136579093,6293246.261169592,2005.9285168048664,far-field,D20171215,2017-12-15,0.8840666,1
D10116819426,-33.48415812,149.00002921,685822.177942726,6293247.38704115,2006.0790695180374,far-field,D20171215,2017-12-15,0.3325654,0
D10116819429,-33.48412979,148.99990871,685811.0410519632,6293250.744434129,2006.5737743937912,far-field,D20171215,2017-12-15,0.14974733,0
D10116819430,-33.48412042,148.99986881,685807.3533767227,6293251.854952479,2006.7512600766786,far-field,D20171215,2017-12-15,0.42508918,0
D10116819432,-33.48410105,148.99978645,685799.741482644,6293254.15043158,2007.1440518135114,far-field,D20171215,2017-12-15,0.10716409,0
D10116819434,-33.4840818,148.99970457,685792.1739327882,6293256.431737853,2007.5649130093873,far-field,D20171215,2017-12-15,0.07178953,0
D10116819436,-33.48406234,148.99962177,685784.5213375437,6293258.737972811,2008.0213624106018,far-field,D20171215,2017-12-15,0.6796225,0
D10116819446,-33.48397369,148.99924439,685749.6427439738,6293269.244274274,2010.498076372085,far-field,D20171215,2017-12-15,0.07238407,0
D10116819448,-33.48395769,148.99917619,685743.3394432737,6293271.140649321,2011.0134591841352,far-field,D20171215,2017-12-15,0.70652497,0
D10116819453,-33.48391773,148.99900592,685727.6024690011,6293275.876721051,2012.395084209263,far-field,D20171215,2017-12-15,0.01122176,0
D10116819455,-33.4839009,148.99893421,685720.9747665382,6293277.871404998,2013.0168936720072,far-field,D20171215,2017-12-15,0.52549046,0
D10116819456,-33.48389241,148.99889806,685717.6336616874,6293278.877590211,2013.3399316066873,far-field,D20171215,2017-12-15,0.5359691,0
D10116819471,-33.48376516,148.9983561,685667.543747936,6293293.958617473,2018.8961263274762,far-field,D20171215,2017-12-15,0.57134366,0
D10116819472,-33.48375679,148.99832045,685664.2488393262,6293294.950581847,2019.3085160838866,far-field,D20171215,2017-12-15,0.6163793,0
D10116819474,-33.48373997,148.99824879,685657.6257380262,6293296.94402269,2020.1544373200538,far-field,D20171215,2017-12-15,0.16661713,0
D10116819476,-33.48372377,148.99817978,685651.247562171,6293298.863963844,2020.9913314948326,far-field,D20171215,2017-12-15,0.56309456,0
D10116819477,-33.48371616,148.99814734,685648.2493176846,6293299.765900588,2021.3916229524336,far-field,D20171215,2017-12-15,0.097205706,0
D10116819478,-33.48370849,148.99811462,685645.2251817444,6293300.674990898,2021.799575624277,far-field,D20171215,2017-12-15,0.5141944,0
D10116819479,-33.483701,148.99808267,685642.2722133826,6293301.562741883,2022.2026607066448,far-field,D20171215,2017-12-15,0.36110285,0
D10116819520,-33.48334983,148.99658729,685504.0629530291,6293343.179415099,2046.2508284977941,far-field,D20171215,2017-12-15,0.8475773,1
D10116819524,-33.48331393,148.99643449,685489.9405146696,6293347.433630983,2049.2665313505067,far-field,D20171215,2017-12-15,0.59817183,0
D10116919002,-33.48841679,149.01758711,687444.5630691762,6292743.545666123,2433.755210516064,far-field,D20171215,2017-12-15,0.539462,0
D10116919004,-33.48839747,149.01750489,687436.9647938884,6292745.836675553,2429.3067379632344,far-field,D20171215,2017-12-15,0.5318817,0
D10116919006,-33.48837843,149.01742383,687429.473699586,6292748.09453299,2424.9379229882197,far-field,D20171215,2017-12-15,0.88428956,1
D10116919008,-33.4883598,149.01734451,687422.1434001047,6292750.30377477,2420.6796345959806,far-field,D20171215,2017-12-15,0.28344232,0
D10116919014,-33.48830662,149.01711795,687401.2059375823,6292756.610352403,2408.606941316348,far-field,D20171215,2017-12-15,0.40413198,0
D10116919041,-33.48806309,149.01608069,687305.3477243297,6292785.489371878,2355.141081555017,far-field,D20171215,2017-12-15,0.3033591,0
D10116919098,-33.48762282,149.01420225,687131.7490538454,6292837.702121524,2266.312634624034,far-field,D20171215,2017-12-15,0.62247324,0
D10116919099,-33.4876142,149.01416553,687128.3555356688,6292838.724253232,2264.6871553573324,far-field,D20171215,2017-12-15,0.57951844,0
D10116919103,-33.48757623,149.01400393,687113.4211648408,6292843.226333489,2257.5886450765033,far-field,D20171215,2017-12-15,0.50289834,0
D10116919106,-33.48753692,149.01383707,687098.0008983504,6292847.88647303,2250.357568398972,far-field,D20171215,2017-12-15,0.58368015,0
D10116919108,-33.48750223,149.01369006,687084.4151678126,6292851.99846616,2244.067866193854,far-field,D20171215,2017-12-15,0.5405767,0
D10116919109,-33.48748373,149.01361171,687077.1745793481,6292854.191273518,2240.7462070348397,far-field,D20171215,2017-12-15,0.98796076,1
D10116919396,-33.48458483,149.00128325,685937.7968753373,6293197.821021562,1990.937728162117,far-field,D20171215,2017-12-15,0.77132875,1
D10116919414,-33.48439061,149.00045795,685861.5216079438,6293220.837307746,1990.732343482764,far-field,D20171215,2017-12-15,0.48335314,0
D10116919416,-33.48437228,149.00037995,685854.3126770208,6293223.009692926,1990.8750246545678,far-field,D20171215,2017-12-15,0.09965815,0
D10116919422,-33.48431867,149.00015176,685833.2228089902,6293229.363377234,1991.4542267670668,far-field,D20171215,2017-12-15,0.3799792,0
D10116919423,-33.48430893,149.00011033,685829.3937602779,6293230.517675164,1991.5862039479366,far-field,D20171215,2017-12-15,0.39216706,0
D10116919424,-33.48429918,149.00006888,685825.5628736084,6293231.673116295,1991.7268415722842,far-field,D20171215,2017-12-15,0.44218192,0
D10116919426,-33.48427976,148.99998629,685817.9297334487,6293233.9745672485,1992.030228487226,far-field,D20171215,2017-12-15,0.2815101,0
D10116919430,-33.48424118,148.99982219,685802.7632462576,6293238.546684397,1992.7268759425408,far-field,D20171215,2017-12-15,0.28069264,0
D10116919432,-33.48422195,148.9997404,685795.2040299819,6293240.825614647,1993.1211291429092,far-field,D20171215,2017-12-15,0.50921524,0
D10116919433,-33.48421224,148.99969909,685791.386059883,6293241.976355409,1993.3318315940085,far-field,D20171215,2017-12-15,0.42620394,0
D10116919434,-33.48420253,148.99965779,685787.5690182038,6293243.127076721,1993.5506870302765,far-field,D20171215,2017-12-15,0.047636744,0
D10116919446,-33.48409338,148.99919326,685744.6358834276,6293256.062711198,1996.551848077926,far-field,D20171215,2017-12-15,0.0885107,0
D10116919447,-33.48408495,148.99915733,685741.3151035474,6293257.061857654,1996.8243819466545,far-field,D20171215,2017-12-15,0.058412604,0
D10116919453,-33.48403524,148.99894556,685721.7425965788,6293262.953415387,1998.5547659771182,far-field,D20171215,2017-12-15,0.25393876,0
D10116919454,-33.48402711,148.99891092,685718.5410446934,6293263.916976931,1998.8574194747207,far-field,D20171215,2017-12-15,0.5173157,0
D10116919455,-33.48401894,148.99887611,685715.3237804396,6293264.885277376,1999.1671547171127,far-field,D20171215,2017-12-15,0.37433115,0
D10116919456,-33.48401073,148.99884112,685712.0898745572,6293265.8583345935,1999.48388632111,far-field,D20171215,2017-12-15,0.11942628,0
D10116919457,-33.48400247,148.99880595,685708.8393483872,6293266.837257527,1999.8087905413768,far-field,D20171215,2017-12-15,0.08665279,0
D10116919462,-33.483961,148.9986293,685692.5127317086,6293271.752138771,2001.5250192780743,far-field,D20171215,2017-12-15,0.86793995,1
D10116919474,-33.48386337,148.99821327,685654.0616330858,6293283.323074376,2006.1296191109043,far-field,D20171215,2017-12-15,0.07981569,0
D10116919477,-33.48384025,148.9981147,685644.9513764228,6293286.063280476,2007.3354590010374,far-field,D20171215,2017-12-15,0.44768134,0
D10117019007,-33.48849736,149.01736905,687424.1271802762,6292735.004615367,2412.51210805453,far-field,D20171215,2017-12-15,0.14439656,0
D10117019008,-33.48848801,149.01732925,687420.4491021107,6292736.113369344,2410.364627755202,far-field,D20171215,2017-12-15,0.24420333,0
D10117019009,-33.48847861,149.01728921,687416.7488300569,6292737.228100093,2408.2079881710806,far-field,D20171215,2017-12-15,0.19485731,0
D10117019010,-33.488469,149.01724834,687412.9718859021,6292738.367616395,2406.012141276928,far-field,D20171215,2017-12-15,0.6985731,0
D10117019022,-33.48836489,149.01680472,687371.9748762046,6292750.714019461,2382.4527604218297,far-field,D20171215,2017-12-15,0.17367718,0
D10117019098,-33.48774701,149.01417007,687128.491607083,6292823.987994697,2254.2089910805944,far-field,D20171215,2017-12-15,0.109690845,0
D10117019099,-33.48773862,149.01413429,687125.1849444801,6292824.982924567,2252.614521954298,far-field,D20171215,2017-12-15,0.55766946,0
D10117019103,-33.48769983,149.01396923,687109.9308515172,6292829.582173513,2245.3199633056424,far-field,D20171215,2017-12-15,0.38659334,0
D10117019105,-33.48767629,149.01386923,687100.6893857343,6292832.372947183,2240.9473893652553,far-field,D20171215,2017-12-15,0.6082788,0
D10117019413,-33.48452417,149.00046564,685861.9507739492,6293206.012348449,1976.5887734154874,far-field,D20171215,2017-12-15,0.5715666,0
D10117019414,-33.48451493,149.00042633,685858.3176683269,6293207.107414428,1976.6488456308073,far-field,D20171215,2017-12-15,0.2504459,0
D10117019416,-33.48449646,149.00034771,685851.0514334686,6293209.296433216,1976.7897576665341,far-field,D20171215,2017-12-15,0.06599286,0
D10117019417,-33.48448725,149.00030852,685847.4294124092,6293210.387953248,1976.8712154689185,far-field,D20171215,2017-12-15,0.9693817,1
D10117019420,-33.48445978,149.00019162,685836.6252621749,6293213.643562076,1977.1568892153343,far-field,D20171215,2017-12-15,0.36110285,0
D10117019421,-33.48445068,149.0001529,685833.0466775405,6293214.722036543,1977.2658357402356,far-field,D20171215,2017-12-15,0.28024673,0
D10117019422,-33.48444124,149.00011272,685829.3331491542,6293215.840828065,1977.3860143856757,far-field,D20171215,2017-12-15,0.66810346,0
D10117019430,-33.4843632,148.99978082,685798.6582883644,6293225.08928824,1978.675920995984,far-field,D20171215,2017-12-15,0.044589773,0
D10117019431,-33.48435326,148.99973855,685794.7516088821,6293226.267255085,1978.8774799897783,far-field,D20171215,2017-12-15,0.011890606,0
D10117019433,-33.48433337,148.99965398,685786.935480959,6293228.624346554,1979.306243777312,far-field,D20171215,2017-12-15,0.71886146,0
D10117019434,-33.48432342,148.9996117,685783.0278909993,6293229.803435374,1979.5338554762072,far-field,D20171215,2017-12-15,0.14513971,0
D10117019435,-33.48431393,148.9995713,685779.2940155251,6293230.928145664,1979.7572784240774,far-field,D20171215,2017-12-15,0.11355529,0
D10117019438,-33.48428622,148.99945338,685768.3955532804,6293234.212116586,1980.4543056161524,far-field,D20171215,2017-12-15,0.90621287,1
D10117019441,-33.4842587,148.99933628,685757.5728765901,6293237.473537186,1981.2112371383303,far-field,D20171215,2017-12-15,0.18787158,0
D10117019442,-33.48424962,148.99929765,685754.0025964291,6293238.549602548,1981.47517665298,far-field,D20171215,2017-12-15,0.25475624,0
D10117019447,-33.4842066,148.99911446,685737.0716305634,6293243.648154665,1982.8175702157039,far-field,D20171215,2017-12-15,0.47919145,0
D10117019448,-33.48419779,148.99907696,685733.6057744059,6293244.692248389,1983.112078196383,far-field,D20171215,2017-12-15,0.3516647,0
D10117019449,-33.48418927,148.99904064,685730.2489492507,6293245.70206965,1983.4021813616914,far-field,D20171215,2017-12-15,0.488481,0
D10117019453,-33.48415605,148.99889914,685717.1710608162,6293249.6392091215,1984.5939507169164,far-field,D20171215,2017-12-15,0.13525565,0
D10117019454,-33.48414773,148.99886371,685713.8965083745,6293250.625252984,1984.9071800601757,far-field,D20171215,2017-12-15,0.22963734,0
D10117019455,-33.4841396,148.99882906,685710.6940308148,6293251.588829977,1985.2184167001087,far-field,D20171215,2017-12-15,0.4936088,0
D10117019456,-33.48413131,148.99879374,685707.4296348236,6293252.571347907,1985.541722704958,far-field,D20171215,2017-12-15,0.004681926,0
D10117019458,-33.48411495,148.99872404,685700.9877204527,6293254.51030159,1986.1968073913295,far-field,D20171215,2017-12-15,0.32870096,0
D10117019461,-33.48409044,148.99861959,685691.3340729063,6293257.415218058,1987.2200047239633,far-field,D20171215,2017-12-15,0.6488555,0
D10117019462,-33.48408218,148.99858442,685688.0835479911,6293258.394134045,1987.576693429573,far-field,D20171215,2017-12-15,0.2983799,0
D10117019463,-33.48407389,148.99854907,685684.8163600861,6293259.376697784,1987.9396407215397,far-field,D20171215,2017-12-15,0.46596313,0
D10117019541,-33.48339854,148.9956736,685419.0541114031,6293339.41029251,2036.5858564563953,far-field,D20171215,2017-12-15,0.57632285,0
D10117019543,-33.48337935,148.99559202,685411.5141717752,6293341.684103485,2038.503587135774,far-field,D20171215,2017-12-15,0.0661415,0
D10117019547,-33.4833414,148.99543059,685396.5941271832,6293346.180932233,2042.379998472393,far-field,D20171215,2017-12-15,0.75468194,0
D10117019548,-33.48333218,148.99539136,685392.9683172591,6293347.273457366,2043.338590847072,far-field,D20171215,2017-12-15,0.55090666,0
D10117019549,-33.48332298,148.9953522,685389.3489687353,6293348.363638166,2044.301625446377,far-field,D20171215,2017-12-15,0.7973395,1
D10117019553,-33.48328616,148.99519557,685374.8725391141,6293352.726547465,2048.2212071740187,far-field,D20171215,2017-12-15,0.7721462,1
D10117019564,-33.4831836,148.99475928,685334.5486435718,6293364.879074552,2059.68475483241,far-field,D20171215,2017-12-15,0.8498068,1
D10117119009,-33.48860267,149.01725647,687413.439239171,6292723.529478858,2396.9779056888674,far-field,D20171215,2017-12-15,0.34066588,0
D10117119016,-33.48854129,149.01699498,687389.2737963777,6292730.80845826,2382.9243046396305,far-field,D20171215,2017-12-15,0.591632,0
D10117119017,-33.48853304,149.0169598,687386.0226381419,6292731.786871441,2381.047089900391,far-field,D20171215,2017-12-15,0.54347503,0
D10117119022,-33.48849163,149.01678324,687369.7058553393,6292736.697855401,2371.677129973946,far-field,D20171215,2017-12-15,0.15978003,0
D10117119025,-33.48846661,149.01667658,687359.8488789876,6292739.665035126,2366.0585049947313,far-field,D20171215,2017-12-15,0.51181626,0
D10117119031,-33.48841534,149.0164581,687339.6580902954,6292745.745080097,2354.649496480396,far-field,D20171215,2017-12-15,0.28136146,0
D10117119097,-33.48787849,149.01416899,687128.1083224883,6292809.409360668,2243.5267214045416,far-field,D20171215,2017-12-15,0.32439062,0
D10117119102,-33.48783297,149.01397514,687110.1935414469,6292814.806850674,2234.870241447994,far-field,D20171215,2017-12-15,0.5186534,0
D10117119416,-33.48462062,149.0003154,685847.7837356805,6293195.5855157925,1962.7051601639714,far-field,D20171215,2017-12-15,0.46187574,0
D10117119420,-33.48458286,149.00015475,685832.9361576975,6293200.060572139,1963.081839988218,far-field,D20171215,2017-12-15,0.09817182,0
D10117119421,-33.48457353,149.00011503,685829.2651451632,6293201.166341811,1963.1931991466495,far-field,D20171215,2017-12-15,0.66899526,0
D10117119422,-33.48456415,149.00007515,685825.5793708274,6293202.2779412735,1963.3138684363726,far-field,D20171215,2017-12-15,0.5766201,0
D10117119424,-33.4845453,148.99999496,685818.168054737,6293204.511886274,1963.5781273087828,far-field,D20171215,2017-12-15,0.4411415,0
D10117119430,-33.48448708,148.99974734,685795.2825393822,6293211.411501514,1964.5877599519958,far-field,D20171215,2017-12-15,0.6750892,0
D10117119433,-33.48445726,148.99962052,685783.5615851459,6293214.9454117175,1965.2174561212769,far-field,D20171215,2017-12-15,0.058263972,0
D10117119435,-33.48443797,148.99953848,685775.9792813172,6293217.2314288085,1965.665241868371,far-field,D20171215,2017-12-15,0.56495243,0
D10117119436,-33.48442853,148.99949832,685772.2676052074,6293218.350162236,1965.8957296103088,far-field,D20171215,2017-12-15,0.29139417,0
D10117119437,-33.48441927,148.99945891,685768.6252370861,6293219.44759067,1966.128913981457,far-field,D20171215,2017-12-15,0.60471165,0
D10117119438,-33.48440983,148.99941876,685764.9144886783,6293220.566303292,1966.3746793382413,far-field,D20171215,2017-12-15,0.016498215,0
D10117119440,-33.48439095,148.99933844,685757.4911310298,6293222.803759933,1966.888645576023,far-field,D20171215,2017-12-15,0.3344233,0
D10117119441,-33.48438164,148.99929882,685753.8293525391,6293223.907103233,1967.153042729861,far-field,D20171215,2017-12-15,0.15576695,0
D10117119442,-33.48437264,148.99926052,685750.2895713691,6293224.973705225,1967.4156817691885,far-field,D20171215,2017-12-15,0.09698276,0
D10117119457,-33.48424454,148.99871498,685699.869129628,6293240.155583855,1971.895003803242,far-field,D20171215,2017-12-15,0.76486325,1
D10117119461,-33.48421316,148.99858121,685687.505617271,6293243.8748054225,1973.2029154588677,far-field,D20171215,2017-12-15,0.7966706,1
D10117119462,-33.48420518,148.99854719,685684.3613621402,6293244.820612287,1973.5488186326074,far-field,D20171215,2017-12-15,0.64699763,0
D10117119463,-33.48419718,148.99851311,685681.2115736732,6293245.76874334,1973.901394489462,far-field,D20171215,2017-12-15,0.71826696,0
D10117119464,-33.48418923,148.99847921,685678.078404319,6293246.711006563,1974.2566340369788,far-field,D20171215,2017-12-15,0.09512485,0
D10117119474,-33.48411282,148.99815338,685647.9639018211,6293255.767358467,1977.9435594535958,far-field,D20171215,2017-12-15,0.8118312,1
D10117119536,-33.48356766,148.99583262,685433.470529286,6293320.371603068,2018.3310640192149,far-field,D20171215,2017-12-15,0.34118608,0
D10117119537,-33.48355809,148.99579194,685429.7107373023,6293321.505546477,2019.2549480784114,far-field,D20171215,2017-12-15,0.4183264,0
D10117119541,-33.48351984,148.99562925,685414.6742851492,6293326.037924616,2023.0192338423162,far-field,D20171215,2017-12-15,0.12589179,0
D10117119542,-33.48351028,148.99558857,685410.9144678414,6293327.170751546,2023.9779526650289,far-field,D20171215,2017-12-15,0.5894768,0
D10117119543,-33.48350072,148.99554791,685407.1565082367,6293328.303541247,2024.9438753863963,far-field,D20171215,2017-12-15,0.503047,0
D10117119544,-33.48349115,148.99550723,685403.3967106452,6293329.43747412,2025.9180080791618,far-field,D20171215,2017-12-15,0.35203627,0
D10117119546,-33.48347193,148.99542547,685395.8401134893,6293331.714921443,2027.895870304302,far-field,D20171215,2017-12-15,0.105306186,0
D10117119547,-33.48346273,148.99538631,685392.2207711977,6293332.805103615,2028.8527533865772,far-field,D20171215,2017-12-15,0.5211058,0
D10117119549,-33.48344432,148.99530801,685384.9839642167,6293334.986537004,2030.7874031443898,far-field,D20171215,2017-12-15,0.6864596,0
D10117119555,-33.4833891,148.99507308,685363.2707163951,6293341.529748335,2036.7474811896268,far-field,D20171215,2017-12-15,0.75014865,0
D10117119558,-33.48336149,148.99495559,685352.4117593374,6293344.801379817,2039.8155251647822,far-field,D20171215,2017-12-15,0.5158294,0
D10117119560,-33.48334304,148.99487711,685345.1582947139,6293346.98753976,2041.898217474113,far-field,D20171215,2017-12-15,0.59126043,0
D10117119561,-33.48333359,148.99483692,685341.4437616379,6293348.107265418,2042.9750115929187,far-field,D20171215,2017-12-15,0.5688912,0
D10117119565,-33.48329486,148.99467222,685326.2214770042,6293352.696320774,2047.459009336264,far-field,D20171215,2017-12-15,0.92367715,1
D10117219017,-33.48866041,149.016941,687384.0012673071,6292717.696006182,2370.5071540776844,far-field,D20171215,2017-12-15,0.23528537,0
D10117219018,-33.4886523,149.01690641,687380.8046344034,6292718.657827068,2368.653391880272,far-field,D20171215,2017-12-15,0.20585613,0
D10117219023,-33.48861183,149.01673382,687364.8547401505,6292723.45739354,2359.4529888047964,far-field,D20171215,2017-12-15,0.7042212,0
D10117219027,-33.48857931,149.01659514,687352.0386291344,6292727.31409383,2352.1197295616134,far-field,D20171215,2017-12-15,0.37700653,0
D10117219031,-33.48854487,149.01644841,687338.4786369302,6292731.398228242,2344.4213652501376,far-field,D20171215,2017-12-15,0.6071641,0
D10117219421,-33.48469733,149.00008118,685825.855146738,6293187.498097859,1949.1083194970715,far-field,D20171215,2017-12-15,0.5972057,0
D10117219422,-33.48468776,149.00004049,685822.0945149176,6293188.63221656,1949.2309785714158,far-field,D20171215,2017-12-15,0.23483948,0
D10117219424,-33.48466872,148.99995952,685814.6111340895,6293190.888625885,1949.4981914785496,far-field,D20171215,2017-12-15,0.5497176,0
D10117219435,-33.48456227,148.99950672,685772.7624992226,6293203.503980914,1951.566050163789,far-field,D20171215,2017-12-15,0.4826843,0
D10117219436,-33.48455283,148.99946657,685769.0517574726,6293204.622695444,1951.7966485308236,far-field,D20171215,2017-12-15,0.6591112,0
D10117219438,-33.48453396,148.99938631,685761.633967235,6293206.85893956,1952.2805278879723,far-field,D20171215,2017-12-15,0.18586504,0
D10117219440,-33.48451533,148.99930703,685754.3067270226,6293209.06680904,1952.787510734336,far-field,D20171215,2017-12-15,0.6612663,0
D10117219441,-33.48450631,148.99926864,685750.7586310044,6293210.135790445,1953.0435974761529,far-field,D20171215,2017-12-15,0.00520214,0
D10117219442,-33.48449732,148.99923037,685747.221621111,6293211.201228896,1953.30564975904,far-field,D20171215,2017-12-15,0.0025267538,0
D10117219443,-33.48448833,148.99919211,685743.6855397541,6293212.266648119,1953.5748345742313,far-field,D20171215,2017-12-15,0.1345868,0
D10117219445,-33.48447036,148.99911563,685736.6170705293,6293214.396302035,1954.1336624204146,far-field,D20171215,2017-12-15,0.077883475,0
D10117219446,-33.48446138,148.99907739,685733.0828241786,6293215.460572521,1954.4229268801914,far-field,D20171215,2017-12-15,0.2705113,0
D10117219448,-33.48444388,148.99900287,685726.1954786384,6293217.534590403,1955.0065539532388,far-field,D20171215,2017-12-15,0.8133175,1
D10117219456,-33.48437628,148.99871497,685699.586915163,6293225.546249103,1957.5069407195808,far-field,D20171215,2017-12-15,0.13109393,0
D10117219457,-33.48436844,148.99868154,685696.4971935328,6293226.475479314,1957.8215870887093,far-field,D20171215,2017-12-15,0.32840368,0
D10117219458,-33.48436018,148.99864635,685693.2448212159,6293227.454433343,1958.1592779070825,far-field,D20171215,2017-12-15,0.0593044,0
D10117219459,-33.48435232,148.99861283,685690.146777988,6293228.38604039,1958.4854902527165,far-field,D20171215,2017-12-15,0.4617271,0
D10117219460,-33.48434458,148.99857983,685687.0967986924,6293229.30340868,1958.812018462588,far-field,D20171215,2017-12-15,0.6524227,0
D10117219461,-33.48433671,148.9985463,685683.9978464902,6293230.236140539,1959.1496595617102,far-field,D20171215,2017-12-15,0.0789239,0
D10117219462,-33.48432892,148.99851308,685680.9275295163,6293231.159445171,1959.4885998884743,far-field,D20171215,2017-12-15,0.4516944,0
D10117219463,-33.4843212,148.99848018,685677.8867983739,6293232.0744136665,1959.8299372977112,far-field,D20171215,2017-12-15,0.8003864,1
D10117219464,-33.48431375,148.99844839,685674.9486363898,6293232.957453748,1960.163543754688,far-field,D20171215,2017-12-15,0.033293698,0
D10117219466,-33.4842988,148.99838464,685669.056620551,6293234.729380027,1960.8479442737041,far-field,D20171215,2017-12-15,0.68133175,0
D10117219483,-33.48416805,148.99782713,685617.5293745862,6293250.226105336,1967.6438046410474,far-field,D20171215,2017-12-15,0.95555884,1
D10117219532,-33.48372524,148.99594263,685443.3572407818,6293302.70018499,2001.2743505056528,far-field,D20171215,2017-12-15,0.3709869,0
D10117219535,-33.48369655,148.99582061,685432.0797021866,6293306.0997697655,2004.0036193148972,far-field,D20171215,2017-12-15,0.5610137,0
D10117219536,-33.48368699,148.99577993,685428.3198944468,6293307.232603941,2004.9275334437389,far-field,D20171215,2017-12-15,0.6319857,0
D10117219539,-33.4836583,148.99565792,685417.0432754967,6293310.632152796,2007.743986341876,far-field,D20171215,2017-12-15,0.54131985,0
D10117219542,-33.48362962,148.99553593,685405.768486524,6293314.03054343,2010.6244091821102,far-field,D20171215,2017-12-15,0.5593044,0
D10117219543,-33.48362006,148.99549528,685402.011460936,6293315.163313484,2011.5989763613638,far-field,D20171215,2017-12-15,0.8159929,1
D10117219544,-33.48361051,148.99545467,685398.258130234,6293316.294901633,2012.5796858570288,far-field,D20171215,2017-12-15,0.7362515,0
D10117219545,-33.48360112,148.99541473,685394.5667175031,6293317.407548309,2013.5509216478445,far-field,D20171215,2017-12-15,0.8626635,1
D10117219546,-33.48359202,148.99537603,685390.9899129929,6293318.485819109,2014.4987638977257,far-field,D20171215,2017-12-15,0.106049344,0
D10117219547,-33.48358293,148.99533733,685387.4130864453,6293319.562979594,2015.451974567507,far-field,D20171215,2017-12-15,0.17761594,0
D10117219549,-33.48356474,148.99525993,685380.2594524904,6293321.718405427,2017.3789004090272,far-field,D20171215,2017-12-15,0.584349,0
D10117219554,-33.48351926,148.99506642,685362.3744363287,6293327.107518505,2022.3094741884986,far-field,D20171215,2017-12-15,0.58368015,0
D10117219560,-33.48346392,148.99483096,685340.6121999045,6293333.664932963,2028.5247720780649,far-field,D20171215,2017-12-15,0.7493312,0
D10117219566,-33.48340596,148.99458447,685317.8305530837,6293340.532535698,2035.2858460034042,far-field,D20171215,2017-12-15,0.38793105,0
D10117319027,-33.48870958,149.01658857,687351.1474736483,6292712.879546953,2342.1520946200176,far-field,D20171215,2017-12-15,0.7026605,0
D10117319029,-33.48869325,149.01651895,687344.7135575188,6292714.816158575,2338.465994651433,far-field,D20171215,2017-12-15,0.14224137,0
D10117319036,-33.48863218,149.01625876,687320.6682247453,6292722.058240404,2324.8130619144104,far-field,D20171215,2017-12-15,0.24308859,0
D10117319037,-33.48862312,149.01622016,687317.1010218245,6292723.132628909,2322.8038970571442,far-field,D20171215,2017-12-15,0.6222503,0
D10117319441,-33.48463066,148.9992371,685747.5622233351,6293196.4023972,1938.9434012360946,far-field,D20171215,2017-12-15,0.15643579,0
D10117319442,-33.48462179,148.99919934,685744.0723533272,6293197.453614572,1939.2020816993122,far-field,D20171215,2017-12-15,0.35411713,0
D10117319443,-33.48461289,148.99916148,685740.5732542889,6293198.508336464,1939.4689955369267,far-field,D20171215,2017-12-15,0.12120987,0
D10117319444,-33.48460397,148.99912351,685737.0639756152,6293199.565471806,1939.7429249729234,far-field,D20171215,2017-12-15,0.6449911,0
D10117319445,-33.48459503,148.99908542,685733.5435880623,6293200.62503848,1940.0237454858798,far-field,D20171215,2017-12-15,0.5904429,0
D10117319446,-33.48458605,148.9990472,685730.011205094,6293201.68927228,1940.3135163151458,far-field,D20171215,2017-12-15,0.42724437,0
D10117319447,-33.48457731,148.99901001,685726.5740207676,6293202.725046763,1940.6023858276897,far-field,D20171215,2017-12-15,0.29511,0
D10117319448,-33.48456892,148.99897425,685723.2689698976,6293203.719447796,1940.884849953944,far-field,D20171215,2017-12-15,0.3960315,0
D10117319449,-33.48456034,148.99893772,685719.892772537,6293204.736295583,1941.1807066227163,far-field,D20171215,2017-12-15,0.5212545,0
D10117319458,-33.48448547,148.99861877,685690.414465853,6293213.609698417,1944.0288663435763,far-field,D20171215,2017-12-15,0.38830262,0
D10117319459,-33.48447738,148.99858431,685687.2295692327,6293214.568492375,1944.3656048202452,far-field,D20171215,2017-12-15,0.50750595,0
D10117319460,-33.48446951,148.99855075,685684.1278341612,6293215.501278179,1944.6980068181663,far-field,D20171215,2017-12-15,0.47919145,0
D10117319461,-33.48446125,148.99851558,685680.8773231294,6293216.480192384,1945.0534423750462,far-field,D20171215,2017-12-15,0.3388823,0
D10117319462,-33.48445329,148.99848164,685677.7404678694,6293217.423636465,1945.4007843909887,far-field,D20171215,2017-12-15,0.018727705,0
D10117319464,-33.48443814,148.99841704,685671.7699034793,6293219.219264545,1946.076880439976,far-field,D20171215,2017-12-15,0.14640309,0
D10117319465,-33.48443055,148.99838468,685668.7790770935,6293220.1188479215,1946.4230759557768,far-field,D20171215,2017-12-15,0.7000595,0
D10117319466,-33.48442299,148.99835241,685665.7965493482,6293221.014942491,1946.7722623154698,far-field,D20171215,2017-12-15,0.3709869,0
D10117319467,-33.48441546,148.99832029,685662.8278957031,6293221.907440935,1947.1252717299958,far-field,D20171215,2017-12-15,0.29942033,0
D10117319474,-33.48436279,148.99809565,685642.0658057351,6293228.150110234,1949.73085612829,far-field,D20171215,2017-12-15,0.7422711,0
D10117319486,-33.4842662,148.99768405,685604.0242732327,6293239.597597584,1955.1290510585382,far-field,D20171215,2017-12-15,0.83739597,1
D10117319488,-33.48424887,148.99761025,685597.2034310114,6293241.651381636,1956.1819078231981,far-field,D20171215,2017-12-15,0.46001783,0
D10117319491,-33.48422224,148.99749689,685586.7263386026,6293244.807223169,1957.8496509865645,far-field,D20171215,2017-12-15,0.57632285,0
D10117319504,-33.48411003,148.99701912,685542.5691902048,6293258.104959714,1965.529550161128,far-field,D20171215,2017-12-15,0.5091409,0
D10117319507,-33.48408423,148.99690926,685532.4155310208,6293261.162440876,1967.4438668986277,far-field,D20171215,2017-12-15,0.23944709,0
D10117319530,-33.48386505,148.99597699,685446.2520408581,6293287.134528559,1985.9209674951003,far-field,D20171215,2017-12-15,0.24568966,0
D10117319531,-33.48385503,148.99593441,685442.3166655845,6293288.321775123,1986.8591267022257,far-field,D20171215,2017-12-15,0.2824019,0
D10117319532,-33.48384522,148.99589271,685438.4626155633,6293289.4841598235,1987.785381541178,far-field,D20171215,2017-12-15,0.059601665,0
D10117319534,-33.48382572,148.99580977,685430.7970025938,6293291.794795245,1989.6492904944612,far-field,D20171215,2017-12-15,0.8098246,1
D10117319535,-33.48381602,148.99576853,685426.985460987,6293292.944154954,1990.5878624409497,far-field,D20171215,2017-12-15,0.52809155,0
D10117319536,-33.48380636,148.99572744,685423.1877720109,6293294.088809337,1991.5299707578722,far-field,D20171215,2017-12-15,0.82238406,1
D10117319537,-33.48379678,148.99568673,685419.4252231324,6293295.223911723,1992.4717474636748,far-field,D20171215,2017-12-15,0.89380205,1
D10117319538,-33.48378725,148.99564619,685415.6783640928,6293296.353164156,1993.4157392566308,far-field,D20171215,2017-12-15,0.34884065,0
D10117319541,-33.48375851,148.99552394,685404.379559249,6293299.758672121,1996.3063296096823,far-field,D20171215,2017-12-15,0.9429994,1
D10117319542,-33.48374895,148.9954833,685400.6234684698,6293300.891424031,1997.2824212718851,far-field,D20171215,2017-12-15,0.815324,1
D10117319545,-33.48372106,148.99536462,685389.6545843522,6293304.196276452,2000.1711033548947,far-field,D20171215,2017-12-15,0.84646255,1
D10117319546,-33.48371196,148.99532592,685386.077784424,6293305.2745456435,2001.12694284233,far-field,D20171215,2017-12-15,0.47837394,0
D10117319554,-33.48363922,148.99501637,685357.4678772982,6293313.893907107,2009.0006788597775,far-field,D20171215,2017-12-15,0.14313318,0
D10117319558,-33.48360275,148.99486119,685343.1254847958,6293318.215367874,2013.103663184994,far-field,D20171215,2017-12-15,0.12589179,0
D10117319560,-33.48358395,148.99478124,685335.7361848842,6293320.442959867,2015.2588930030429,far-field,D20171215,2017-12-15,0.8322681,1
D10117319561,-33.4835745,148.99474106,685332.0225906606,6293321.5626644865,2016.3525147414796,far-field,D20171215,2017-12-15,0.50014865,0
D10117319565,-33.48353639,148.99457895,685317.0397005037,6293326.078327525,2020.832544796199,far-field,D20171215,2017-12-15,0.8472057,1
D10117319568,-33.48350744,148.99445584,685305.6613643037,6293329.508540168,2024.309890336039,far-field,D20171215,2017-12-15,0.91267836,1
D10117419030,-33.48881493,149.01647575,687340.4372597561,6292701.4003315875,2326.572781291184,far-field,D20171215,2017-12-15,0.26902497,0
D10117419036,-33.48876429,149.01625993,687320.4923536672,6292707.405673593,2315.177220083431,far-field,D20171215,2017-12-15,0.40390903,0
D10117419441,-33.48475448,148.99920336,685744.1625224228,6293182.7317146845,1924.8595389180682,far-field,D20171215,2017-12-15,0.87901306,1
D10117419443,-33.48473707,148.99912922,685737.3103215867,6293184.795081096,1925.3744631489724,far-field,D20171215,2017-12-15,0.56235135,0
D10117419444,-33.48472833,148.99909201,685733.8712855626,6293185.830894294,1925.6430976622576,far-field,D20171215,2017-12-15,0.14476813,0
D10117419446,-33.48471086,148.99901763,685726.996907108,6293187.901336382,1926.1999689815786,far-field,D20171215,2017-12-15,0.77392983,1
D10117419447,-33.48470229,148.99898113,685723.623482094,6293188.917023122,1926.4826443878992,far-field,D20171215,2017-12-15,0.5273484,0
D10117419448,-33.48469373,148.99894466,685720.2528227989,6293189.931546014,1926.7711564770088,far-field,D20171215,2017-12-15,0.5939358,0
D10117419449,-33.48468516,148.99890819,685716.8821842176,6293190.947176652,1927.067143392768,far-field,D20171215,2017-12-15,0.35114446,0
D10117419452,-33.48465964,148.9987995,685706.8367642269,6293193.971702941,1927.984838102237,far-field,D20171215,2017-12-15,0.022740785,0
D10117419453,-33.48465107,148.99876299,685703.4624061239,6293194.987400329,1928.3055430503266,far-field,D20171215,2017-12-15,0.5716409,0
D10117419459,-33.48460185,148.9985533,685684.0822458699,6293200.820826467,1930.2709284462278,far-field,D20171215,2017-12-15,0.20793697,0
D10117419460,-33.48459372,148.99851865,685680.8797828933,6293201.784394232,1930.6155649166906,far-field,D20171215,2017-12-15,0.0021551724,0
D10117419461,-33.48458562,148.99848413,685677.6893354259,6293202.744401481,1930.9646604590757,far-field,D20171215,2017-12-15,0.40613854,0
D10117419462,-33.48457795,148.99845143,685674.6670912923,6293203.653466821,1931.3002705072709,far-field,D20171215,2017-12-15,0.031064209,0
D10117419463,-33.4845702,148.9984184,685671.6143524662,6293204.571993148,1931.6447260369825,far-field,D20171215,2017-12-15,0.063094534,0
D10117419464,-33.48456248,148.99838546,685668.5699122443,6293205.487030626,1931.9924473162662,far-field,D20171215,2017-12-15,0.15004459,0
D10117419465,-33.48455477,148.9983526,685665.5328840818,6293206.400815058,1932.3454294641401,far-field,D20171215,2017-12-15,0.60337394,0
D10117419466,-33.48454724,148.99832047,685662.563305781,6293207.293331524,1932.69458402398,far-field,D20171215,2017-12-15,0.4630648,0
D10117419467,-33.48453947,148.99828734,685659.5013151426,6293208.214250701,1933.0603647958524,far-field,D20171215,2017-12-15,0.52222055,0
D10117419475,-33.4844773,148.99802229,685635.0044630988,6293215.582695007,1936.1751540963292,far-field,D20171215,2017-12-15,0.19493163,0
D10117419476,-33.4844695,148.99798903,685631.9304515785,6293216.507164562,1936.589359985595,far-field,D20171215,2017-12-15,0.6605232,0
D10117419477,-33.48446171,148.99795584,685628.8629228765,6293217.430398967,1937.0086122099005,far-field,D20171215,2017-12-15,0.2947384,0
D10117419478,-33.48445394,148.99792269,685625.7990679243,6293218.351342923,1937.431389126533,far-field,D20171215,2017-12-15,0.6750892,0
D10117419480,-33.48443714,148.99785114,685619.1861931905,6293220.342344926,1938.36481596794,far-field,D20171215,2017-12-15,0.7184899,0
D10117419483,-33.48441186,148.99774348,685609.2359175435,6293223.338309899,1939.8149500061043,far-field,D20171215,2017-12-15,0.80826396,1
D10117419485,-33.48439522,148.9976726,685602.6849544502,6293225.310358884,1940.7990571258542,far-field,D20171215,2017-12-15,0.8260999,1
D10117419489,-33.48435969,148.99752136,685588.7068994916,6293229.5209086165,1942.9804405148154,far-field,D20171215,2017-12-15,0.875,1
D10117419491,-33.48434173,148.99744493,685581.6430152261,6293231.6492485525,1944.1240913032987,far-field,D20171215,2017-12-15,0.5314358,0
D10117419492,-33.48433279,148.99740688,685578.1263192045,6293232.708685698,1944.7034947911498,far-field,D20171215,2017-12-15,0.07929548,0
D10117419495,-33.48430666,148.99729561,685567.8423769827,6293235.805322403,1946.4351491512261,far-field,D20171215,2017-12-15,0.22733353,0
D10117419496,-33.4842982,148.99725958,685564.5123613755,6293236.807913199,1947.0081173435783,far-field,D20171215,2017-12-15,0.6319114,0
D10117419499,-33.48427248,148.99715007,685554.391083498,6293239.855921495,1948.7873848596262,far-field,D20171215,2017-12-15,0.4028686,0
D10117419502,-33.48424633,148.9970387,685544.0978776878,6293242.954928877,1950.6531873801375,far-field,D20171215,2017-12-15,0.44240487,0
D10117419504,-33.48422906,148.99696519,685537.3038430758,6293245.001497783,1951.9172287844158,far-field,D20171215,2017-12-15,0.8553062,1
D10117419529,-33.48399541,148.9959712,685445.4360527474,6293272.688566645,1971.4523690652102,far-field,D20171215,2017-12-15,0.097205706,0
D10117419530,-33.48398532,148.99592829,685441.4701675259,6293273.884165416,1972.396795792568,far-field,D20171215,2017-12-15,0.17167063,0
D10117419531,-33.48397526,148.99588554,685437.5190854062,6293275.076149797,1973.3467408008844,far-field,D20171215,2017-12-15,0.31911415,0
D10117419534,-33.48394518,148.99575764,685425.6981441996,6293278.640378175,1976.2355704681552,far-field,D20171215,2017-12-15,0.8257283,1
D10117419535,-33.48393531,148.99571568,685421.820064037,6293279.809874528,1977.1993657447201,far-field,D20171215,2017-12-15,0.3722503,0
D10117419536,-33.48392589,148.99567561,685418.1166514804,6293280.926090099,1978.1264497595425,far-field,D20171215,2017-12-15,0.7331302,0
D10117419537,-33.48391657,148.995636,685414.4557703573,6293282.030392948,1979.0507953068523,far-field,D20171215,2017-12-15,0.82884955,1
D10117419539,-33.48389786,148.99555637,685407.0960558939,6293284.247489421,1980.9271445302902,far-field,D20171215,2017-12-15,0.8107907,1
D10117419540,-33.48388845,148.99551636,685403.3981944195,6293285.362483054,1981.8815115289447,far-field,D20171215,2017-12-15,0.76025563,1
D10117419541,-33.48387901,148.99547622,685399.6883158945,6293286.4810343,1982.8460125572064,far-field,D20171215,2017-12-15,0.7850773,1
D10117419542,-33.48386955,148.99543597,685395.9682574928,6293287.601998466,1983.8196330189362,far-field,D20171215,2017-12-15,0.43170333,0
D10117419543,-33.48386017,148.99539605,685392.2786929745,6293288.713500109,1984.7920394767732,far-field,D20171215,2017-12-15,0.8709126,1
D10117419546,-33.48383226,148.99527735,685381.3080049091,6293292.02059721,1987.726863228536,far-field,D20171215,2017-12-15,0.91438764,1
D10117419554,-33.48375917,148.99496632,685352.5613516627,6293300.681402506,1995.7037888653585,far-field,D20171215,2017-12-15,0.34683412,0
D10117519036,-33.48889339,149.01624842,687319.1447409018,6292693.10979039,2304.926423158926,far-field,D20171215,2017-12-15,0.3025416,0
D10117519044,-33.48881856,149.01592983,687289.7025589264,6292701.983133378,2288.2394655282255,far-field,D20171215,2017-12-15,0.9348246,1
D10117519443,-33.48486155,148.99909823,685734.1647692027,6293171.04628349,1911.2707054117889,far-field,D20171215,2017-12-15,0.18943222,0
D10117519444,-33.48485298,148.99906175,685730.7932092944,6293172.061937262,1911.5343519869218,far-field,D20171215,2017-12-15,0.21157847,0
D10117519446,-33.48483584,148.99898873,685724.0445121147,6293174.0933485385,1912.079911849727,far-field,D20171215,2017-12-15,0.4056183,0
D10117519447,-33.48482728,148.99895227,685720.6747873958,6293175.107853936,1912.362169512591,far-field,D20171215,2017-12-15,0.5100327,0
D10117519448,-33.48481871,148.99891581,685717.3050833935,6293176.123467078,1912.6519483105233,far-field,D20171215,2017-12-15,0.35865042,0
D10117519449,-33.48481015,148.99887935,685713.9353573922,6293177.137970056,1912.9470673706287,far-field,D20171215,2017-12-15,0.14023484,0
D10117519452,-33.48478446,148.99876995,685703.8243384078,6293180.182616476,1913.8717215573354,far-field,D20171215,2017-12-15,0.42843342,0
D10117519454,-33.48476773,148.99869866,685697.2355139205,6293182.165446059,1914.5041884034586,far-field,D20171215,2017-12-15,0.44879606,0
D10117519455,-33.48475932,148.99866285,685693.9258643847,6293183.162144611,1914.8318196045866,far-field,D20171215,2017-12-15,0.35716408,0
D10117519462,-33.4847015,148.99841651,685671.1584195939,6293190.01481582,1917.2493309175838,far-field,D20171215,2017-12-15,0.7652348,1
D10117519463,-33.48469342,148.99838208,685667.9762958111,6293190.972441096,1917.6103108538678,far-field,D20171215,2017-12-15,0.3717301,0
D10117519464,-33.4846854,148.99834792,685664.8191328525,6293191.92292859,1917.974449953523,far-field,D20171215,2017-12-15,0.37306777,0
D10117519465,-33.48467745,148.99831401,685661.6850509043,6293192.865205147,1918.3402215162766,far-field,D20171215,2017-12-15,0.44396552,0
D10117519467,-33.48466173,148.99824703,685655.4945572853,6293194.728291428,1919.0807500670587,far-field,D20171215,2017-12-15,0.034408443,0
D10117519475,-33.48459913,148.99798015,685630.8286045828,6293202.147685014,1922.2404615154444,far-field,D20171215,2017-12-15,0.4603151,0
D10117519477,-33.48458305,148.99791164,685624.4966946354,6293204.053409575,1923.1074953584575,far-field,D20171215,2017-12-15,0.6313169,0
D10117519478,-33.48457445,148.99787502,685621.1121684613,6293205.072601207,1923.5806423870536,far-field,D20171215,2017-12-15,0.806852,1
D10117519480,-33.48455729,148.99780192,685614.3560381825,6293207.106294629,1924.5434065450354,far-field,D20171215,2017-12-15,0.096016645,0
D10117519483,-33.48453171,148.99769298,685604.2874726299,6293210.1378127495,1926.0259948400899,far-field,D20171215,2017-12-15,0.9435939,1
D10117519484,-33.48452322,148.99765685,685600.9482406852,6293211.14392239,1926.5308167741262,far-field,D20171215,2017-12-15,0.54027945,0
D10117519485,-33.48451408,148.99761795,685597.3529952384,6293212.227066033,1927.0811488979143,far-field,D20171215,2017-12-15,0.796522,1
D10117519487,-33.48449558,148.99753924,685590.078410587,6293214.419373324,1928.2172488367014,far-field,D20171215,2017-12-15,0.21893579,0
D10117519488,-33.48448637,148.99750003,685586.4545057915,6293215.510829773,1928.7934701829627,far-field,D20171215,2017-12-15,0.47005054,0
D10117519491,-33.4844589,148.99738314,685575.6512094858,6293218.766124397,1930.555782047842,far-field,D20171215,2017-12-15,0.45295778,0
D10117519492,-33.48445011,148.99734574,685572.194598454,6293219.807763111,1931.1333083202433,far-field,D20171215,2017-12-15,0.05046076,0
D10117519493,-33.4844416,148.9973095,685568.8451814514,6293220.816275915,1931.6983799781203,far-field,D20171215,2017-12-15,0.289239,0
D10117519495,-33.48442474,148.99723767,685562.2064049405,6293222.814392602,1932.8357925232285,far-field,D20171215,2017-12-15,0.37262186,0
D10117519496,-33.48441622,148.9972014,685558.8542196498,6293223.82406443,1933.4200461129246,far-field,D20171215,2017-12-15,0.1587396,0
D10117519497,-33.48440771,148.99716514,685555.5029416352,6293224.83260823,1934.009451592966,far-field,D20171215,2017-12-15,0.20555885,0
D10117519498,-33.48439935,148.99712956,685552.2145314803,6293225.823300885,1934.5948405353279,far-field,D20171215,2017-12-15,0.26025563,0
D10117519499,-33.48439074,148.99709289,685548.8253665867,6293226.843664801,1935.2036800155263,far-field,D20171215,2017-12-15,0.23825802,0
D10117519501,-33.48437366,148.99702013,685542.1006322843,6293228.867826797,1936.4298903954427,far-field,D20171215,2017-12-15,0.4721314,0
D10117519502,-33.48436508,148.99698361,685538.7253400987,6293229.884592065,1937.0554453814989,far-field,D20171215,2017-12-15,0.29124555,0
D10117519503,-33.48435671,148.99694797,685535.4313726953,6293230.87649505,1937.6715546698806,far-field,D20171215,2017-12-15,0.29124555,0
D10117519504,-33.48434817,148.99691158,685532.0680740714,6293231.8885897305,1938.3060475325108,far-field,D20171215,2017-12-15,0.53530025,0
D10117519506,-33.48433122,148.99683939,685525.3960229676,6293233.897304481,1939.5838866350123,far-field,D20171215,2017-12-15,0.64075506,0
D10117519507,-33.48432278,148.99680346,685522.0752543353,6293234.897483817,1940.2293101521814,far-field,D20171215,2017-12-15,0.351739,0
D10117519508,-33.48431455,148.99676839,685518.8339520916,6293235.872836802,1940.8641708837106,far-field,D20171215,2017-12-15,0.73877823,0
D10117519509,-33.48430627,148.99673312,685515.5741710278,6293236.8540909095,1941.5087322973952,far-field,D20171215,2017-12-15,0.6386742,0
D10117519529,-33.48411557,148.99592203,685440.6107460608,6293259.451241389,1957.9383448291412,far-field,D20171215,2017-12-15,0.1828924,0
D10117519530,-33.48410536,148.99587861,685436.5977302602,6293260.661057008,1958.9023560657483,far-field,D20171215,2017-12-15,0.4347503,0
D10117519534,-33.48406446,148.9957048,685420.5337056493,6293265.507188294,1962.8494163151684,far-field,D20171215,2017-12-15,0.29139417,0
D10117519536,-33.48404604,148.99562643,685413.2904719976,6293267.689879618,1964.671001815388,far-field,D20171215,2017-12-15,0.4539239,0
D10117519538,-33.4840277,148.99554839,685406.0777299728,6293269.863104251,1966.5118825770473,far-field,D20171215,2017-12-15,0.66044885,0
D10117519539,-33.48401851,148.99550928,685402.4630372678,6293270.952093162,1967.4445176769932,far-field,D20171215,2017-12-15,0.80766946,1
D10117519540,-33.48400928,148.99547003,685398.8354196385,6293272.04576656,1968.3881125825626,far-field,D20171215,2017-12-15,0.5977259,0
D10117519541,-33.48400001,148.99543059,685395.1902308394,6293273.144213747,1969.3426419807104,far-field,D20171215,2017-12-15,0.21462545,0
D10117519542,-33.48399045,148.99538993,685391.4322913259,6293274.276998252,1970.3342737245687,far-field,D20171215,2017-12-15,0.64313316,0
D10117519544,-33.48397138,148.99530881,685383.9348882701,6293276.536660774,1972.33417162332,far-field,D20171215,2017-12-15,0.5772889,0
D10117519549,-33.48392457,148.99510967,685365.5296277399,6293282.083330099,1977.3660762201027,far-field,D20171215,2017-12-15,0.32238406,0
D10117519551,-33.48390638,148.99503229,685358.3778768777,6293284.2387051135,1979.3683419462982,far-field,D20171215,2017-12-15,0.93764865,1
D10117619038,-33.48900175,149.01614868,687309.6434944496,6292681.273137236,2290.0393471732327,far-field,D20171215,2017-12-15,0.13785672,0
D10117619043,-33.48895305,149.01594144,687290.4916896814,6292687.047794361,2279.13207475046,far-field,D20171215,2017-12-15,0.54072535,0
D10117619444,-33.48497678,148.99902791,685727.3842885398,6293158.393646641,1897.4528133597446,far-field,D20171215,2017-12-15,0.87314206,1
D10117619446,-33.48495961,148.9989548,685720.6273015143,6293160.428543866,1898.0015691539359,far-field,D20171215,2017-12-15,0.16825208,0
D10117619448,-33.48494253,148.99888203,685713.901713794,6293162.452847281,1898.5725510589994,far-field,D20171215,2017-12-15,0.5616825,0
D10117619449,-33.48493402,148.99884579,685710.5523288583,6293163.461410874,1898.866968321134,far-field,D20171215,2017-12-15,0.03299643,0
D10117619452,-33.48490864,148.99873768,685700.5605334734,6293166.469368786,1899.7825134878062,far-field,D20171215,2017-12-15,0.10954221,0
D10117619453,-33.48490022,148.99870183,685697.2471941218,6293167.4672492705,1900.0990834238737,far-field,D20171215,2017-12-15,0.76382285,1
D10117619455,-33.48488346,148.99863045,685690.6500783709,6293169.453562599,1900.747466714504,far-field,D20171215,2017-12-15,0.33405173,0
D10117619456,-33.48487512,148.9985949,685687.364443503,6293170.442031244,1901.0788381467453,far-field,D20171215,2017-12-15,0.93281806,1
D10117619458,-33.48485837,148.99852357,685680.7719489041,6293172.427139225,1901.7639713754122,far-field,D20171215,2017-12-15,0.10211058,0
D10117619459,-33.48484991,148.99848754,685677.4419649525,6293173.429770555,1902.1193434766624,far-field,D20171215,2017-12-15,0.2258472,0
D10117619477,-33.48470101,148.9978532,685618.8144533902,6293191.076711374,1909.397605877904,far-field,D20171215,2017-12-15,0.5199911,0
D10117619478,-33.48469244,148.99781669,685615.4400890183,6293192.092377625,1909.8753844832918,far-field,D20171215,2017-12-15,0.1226962,0
D10117619479,-33.48468389,148.99778029,685612.0759029608,6293193.105628043,1910.3587140750265,far-field,D20171215,2017-12-15,0.3238704,0
D10117619480,-33.48467518,148.99774321,685608.6488693974,6293194.137836543,1910.8576183946727,far-field,D20171215,2017-12-15,0.28492865,0
D10117619481,-33.48466667,148.99770695,685605.2976060433,6293195.146398359,1911.3510319228171,far-field,D20171215,2017-12-15,0.16944115,0
D10117619482,-33.48465818,148.99767078,685601.9546625332,6293196.152580133,1911.8495987121437,far-field,D20171215,2017-12-15,0.3353151,0
D10117619485,-33.48463126,148.99755623,685591.367661164,6293199.342716765,1913.4732684164562,far-field,D20171215,2017-12-15,0.32832938,0
D10117619486,-33.48462206,148.99751709,685587.7502456313,6293200.432939859,1914.0425776597958,far-field,D20171215,2017-12-15,0.0026753864,0
D10117619488,-33.48460338,148.99743759,685580.4026424296,6293202.646613926,1915.2206145922355,far-field,D20171215,2017-12-15,0.764566,1
D10117619490,-33.48458507,148.9973597,685573.2038544916,6293204.816372398,1916.404802092696,far-field,D20171215,2017-12-15,0.00980975,0
D10117619491,-33.48457654,148.99732335,685569.8442639196,6293205.827300382,1916.9656321187063,far-field,D20171215,2017-12-15,0.3344233,0
D10117619493,-33.48455952,148.99725089,685563.1472973137,6293207.844287852,1918.104041647153,far-field,D20171215,2017-12-15,0.133695,0
D10117619495,-33.48454253,148.99717853,685556.4595565777,6293209.857764907,1919.2649180238575,far-field,D20171215,2017-12-15,0.21707788,0
D10117619497,-33.48452568,148.99710676,685549.8263398797,6293211.854657108,1920.4405594768368,far-field,D20171215,2017-12-15,0.13116825,0
D10117619498,-33.48451727,148.99707094,685546.515738666,6293212.851321822,1921.0364180553652,far-field,D20171215,2017-12-15,0.04830559,0
D10117619500,-33.4845009,148.9970012,685540.0701303219,6293214.791348398,1922.2134040542535,far-field,D20171215,2017-12-15,0.12975624,0
D10117619501,-33.48449221,148.9969642,685536.6504740653,6293215.821169704,1922.8476724476789,far-field,D20171215,2017-12-15,0.010775862,0
D10117619502,-33.48448392,148.99692888,685533.386076493,6293216.803628564,1923.4585321680545,far-field,D20171215,2017-12-15,0.11251486,0
D10117619504,-33.48446725,148.99685788,685526.8240188072,6293218.779166948,1924.7047642037512,far-field,D20171215,2017-12-15,0.41676575,0
D10117619506,-33.48445074,148.99678755,685520.3238766243,6293220.735759928,1925.9621792236328,far-field,D20171215,2017-12-15,0.45236325,0
D10117619507,-33.48444266,148.9967531,685517.139872179,6293221.69337007,1926.5857389073801,far-field,D20171215,2017-12-15,0.19835018,0
D10117619508,-33.48443474,148.99671934,685514.0196436031,6293222.632002606,1927.2023803263203,far-field,D20171215,2017-12-15,0.7737069,1
D10117619509,-33.48442664,148.99668482,685510.829175987,6293223.59195363,1927.8385815428758,far-field,D20171215,2017-12-15,0.6941885,0
D10117619510,-33.4844185,148.99665018,685507.6276421992,6293224.556553856,1928.4838778965766,far-field,D20171215,2017-12-15,0.61467004,0
D10117619512,-33.48440215,148.99658051,685501.1884817223,6293226.494210726,1929.7962287951668,far-field,D20171215,2017-12-15,0.019991081,0
D10117619530,-33.48422556,148.99582961,685431.788152483,6293247.418988379,1945.4010841858756,far-field,D20171215,2017-12-15,0.39580855,0
D10117619531,-33.48421535,148.99578623,685427.7788579129,6293248.628729061,1946.3821480954905,far-field,D20171215,2017-12-15,0.28084126,0
D10117619532,-33.48420498,148.99574216,685423.7057856632,6293249.8574439455,1947.3872647427775,far-field,D20171215,2017-12-15,0.101590365,0
D10117619534,-33.48418578,148.9956605,685416.158505925,6293252.132513825,1949.2711894634895,far-field,D20171215,2017-12-15,0.8309304,1
D10117619536,-33.48416738,148.9955822,685408.9217438522,6293254.312859353,1951.1046845336098,far-field,D20171215,2017-12-15,0.8544144,1
D10117619537,-33.48415817,148.99554304,685405.3024537782,6293255.4041568395,1952.0328441537501,far-field,D20171215,2017-12-15,0.54511,0
D10117619538,-33.48414897,148.99550388,685401.6831416447,6293256.49434398,1952.966769545172,far-field,D20171215,2017-12-15,0.46232164,0
D10117619539,-33.48413976,148.99546471,685398.0629208395,6293257.5856565405,1953.908649130619,far-field,D20171215,2017-12-15,0.694783,0
D10117619540,-33.48413051,148.99542534,685394.4241996495,6293258.681760754,1954.8614697102873,far-field,D20171215,2017-12-15,0.16067182,0
D10117619541,-33.48412083,148.99538418,685390.6200593496,6293259.828745738,1955.8660552386523,far-field,D20171215,2017-12-15,0.11400119,0
D10117619544,-33.4840918,148.99526074,685379.2113291996,6293263.268511042,1958.9239984899114,far-field,D20171215,2017-12-15,0.52251786,0
D10117619545,-33.48408213,148.9952196,685375.4090228,6293264.41434519,1959.9576150075743,far-field,D20171215,2017-12-15,0.4474584,0
D10117619546,-33.48407247,148.9951785,685371.61041125,6293265.558997404,1960.997645009671,far-field,D20171215,2017-12-15,0.78916466,1
D10117619549,-33.48404457,148.99505984,685360.6434402277,6293268.864891576,1964.0433622080093,far-field,D20171215,2017-12-15,0.55863553,0
D10117619552,-33.48401723,148.99494352,685349.8927126535,6293272.104492933,1967.088079986771,far-field,D20171215,2017-12-15,0.74071044,0
D10117619557,-33.48397163,148.99474946,685331.9569244107,6293277.507842899,1972.298121301893,far-field,D20171215,2017-12-15,0.9068817,1
D10117619558,-33.48396254,148.99471079,685328.3828959592,6293278.584928377,1973.3562895458497,far-field,D20171215,2017-12-15,0.9878864,1
D10117719038,-33.4891235,149.0161062,687305.4340087353,6292667.848234673,2278.20222200629,far-field,D20171215,2017-12-15,0.47614446,0
D10117719039,-33.48911415,149.01606642,687301.7578044578,6292668.956907943,2276.0884978405807,far-field,D20171215,2017-12-15,0.32446492,0
D10117719040,-33.48910474,149.01602637,687298.0566403398,6292670.072720819,2273.9647384627087,far-field,D20171215,2017-12-15,0.37418252,0
D10117719446,-33.4850824,148.99891669,685716.8237711217,6293146.879895076,1883.955412639385,far-field,D20171215,2017-12-15,0.18170333,0
D10117719447,-33.48507369,148.9988796,685713.3958339735,6293147.912159946,1884.245349303414,far-field,D20171215,2017-12-15,0.5905172,0
D10117719448,-33.485065,148.99884261,685709.9771458153,6293148.942026732,1884.5416112372275,far-field,D20171215,2017-12-15,0.14432223,0
D10117719452,-33.48503067,148.99869638,685696.4622263561,6293153.010701194,1885.775949257946,far-field,D20171215,2017-12-15,0.2884215,0
D10117719453,-33.48502209,148.99865987,685693.0879034132,6293154.027504548,1886.101424813015,far-field,D20171215,2017-12-15,0.74985135,0
D10117719454,-33.48501354,148.99862345,685689.721878903,6293155.040818814,1886.4316342734633,far-field,D20171215,2017-12-15,0.092672415,0
D10117719455,-33.48500502,148.99858715,685686.36694054,6293156.050590325,1886.7670141728524,far-field,D20171215,2017-12-15,0.41357017,0
D10117719461,-33.48495359,148.99836814,685666.1255210922,6293162.145736288,1888.9299122702303,far-field,D20171215,2017-12-15,0.21373364,0
D10117719476,-33.48482674,148.99782789,685616.1942105193,6293177.179105531,1895.2611672433823,far-field,D20171215,2017-12-15,0.701843,0
D10117719477,-33.48481798,148.9977906,685612.747775797,6293178.2172361,1895.7507803062188,far-field,D20171215,2017-12-15,0.40450355,0
D10117719478,-33.48480925,148.99775341,685609.3105687641,6293179.251859712,1896.2450425147497,far-field,D20171215,2017-12-15,0.26449168,0
D10117719479,-33.48480054,148.99771632,685605.8826107682,6293180.284085335,1896.7449938235518,far-field,D20171215,2017-12-15,0.36400118,0
D10117719480,-33.48479185,148.99767934,685602.4648310522,6293181.313895095,1897.2506964898212,far-field,D20171215,2017-12-15,0.27437574,0
D10117719481,-33.48478318,148.99764242,685599.0525834295,6293182.341378411,1897.7614915959882,far-field,D20171215,2017-12-15,0.09230083,0
D10117719482,-33.48477428,148.99760454,685595.5516190215,6293183.396083048,1898.2928790925546,far-field,D20171215,2017-12-15,0.4415131,0
D10117719485,-33.48474714,148.99748902,685584.8749635606,6293186.612344622,1899.9557507039935,far-field,D20171215,2017-12-15,0.023335315,0
D10117719486,-33.48473809,148.99745051,685581.3157743389,6293187.684804727,1900.5245836199163,far-field,D20171215,2017-12-15,0.47005054,0
D10117719488,-33.4847199,148.99737311,685574.1622746815,6293189.840380888,1901.6893986576877,far-field,D20171215,2017-12-15,0.5870244,0
D10117719490,-33.48470269,148.99729982,685567.388598651,6293191.879925985,1902.8171845515924,far-field,D20171215,2017-12-15,0.22086802,0
D10117719491,-33.48469406,148.99726308,685563.9929852276,6293192.902638927,1903.3924760771904,far-field,D20171215,2017-12-15,0.22607015,0
D10117719493,-33.48467689,148.99718997,685557.2359462758,6293194.937419072,1904.5560476798266,far-field,D20171215,2017-12-15,0.54897445,0
D10117719494,-33.48466835,148.99715358,685553.8726622865,6293195.949522053,1905.1439943059956,far-field,D20171215,2017-12-15,0.34140903,0
D10117719495,-33.48465983,148.9971173,685550.5195566288,6293196.959209273,1905.7370672285156,far-field,D20171215,2017-12-15,0.3900862,0
D10117719497,-33.4846435,148.99704774,685544.0906007786,6293198.894481476,1906.8910325253562,far-field,D20171215,2017-12-15,0.2623365,0
D10117719498,-33.48463542,148.99701332,685540.9093932931,6293199.852046279,1907.4704693211108,far-field,D20171215,2017-12-15,0.27905768,0
D10117719500,-33.4846194,148.99694502,685534.5968569352,6293201.750682025,1908.6353884463454,far-field,D20171215,2017-12-15,0.024004161,0
D10117719501,-33.48461137,148.99691079,685531.4331966513,6293202.702359214,1909.2276413877696,far-field,D20171215,2017-12-15,0.00052021403,0
D10117719502,-33.48460304,148.99687532,685528.1549499237,6293203.689520436,1909.8481894094004,far-field,D20171215,2017-12-15,0.07156659,0
D10117719504,-33.48458678,148.99680604,685521.751855368,6293205.616514174,1911.0762263611514,far-field,D20171215,2017-12-15,0.12893876,0
D10117719505,-33.48457902,148.99677297,685518.6954087982,6293206.53617191,1911.6702145979127,far-field,D20171215,2017-12-15,0.26657254,0
D10117719506,-33.4845711,148.99673921,685515.5751853609,6293207.47480519,1912.2816890459214,far-field,D20171215,2017-12-15,0.16684008,0
D10117719507,-33.48456316,148.99670536,685512.4466408665,6293208.415816201,1912.9000454951015,far-field,D20171215,2017-12-15,0.100401305,0
D10117719509,-33.48454738,148.99663811,685506.2311527748,6293210.285941289,1914.1450995157209,far-field,D20171215,2017-12-15,0.07260702,0
D10117719510,-33.48453939,148.99660407,685503.0850576872,6293211.232833533,1914.7836765143566,far-field,D20171215,2017-12-15,0.4315547,0
D10117719511,-33.48453137,148.99656988,685499.9250874085,6293212.183319665,1915.429948822376,far-field,D20171215,2017-12-15,0.3535226,0
D10117719524,-33.4844082,148.99604596,685451.5029137349,6293226.778532934,1926.0435153128124,far-field,D20171215,2017-12-15,0.14491677,0
D10117719529,-33.48435618,148.99582489,685431.0710591867,6293232.942281141,1930.9071108475082,far-field,D20171215,2017-12-15,0.5072087,0
D10117719530,-33.48434586,148.99578103,685427.0174015537,6293234.16507782,1931.8985299076026,far-field,D20171215,2017-12-15,0.4056183,0
D10117719531,-33.48433542,148.99573669,685422.9193951513,6293235.402037687,1932.9104903660814,far-field,D20171215,2017-12-15,0.022071939,0
D10117719532,-33.48432552,148.99569459,685419.0283870724,6293236.575110702,1933.8782102035118,far-field,D20171215,2017-12-15,0.49695304,0
D10117719533,-33.48431632,148.99565545,685415.4109418787,6293237.66526767,1934.7846752471398,far-field,D20171215,2017-12-15,0.38317478,0
D10117719535,-33.48429792,148.99557714,685408.1732615435,6293239.845631012,1936.6183668221465,far-field,D20171215,2017-12-15,0.42233947,0
D10117719536,-33.48428871,148.99553798,685404.5539769599,6293240.936928477,1937.5467158385156,far-field,D20171215,2017-12-15,0.5490487,0
D10117719537,-33.48427951,148.99549882,685400.934670317,6293242.027115595,1938.4808818042613,far-field,D20171215,2017-12-15,0.6228448,0
D10117719539,-33.48426099,148.99542003,685393.6526361319,6293244.221632581,1940.3824330085658,far-field,D20171215,2017-12-15,0.438912,0
D10117719540,-33.48425131,148.99537888,685389.849430844,6293245.368599668,1941.3874954391515,far-field,D20171215,2017-12-15,0.51181626,0
D10117719544,-33.48421262,148.99521432,685374.6402545236,6293249.95305431,1945.4803553117501,far-field,D20171215,2017-12-15,0.53656363,0
D10117719545,-33.48420296,148.99517325,685370.844436464,6293251.097652915,1946.521136571821,far-field,D20171215,2017-12-15,0.8040279,1
D10117719546,-33.48419344,148.99513276,685367.1022153957,6293252.225688807,1947.5541773536313,far-field,D20171215,2017-12-15,0.4484245,0
D10117719547,-33.48418446,148.99509455,685363.5707104487,6293253.289767932,1948.5352984907497,far-field,D20171215,2017-12-15,0.7026605,0
D10117719552,-33.48413933,148.99490248,685345.8188822551,6293258.63747098,1953.5640140500009,far-field,D20171215,2017-12-15,0.62009513,0
D10117719553,-33.48413015,148.99486342,685342.2088134072,6293259.725238984,1954.6068462466721,far-field,D20171215,2017-12-15,0.7364001,0
D10117719557,-33.48409276,148.99470438,685327.5097695403,6293264.155596463,1958.9234378367316,far-field,D20171215,2017-12-15,0.87106127,1
D10117719558,-33.48408347,148.99466486,685323.8571860368,6293265.256377241,1960.0131272102842,far-field,D20171215,2017-12-15,0.6629756,0
D10117719565,-33.48402098,148.99439888,685299.2742454556,6293272.661098098,1967.519921415936,far-field,D20171215,2017-12-15,0.6538347,0
D10117719572,-33.48395526,148.99411935,685273.4390216738,6293280.448133223,1975.7430653486679,far-field,D20171215,2017-12-15,0.414239,0
D10117819039,-33.48923475,149.0160191,687297.1010803343,6292655.668267883,2264.0088554737913,far-field,D20171215,2017-12-15,0.1724138,0
D10117819040,-33.48922572,149.01598064,687293.5468446157,6292656.739069203,2261.9589897912642,far-field,D20171215,2017-12-15,0.49940547,0
D10117819044,-33.48918979,149.01582759,687279.4028918494,6292660.999765167,2253.843390664607,far-field,D20171215,2017-12-15,0.6319114,0
D10117819452,-33.485152,148.99865215,685692.0931579038,6293139.63490096,1871.797646269562,far-field,D20171215,2017-12-15,0.06941141,0
D10117819453,-33.48514334,148.99861526,685688.6836992556,6293140.661254469,1872.1286002396503,far-field,D20171215,2017-12-15,0.6375595,0
D10117819454,-33.48513464,148.99857823,685685.2613160572,6293141.692293024,1872.468338232277,far-field,D20171215,2017-12-15,0.12009513,0
D10117819455,-33.48512597,148.99854131,685681.8490897368,6293142.719806677,1872.813341729917,far-field,D20171215,2017-12-15,0.27184898,0
D10117819456,-33.48511732,148.99850449,685678.4461124111,6293143.744922284,1873.1644786571715,far-field,D20171215,2017-12-15,0.09661118,0
D10117819457,-33.48510868,148.99846771,685675.0468300232,6293144.768856147,1873.521832132302,far-field,D20171215,2017-12-15,0.10233353,0
D10117819460,-33.48508283,148.99835762,685664.8720604,6293147.832440469,1874.629995351833,far-field,D20171215,2017-12-15,0.780544,1
D10117819461,-33.48507416,148.99832068,685661.4579716705,6293148.8599824915,1875.0147599901475,far-field,D20171215,2017-12-15,0.15279429,0
D10117819476,-33.48494374,148.99776539,685610.1367720636,6293164.316123205,1881.6132031417735,far-field,D20171215,2017-12-15,0.8324911,1
D10117819477,-33.48493486,148.99772758,685606.6422772887,6293165.3684891425,1882.1171059487472,far-field,D20171215,2017-12-15,0.46886146,0
D10117819478,-33.48492597,148.99768977,685603.1478031615,6293166.421962736,1882.6290467040178,far-field,D20171215,2017-12-15,0.45697087,0
D10117819479,-33.48491709,148.99765196,685599.6533070067,6293167.474326075,1883.146820980557,far-field,D20171215,2017-12-15,0.4648484,0
D10117819480,-33.48490817,148.99761397,685596.1421692425,6293168.531445799,1883.6737865687537,far-field,D20171215,2017-12-15,0.18772295,0
D10117819481,-33.48489925,148.99757603,685592.6356769691,6293169.588474803,1884.2083237889144,far-field,D20171215,2017-12-15,0.4794887,0
D10117819482,-33.48489037,148.9975382,685589.1393202565,6293170.640869991,1884.7466884074001,far-field,D20171215,2017-12-15,0.4466409,0
D10117819484,-33.48487266,148.99746282,685582.1725167294,6293172.739611047,1885.8417803090078,far-field,D20171215,2017-12-15,0.048008323,0
D10117819485,-33.48486379,148.99742508,685578.6844997518,6293173.790732466,1886.4007128940718,far-field,D20171215,2017-12-15,0.07840369,0
D10117819489,-33.48482837,148.9972743,685564.749023227,6293177.988229653,1888.7002789231758,far-field,D20171215,2017-12-15,0.3567925,0
D10117819490,-33.48481959,148.9972369,685561.2924048911,6293179.02875616,1889.2869598032146,far-field,D20171215,2017-12-15,0.45600477,0
D10117819491,-33.48481083,148.99719961,685557.8459648334,6293180.066866828,1889.879239430135,far-field,D20171215,2017-12-15,0.194783,0
D10117819493,-33.48479355,148.99712607,685551.0492114892,6293182.114610253,1891.0672864339808,far-field,D20171215,2017-12-15,0.7358056,0
D10117819495,-33.48477677,148.99705457,685544.4409535483,6293184.103254259,1892.2449091542107,far-field,D20171215,2017-12-15,0.3046968,0
D10117819496,-33.48476872,148.99702026,685541.2699087132,6293185.057295915,1892.8184483328716,far-field,D20171215,2017-12-15,0.41966408,0
D10117819497,-33.48476083,148.99698664,685538.1626394663,6293185.9923598,1893.3861104743196,far-field,D20171215,2017-12-15,0.5638377,0
D10117819498,-33.48475276,148.99695225,685534.9842022584,6293186.948760249,1893.9722707335711,far-field,D20171215,2017-12-15,0.37165576,0
D10117819500,-33.48473662,148.99688349,685528.6291846067,6293188.861522166,1895.1616532948826,far-field,D20171215,2017-12-15,0.007134364,0
D10117819501,-33.48472869,148.99684967,685525.5034136833,6293189.801375177,1895.7539618986275,far-field,D20171215,2017-12-15,0.064283594,0
D10117819506,-33.48468944,148.99668236,685510.0400314815,6293194.453067185,1898.7661405808337,far-field,D20171215,2017-12-15,0.16981272,0
D10117819507,-33.48468187,148.99665008,685507.0565923294,6293195.3502392545,1899.3622425231447,far-field,D20171215,2017-12-15,0.26843044,0
D10117819511,-33.48465078,148.99651755,685494.8076874223,6293199.034837548,1901.8622827728263,far-field,D20171215,2017-12-15,0.3508472,0
D10117819515,-33.48461745,148.99637557,685481.6854190646,6293202.984713038,1904.6347995512058,far-field,D20171215,2017-12-15,0.5835315,0
D10117819517,-33.48460039,148.99630293,685474.9717989191,6293205.006396083,1906.0906579841762,far-field,D20171215,2017-12-15,0.46514565,0
D10117819524,-33.48452996,148.99600354,685447.3014424889,6293213.351717701,1912.363523407839,far-field,D20171215,2017-12-15,0.5729043,0
D10117819525,-33.48451936,148.9959585,685443.1387414514,6293214.607680643,1913.3437058364343,far-field,D20171215,2017-12-15,0.2007283,0
D10117819526,-33.48450862,148.99591285,685438.9196542057,6293215.880256927,1914.3463319513542,far-field,D20171215,2017-12-15,0.14239001,0
D10117819530,-33.48446616,148.99573244,685422.2457331221,6293220.911183091,1918.4043385910284,far-field,D20171215,2017-12-15,0.43504757,0
D10117819531,-33.48445596,148.99568911,685418.2410737781,6293222.119722011,1919.4014644952547,far-field,D20171215,2017-12-15,0.63703924,0
D10117819533,-33.48443718,148.99560919,685410.8546080012,6293224.345104313,1921.2594403775927,far-field,D20171215,2017-12-15,0.38830262,0
D10117819534,-33.48442783,148.99556944,685407.1808027689,6293225.452982347,1922.1954406333916,far-field,D20171215,2017-12-15,0.7024376,0
D10117819539,-33.48438135,148.99537171,685388.9059723685,6293230.960587361,1926.9548556771895,far-field,D20171215,2017-12-15,0.18370987,0
D10117819540,-33.48437193,148.99533162,685385.2007175212,6293232.076826754,1927.9410058392627,far-field,D20171215,2017-12-15,0.49234542,0
D10117819541,-33.48436244,148.99529127,685381.4714507875,6293233.201291734,1928.94186788738,far-field,D20171215,2017-12-15,0.27660522,0
D10117819543,-33.48434328,148.99520977,685373.9389591633,6293235.471607199,1930.9849068375431,far-field,D20171215,2017-12-15,0.37336504,0
D10117819546,-33.48431538,148.99509108,685362.9692360599,6293238.777559269,1934.013251136577,far-field,D20171215,2017-12-15,0.80811536,1
D10117819547,-33.48430657,148.9950536,685359.5052082528,6293239.821481224,1934.9826184700485,far-field,D20171215,2017-12-15,0.83234245,1
D10117819551,-33.48427107,148.99490248,685345.5381350543,6293244.028131908,1938.9522307019636,far-field,D20171215,2017-12-15,0.6313912,0
D10117819556,-33.48422501,148.99470652,685327.4268221266,6293249.485880531,1944.2535084098595,far-field,D20171215,2017-12-15,0.9099287,1
D10117819565,-33.48414289,148.99435711,685295.133056731,6293259.216431188,1954.1237385989214,far-field,D20171215,2017-12-15,0.21633472,0
D10117819566,-33.48413394,148.99431899,685291.6098421919,6293260.27699598,1955.2317279764354,far-field,D20171215,2017-12-15,0.064283594,0
D10117819572,-33.48407684,148.99407617,685269.1675464931,6293267.042569052,1962.4466299042524,far-field,D20171215,2017-12-15,0.07862663,0
D10117919449,-33.48529539,148.998702,685696.4192301155,6293123.644427189,1857.002175278932,far-field,D20171215,2017-12-15,0.010850178,0
D10117919453,-33.48526143,148.99855738,685683.0531591435,6293127.669172496,1858.2840357527655,far-field,D20171215,2017-12-15,0.018281808,0
D10117919454,-33.48525294,148.99852123,685679.7121044402,6293128.675346905,1858.6208214249802,far-field,D20171215,2017-12-15,0.12626338,0
D10117919455,-33.48524446,148.99848509,685676.3719569893,6293129.680393282,1858.9631624314466,far-field,D20171215,2017-12-15,0.016498215,0
D10117919456,-33.48523597,148.99844896,685673.0327594883,6293130.686529535,1859.3132345989,far-field,D20171215,2017-12-15,0.8956599,1
D10117919457,-33.48522749,148.99841282,685669.6926107758,6293131.691573536,1859.6685293066046,far-field,D20171215,2017-12-15,0.20050535,0
D10117919462,-33.48518507,148.99823215,685652.9946881486,6293136.718939966,1861.544642281909,far-field,D20171215,2017-12-15,0.41364446,0
D10117919463,-33.48517655,148.99819586,685649.640682516,6293137.728680956,1861.9408816764712,far-field,D20171215,2017-12-15,0.7442033,0
D10117919466,-33.48514989,148.99808241,685639.1554201146,6293140.888073426,1863.2242367266003,far-field,D20171215,2017-12-15,0.1021849,0
D10117919480,-33.48502493,148.99755049,685589.9942097515,6293155.696819374,1870.0806643174649,far-field,D20171215,2017-12-15,0.41542807,0
D10117919482,-33.4850068,148.99747334,685582.8638387873,6293157.845302463,1871.190634172272,far-field,D20171215,2017-12-15,0.29934603,0
D10117919483,-33.48499777,148.99743492,685579.3129807094,6293158.915383497,1871.7543497244742,far-field,D20171215,2017-12-15,0.8391796,1
D10117919484,-33.48498878,148.99739663,685575.7741166432,6293159.980794938,1872.3222557341594,far-field,D20171215,2017-12-15,0.06822235,0
D10117919486,-33.4849712,148.9973218,685568.8581493509,6293162.064126843,1873.4538564653155,far-field,D20171215,2017-12-15,0.68311536,0
D10117919488,-33.48495382,148.9972478,685562.0188792944,6293164.123790678,1874.5990460305643,far-field,D20171215,2017-12-15,0.6258918,0
D10117919489,-33.48494509,148.99721063,685558.5835315892,6293165.158360468,1875.1842789987672,far-field,D20171215,2017-12-15,0.14952438,0
D10117919490,-33.48493633,148.99717336,685555.1389548463,6293166.1964346375,1875.7785100296767,far-field,D20171215,2017-12-15,0.0529132,0
D10117919491,-33.48492755,148.99713597,685551.6832692558,6293167.236939982,1876.3804898729218,far-field,D20171215,2017-12-15,0.11853448,0
D10117919492,-33.48491874,148.99709848,685548.2183546253,6293168.280949684,1876.991570499702,far-field,D20171215,2017-12-15,0.2596611,0
D10117919493,-33.48491055,148.99706355,685544.9900013666,6293169.251626551,1877.5649884203835,far-field,D20171215,2017-12-15,0.09497622,0
D10117919505,-33.484815,148.99665634,685507.354333191,6293180.575559907,1884.6897708935603,far-field,D20171215,2017-12-15,0.3353151,0
D10117919506,-33.48480744,148.99662411,685504.3755230986,6293181.471533023,1885.287229789697,far-field,D20171215,2017-12-15,0.33405173,0
D10117919507,-33.48479967,148.99659099,685501.3144581894,6293182.392383865,1885.9064708292883,far-field,D20171215,2017-12-15,0.059007134,0
D10117919508,-33.48479207,148.99655858,685498.3190061031,6293183.293112578,1886.5171030649499,far-field,D20171215,2017-12-15,0.40227407,0
D10117919509,-33.48478426,148.99652528,685495.2412991661,6293184.2187189525,1887.149840593943,far-field,D20171215,2017-12-15,0.35196194,0
D10117919510,-33.48477629,148.99649131,685492.1016739506,6293185.163264964,1887.8010435753706,far-field,D20171215,2017-12-15,0.46648335,0
D10117919512,-33.48476041,148.99642364,685485.8473833255,6293187.045217607,1889.1149295206978,far-field,D20171215,2017-12-15,0.23305589,0
D10117919515,-33.48473603,148.99631977,685476.2473724663,6293189.934466402,1891.1743316142752,far-field,D20171215,2017-12-15,0.32557967,0
D10117919517,-33.48471939,148.99624887,685469.6945526834,6293191.906460743,1892.6090952591626,far-field,D20171215,2017-12-15,0.60277945,0
D10117919520,-33.48468998,148.99612382,685458.1371297685,6293195.391341634,1895.2040017067961,far-field,D20171215,2017-12-15,0.06629013,0
D10117919522,-33.48467018,148.99603962,685450.3551525541,6293197.737516375,1896.9922043728661,far-field,D20171215,2017-12-15,0.101664685,0
D10117919523,-33.48466038,148.99599797,685446.5057652248,6293198.898707775,1897.8896361340157,far-field,D20171215,2017-12-15,0.05283888,0
D10117919525,-33.48463958,148.99590958,685438.3365634775,6293201.363254185,1899.8212160878863,far-field,D20171215,2017-12-15,0.21217301,0
D10117919526,-33.48462898,148.99586451,685434.1710790945,6293202.619267054,1900.8194597651493,far-field,D20171215,2017-12-15,0.5413942,0
D10117919530,-33.48458634,148.99568335,685417.4278702307,6293207.671486979,1904.9305361382455,far-field,D20171215,2017-12-15,0.9702735,1
D10117919531,-33.4845767,148.99564238,685413.6413229792,6293208.813706888,1905.8809343502928,far-field,D20171215,2017-12-15,0.3502527,0
D10117919534,-33.48454801,148.99552034,685402.362030017,6293212.21329747,1908.7548934110075,far-field,D20171215,2017-12-15,0.86273783,1
D10117919536,-33.48452907,148.99543977,685394.9155095086,6293214.457572104,1910.6895855901862,far-field,D20171215,2017-12-15,0.5840517,0
D10117919537,-33.48451984,148.9954005,685391.2860544715,6293215.5512793735,1911.6431614063351,far-field,D20171215,2017-12-15,0.67040724,0
D10117919538,-33.48451089,148.9953624,685387.7647230832,6293216.611844774,1912.5744965091365,far-field,D20171215,2017-12-15,0.8883026,1
D10117919541,-33.48448389,148.9952475,685377.145289924,6293219.8112389725,1915.4241783798261,far-field,D20171215,2017-12-15,0.5705262,0
D10117919543,-33.48446549,148.99516924,685369.9122626879,6293221.991484581,1917.4005346903612,far-field,D20171215,2017-12-15,0.54585314,0
D10117919544,-33.48445628,148.99513004,685366.2892645801,6293223.082839264,1918.400179314868,far-field,D20171215,2017-12-15,0.8012039,1
D10117919545,-33.48444742,148.99509232,685362.8030475847,6293224.1327360775,1919.3683792110144,far-field,D20171215,2017-12-15,0.5597503,0
D10117919546,-33.48443856,148.99505461,685359.3177591432,6293225.182613737,1920.3429938879872,far-field,D20171215,2017-12-15,0.7493312,0
D10117919548,-33.48442083,148.99497916,685352.3444137817,6293227.283527703,1922.3125298791433,far-field,D20171215,2017-12-15,0.19403984,0
D10117919551,-33.48439436,148.99486647,685341.9291924568,6293230.420160973,1925.300491148581,far-field,D20171215,2017-12-15,0.43668252,0
D10117919552,-33.48438526,148.99482778,685338.3533455709,6293231.498395694,1926.340777201924,far-field,D20171215,2017-12-15,0.8342004,1
D10117919553,-33.48437611,148.99478884,685334.7543734409,6293232.582620224,1927.3935484797453,far-field,D20171215,2017-12-15,0.7016201,0
D10117919559,-33.48431992,148.99454981,685312.6624118085,6293239.2406166755,1934.0059717839897,far-field,D20171215,2017-12-15,0.7080856,0
D10117919561,-33.48430121,148.99447022,685305.3064292884,6293241.457564643,1936.2637525957484,far-field,D20171215,2017-12-15,0.17850773,0
D10117919593,-33.48400615,148.99321492,685189.2867890999,6293276.41873372,1975.4829276404103,far-field,D20171215,2017-12-15,0.2969679,0
D10118019448,-33.48542179,148.99867952,685694.0604266443,6293109.667473821,1842.8373939606513,far-field,D20171215,2017-12-15,0.007654578,0
D10118019449,-33.4854133,148.99864335,685690.717520766,6293110.673688173,1843.1468889209348,far-field,D20171215,2017-12-15,0.01820749,0
D10118019453,-33.48537934,148.99849874,685677.352395552,6293114.698408451,1844.4515525219163,far-field,D20171215,2017-12-15,0.071046375,0
D10118019454,-33.48537086,148.9984626,685674.0122528622,6293115.703454232,1844.793181054994,far-field,D20171215,2017-12-15,0.44738406,0
D10118019455,-33.48536237,148.99842646,685670.6721308886,6293116.709607781,1845.1424317305782,far-field,D20171215,2017-12-15,0.0013376932,0
D10118019457,-33.4853454,148.9983542,685663.9937221687,6293118.720766582,1845.8597264433954,far-field,D20171215,2017-12-15,0.8116082,1
D10118019458,-33.48533692,148.99831807,685660.6545061909,6293119.725789721,1846.227601280843,far-field,D20171215,2017-12-15,0.033516645,0
D10118019460,-33.48531995,148.99824581,685653.9760936818,6293121.736941397,1846.9839737457326,far-field,D20171215,2017-12-15,0.6359245,0
D10118019462,-33.48530302,148.99817367,685647.3087440714,6293123.743437866,1847.7637433856794,far-field,D20171215,2017-12-15,0.2527497,0
D10118019487,-33.48507936,148.99722168,685559.3238605269,6293150.248691047,1860.492211155879,far-field,D20171215,2017-12-15,0.7398187,0
D10118019488,-33.4850708,148.99718524,685555.9559891549,6293151.263102807,1861.06770999076,far-field,D20171215,2017-12-15,0.05105529,0
D10118019489,-33.48506222,148.9971487,685552.5788674512,6293152.279910042,1861.6508961003433,far-field,D20171215,2017-12-15,0.7016201,0
D10118019490,-33.48505361,148.99711205,685549.1915875127,6293153.300239574,1862.2428228816377,far-field,D20171215,2017-12-15,0.2554251,0
D10118019491,-33.48504508,148.99707573,685545.8348010369,6293154.311106319,1862.8355876757125,far-field,D20171215,2017-12-15,0.055365637,0
D10118019492,-33.48503675,148.99704023,685542.5537846017,6293155.298326915,1863.4203412292477,far-field,D20171215,2017-12-15,0.34973246,0
D10118019493,-33.48502844,148.99700484,685539.2829464828,6293156.283131821,1864.0100093376916,far-field,D20171215,2017-12-15,0.34044293,0
D10118019495,-33.48501204,148.99693496,685532.8244303801,6293158.226732435,1865.1912132879418,far-field,D20171215,2017-12-15,0.4134215,0
D10118019496,-33.48500378,148.9968998,685529.5748562384,6293159.205578053,1865.7953933940482,far-field,D20171215,2017-12-15,0.05685196,0
D10118019498,-33.48498734,148.99682976,685523.1015541314,6293161.153893796,1867.0151698882732,far-field,D20171215,2017-12-15,0.15108502,0
D10118019502,-33.48495633,148.99669755,685510.8822634453,6293164.829071229,1869.3795964131818,far-field,D20171215,2017-12-15,0.7217598,0
D10118019503,-33.48494861,148.99666462,685507.8387532842,6293165.744040059,1869.981172296926,far-field,D20171215,2017-12-15,0.18735136,0
D10118019505,-33.48493323,148.99659905,685501.7785512942,6293167.566802733,1871.1954048507423,far-field,D20171215,2017-12-15,0.3157699,0
D10118019506,-33.48492554,148.99656625,685498.7470556672,6293168.478209413,1871.8101409714177,far-field,D20171215,2017-12-15,0.28767836,0
D10118019507,-33.48491754,148.99653215,685495.5954198684,6293169.426316022,1872.4552771708998,far-field,D20171215,2017-12-15,0.032699168,0
D10118019508,-33.48490985,148.99649939,685492.5676401276,6293170.337649219,1873.0807814546815,far-field,D20171215,2017-12-15,0.24829073,0
D10118019511,-33.48488678,148.99640101,685483.4750054292,6293173.071821658,1874.9873966783769,far-field,D20171215,2017-12-15,0.06591855,0
D10118019512,-33.48487909,148.99636821,685480.4435066681,6293173.983222429,1875.6331422160429,far-field,D20171215,2017-12-15,0.2714774,0
D10118019513,-33.48487133,148.99633513,685477.3861380153,6293174.902885258,1876.290065216017,far-field,D20171215,2017-12-15,0.25156063,0
D10118019516,-33.48484668,148.99623011,685467.6798509478,6293177.824122807,1878.411611126895,far-field,D20171215,2017-12-15,0.5336653,0
D10118019517,-33.48483712,148.99618948,685463.9247438845,6293178.956884087,1879.2490100623806,far-field,D20171215,2017-12-15,0.4891498,0
D10118019520,-33.48480846,148.99606757,685452.6575167686,6293182.352976753,1881.8057019113635,far-field,D20171215,2017-12-15,0.09103745,0
D10118019522,-33.48478905,148.99598505,685445.0308297514,6293184.652896689,1883.5771934526776,far-field,D20171215,2017-12-15,0.8321195,1
D10118019526,-33.48474889,148.9958143,685429.2497074333,6293189.411518905,1887.3438787733412,far-field,D20171215,2017-12-15,0.09571938,0
D10118019527,-33.48473883,148.99577154,685425.2977303052,6293190.603517744,1888.3088226260704,far-field,D20171215,2017-12-15,0.20184304,0
D10118019528,-33.48472836,148.99572703,685421.1840095727,6293191.844108319,1889.3221220589992,far-field,D20171215,2017-12-15,0.71455115,0
D10118019532,-33.4846889,148.99555928,685405.6801455063,6293196.519704791,1893.2238585485618,far-field,D20171215,2017-12-15,0.28492865,0
D10118019538,-33.48463266,148.99532002,685383.5670411051,6293203.183825286,1899.0093050972102,far-field,D20171215,2017-12-15,0.7578775,1
D10118019539,-33.48462379,148.99528229,685380.0799250309,6293204.234855581,1899.9457919659974,far-field,D20171215,2017-12-15,0.31309453,0
D10118019542,-33.48459721,148.99516914,685369.6222256918,6293207.384540401,1902.7910051411588,far-field,D20171215,2017-12-15,0.2468044,0
D10118019544,-33.48457949,148.99509371,685362.6507324398,6293209.484317858,1904.7202394432059,far-field,D20171215,2017-12-15,0.32639715,0
D10118019549,-33.48453519,148.99490518,685345.2261688644,6293214.733658496,1909.6562013431358,far-field,D20171215,2017-12-15,0.23640011,0
D10118019552,-33.48450894,148.9947934,685334.8950517247,6293217.844262751,1912.6567516372506,far-field,D20171215,2017-12-15,0.7499257,0
D10118019553,-33.48450014,148.99475596,685331.434724871,6293218.886994479,1913.675169169008,far-field,D20171215,2017-12-15,0.7445006,0
D10118019554,-33.4844913,148.99471831,685327.9549685067,6293219.934535712,1914.704592497166,far-field,D20171215,2017-12-15,0.61563617,0
D10118019555,-33.48448239,148.99468042,685324.4530588244,6293220.990266852,1915.7484913291885,far-field,D20171215,2017-12-15,0.9653686,1
D10118019556,-33.48447343,148.99464228,685320.9280239472,6293222.051987821,1916.8047762840122,far-field,D20171215,2017-12-15,0.05269025,0
D10118019557,-33.48446458,148.99460459,685317.444569855,6293223.1007055305,1917.8544928679173,far-field,D20171215,2017-12-15,0.5761742,0
D10118019559,-33.48444565,148.99452409,685310.0045085442,6293225.343679441,1920.1207598134351,far-field,D20171215,2017-12-15,0.73974437,0
D10118019562,-33.48441707,148.99440252,685298.7686069977,6293228.730108805,1923.5968073604708,far-field,D20171215,2017-12-15,0.46009216,0
D10118019563,-33.48440737,148.99436127,685294.9561492499,6293229.879434723,1924.79137232645,far-field,D20171215,2017-12-15,0.36370394,0
D10118019564,-33.48439787,148.99432088,685291.223179419,6293231.005044769,1925.9685372352196,far-field,D20171215,2017-12-15,0.8581302,1
D10118019571,-33.48433412,148.99404962,685266.1523522005,6293238.55883819,1934.0536854589152,far-field,D20171215,2017-12-15,0.7458383,0
D10118019572,-33.48432464,148.99400932,685262.4276968659,6293239.682058236,1935.2831897889644,far-field,D20171215,2017-12-15,0.04785969,0
D10118019583,-33.48421912,148.99356057,685220.9526390529,6293252.184616968,1949.441468670946,far-field,D20171215,2017-12-15,0.12633769,0
D10118119047,-33.48953216,149.01560249,687257.7493981032,6292623.438540746,2213.14425611995,far-field,D20171215,2017-12-15,0.21469976,0
D10118119447,-33.48554862,148.99865886,685691.8698302723,6293095.639578682,1828.657110873221,far-field,D20171215,2017-12-15,0.072012484,0
D10118119448,-33.48554026,148.99862322,685688.5759008663,6293096.63042788,1828.9601184879882,far-field,D20171215,2017-12-15,0.14952438,0
D10118119449,-33.48553187,148.99858748,685685.2727425892,6293097.6247816915,1829.2711336766163,far-field,D20171215,2017-12-15,0.24019025,0
D10118119454,-33.48548976,148.99840814,685668.6978127152,6293102.615421468,1830.9301606103418,far-field,D20171215,2017-12-15,0.2016201,0
D10118119456,-33.48547278,148.99833582,685662.0138596175,6293104.627795635,1831.644902000805,far-field,D20171215,2017-12-15,0.13845125,0
D10118119457,-33.48546422,148.99829936,685658.6441546031,6293105.642280251,1832.0151663468048,far-field,D20171215,2017-12-15,0.34282103,0
D10118119458,-33.48545561,148.99826269,685655.2550418131,6293106.662684066,1832.3943796905658,far-field,D20171215,2017-12-15,0.027719976,0
D10118119459,-33.48544695,148.99822582,685651.8474504723,6293107.688989175,1832.7828047989465,far-field,D20171215,2017-12-15,0.24561533,0
D10118119467,-33.48538032,148.99794197,685625.6134173835,6293115.585642887,1835.9969159161087,far-field,D20171215,2017-12-15,0.5415428,0
D10118119488,-33.48518841,148.99712532,685550.1370877741,6293138.327827911,1847.5030955590123,far-field,D20171215,2017-12-15,0.16579965,0
D10118119490,-33.48517151,148.99705334,685543.4845131473,6293140.3306382485,1848.6733253943842,far-field,D20171215,2017-12-15,0.42887932,0
D10118119492,-33.4851545,148.99698093,685536.7922135874,6293142.34641103,1849.8771190869045,far-field,D20171215,2017-12-15,0.08509215,0
D10118119493,-33.48514598,148.99694464,685533.4381963621,6293143.356111007,1850.4895146220429,far-field,D20171215,2017-12-15,0.125,0
D10118119497,-33.48511271,148.99680293,685520.3409793822,6293147.298907025,1852.942336267241,far-field,D20171215,2017-12-15,0.5455559,0
D10118119498,-33.48510498,148.99676995,685517.2928507456,6293148.215077465,1853.5257647263504,far-field,D20171215,2017-12-15,0.38859987,0
D10118119503,-33.48506654,148.99660607,685502.1465338211,6293152.7708038,1856.506269965916,far-field,D20171215,2017-12-15,0.45734245,0
D10118119504,-33.48505882,148.99657313,685499.1020976666,6293153.685787891,1857.120317212709,far-field,D20171215,2017-12-15,0.091409035,0
D10118119505,-33.48505123,148.99654079,685496.1131378643,6293154.585282277,1857.7294477759813,far-field,D20171215,2017-12-15,0.4411415,0
D10118119506,-33.4850433,148.99650697,685492.9873758123,6293155.5251251515,1858.3710352899486,far-field,D20171215,2017-12-15,0.062202733,0
D10118119507,-33.48503541,148.99647336,685489.8810418505,6293156.460155871,1859.0151182790785,far-field,D20171215,2017-12-15,0.05469679,0
D10118119511,-33.48500385,148.99633882,685477.4464081891,6293160.200447172,1861.6451312288787,far-field,D20171215,2017-12-15,0.7312723,0
D10118119513,-33.48498819,148.99627207,685471.2771524637,6293162.056349985,1862.9823981566137,far-field,D20171215,2017-12-15,0.5527646,0
D10118119514,-33.48497999,148.99623715,685468.0497458014,6293163.02809196,1863.6913067142173,far-field,D20171215,2017-12-15,0.23513675,0
D10118119518,-33.48494479,148.9960873,685454.2001971336,6293167.19936932,1866.8007351207323,far-field,D20171215,2017-12-15,0.31272295,0
D10118119521,-33.48491734,148.99597051,685443.4061707485,6293170.452119946,1869.2999205830897,far-field,D20171215,2017-12-15,0.3015755,0
D10118119526,-33.48487006,148.99576938,685424.817228204,6293176.054589862,1873.7558143418585,far-field,D20171215,2017-12-15,0.06190547,0
D10118119527,-33.48486025,148.99572769,685420.9641516795,6293177.216951767,1874.7043471779295,far-field,D20171215,2017-12-15,0.3247622,0
D10118119532,-33.48481122,148.9955192,685401.6949968409,6293183.02659113,1879.5667657903568,far-field,D20171215,2017-12-15,0.3353894,0
D10118119535,-33.48478247,148.99539691,685390.3926283661,6293186.433269272,1882.5121247442112,far-field,D20171215,2017-12-15,0.64811236,0
D10118119539,-33.48474701,148.99524598,685376.4432152067,6293190.635193797,1886.2402061814637,far-field,D20171215,2017-12-15,0.029800832,0
D10118119541,-33.48472929,148.99517058,685369.4745232388,6293192.734923246,1888.1425659566298,far-field,D20171215,2017-12-15,0.51025563,0
D10118119542,-33.48472053,148.99513325,685366.0243449323,6293193.773035708,1889.0926308446428,far-field,D20171215,2017-12-15,0.63807964,0
D10118119544,-33.48470311,148.99505911,685359.1720936093,6293195.837238641,1891.0009063471964,far-field,D20171215,2017-12-15,0.18958086,0
D10118119545,-33.48469436,148.99502188,685355.7311843727,6293196.87405978,1891.96891086232,far-field,D20171215,2017-12-15,0.08642984,0
D10118119546,-33.48468559,148.99498455,685352.2810246961,6293197.913276143,1892.945478815657,far-field,D20171215,2017-12-15,0.66156363,0
D10118119550,-33.48465052,148.99483523,685338.4803579422,6293202.069019965,1896.914047995724,far-field,D20171215,2017-12-15,0.7364001,0
D10118119551,-33.48464192,148.99479861,685335.0958086551,6293203.088109991,1897.9026800074325,far-field,D20171215,2017-12-15,0.012782402,0
D10118119552,-33.48463334,148.99476209,685331.7205084972,6293204.104802332,1898.8950374852602,far-field,D20171215,2017-12-15,0.514343,0
D10118119553,-33.48462479,148.99472567,685328.3544361689,6293205.1179880425,1899.889952415464,far-field,D20171215,2017-12-15,0.66631985,0
D10118119556,-33.48459923,148.99461683,685318.2950516575,6293208.146807464,1902.8997713313322,far-field,D20171215,2017-12-15,0.06458086,0
D10118119557,-33.48459046,148.9945795,685314.8448846695,6293209.186010072,1903.944711498337,far-field,D20171215,2017-12-15,0.1268579,0
D10118119561,-33.48455234,148.9944174,685299.8631174101,6293213.702745559,1908.5586333155734,far-field,D20171215,2017-12-15,0.783591,1
D10118119562,-33.48454282,148.99437688,685296.1181169249,6293214.830807815,1909.7292785533111,far-field,D20171215,2017-12-15,0.54511,0
D10118119563,-33.48453329,148.99433636,685292.3731369483,6293215.959977532,1910.9083190936574,far-field,D20171215,2017-12-15,0.10976516,0
D10118119564,-33.48452367,148.99429544,685288.5911782802,6293217.099840403,1912.105927974049,far-field,D20171215,2017-12-15,0.787827,1
D10118119565,-33.48451429,148.99425557,685284.9062778149,6293218.211212482,1913.280686566494,far-field,D20171215,2017-12-15,0.3435642,0
D10118119566,-33.48450495,148.99421582,685281.2324422579,6293219.317933094,1914.4575889683429,far-field,D20171215,2017-12-15,0.44359395,0
D10118119567,-33.48449563,148.99417618,685277.5687849883,6293220.4222380025,1915.6388142453484,far-field,D20171215,2017-12-15,0.5121136,0
D10118119568,-33.48448634,148.99413667,685273.9171431806,6293221.522982569,1916.8231036404757,far-field,D20171215,2017-12-15,0.18720274,0
D10118119569,-33.48447708,148.99409726,685270.2747291294,6293222.620220359,1918.010502154872,far-field,D20171215,2017-12-15,0.8250595,1
D10118119571,-33.48445856,148.99401846,685262.9917572559,6293224.814656001,1920.405608328293,far-field,D20171215,2017-12-15,0.7391498,0
D10118119572,-33.48444887,148.99397725,685259.1829933928,6293225.9627873255,1921.6694848672098,far-field,D20171215,2017-12-15,0.29325208,0
D10118119575,-33.48441958,148.99385275,685247.6763214127,6293229.433121745,1925.5343775647607,far-field,D20171215,2017-12-15,0.11251486,0
D10118119576,-33.48440975,148.99381095,685243.8130271527,6293230.597825191,1926.846623374161,far-field,D20171215,2017-12-15,0.25713438,0
D10118119577,-33.48439989,148.99376902,685239.9377157947,6293231.766085918,1928.1704717320274,far-field,D20171215,2017-12-15,0.36429846,0
D10118119578,-33.48439019,148.99372776,685236.1243220461,6293232.915406078,1929.4802956503881,far-field,D20171215,2017-12-15,0.8747771,1
D10118119579,-33.48438039,148.99368609,685232.2730415128,6293234.076545911,1930.8109701497565,far-field,D20171215,2017-12-15,0.13436386,0
D10118119583,-33.48434222,148.99352378,685217.271796552,6293238.599069161,1936.0648123747417,far-field,D20171215,2017-12-15,0.84884065,1
D10118119649,-33.48369362,148.99076631,684962.41532958,6293315.442930682,2041.7060639374288,far-field,D20171215,2017-12-15,0.8198573,1
D10118219044,-33.48968407,149.01568835,687265.4002864102,6292606.437416407,2208.2494365805605,far-field,D20171215,2017-12-15,0.4155767,0
D10118219046,-33.48966551,149.01560934,687258.0987217871,6292608.638215,2203.9930422366933,far-field,D20171215,2017-12-15,0.56591856,0
D10118219447,-33.48566745,148.99860409,685686.5267174211,6293082.559872091,1814.7655910231892,far-field,D20171215,2017-12-15,0.6227705,0
D10118219448,-33.48565923,148.99856905,685683.2882470284,6293083.534120875,1815.0683172813294,far-field,D20171215,2017-12-15,0.13674198,0
D10118219449,-33.48565099,148.99853394,685680.0433141359,6293084.510711681,1815.3783058267927,far-field,D20171215,2017-12-15,0.24925683,0
D10118219456,-33.48559387,148.99829058,685657.5515162731,6293091.28040352,1817.6997349187611,far-field,D20171215,2017-12-15,0.16446196,0
D10118219457,-33.48558562,148.9982554,685654.3000953941,6293092.258219598,1818.0593826473857,far-field,D20171215,2017-12-15,0.1021849,0
D10118219458,-33.48557732,148.99822004,685651.0320545026,6293093.2419012915,1818.4280381285162,far-field,D20171215,2017-12-15,0.09765161,0
D10118219459,-33.48556889,148.99818417,685647.7168997503,6293094.240910482,1818.8096026183498,far-field,D20171215,2017-12-15,0.01701843,0
D10118219462,-33.48554334,148.99807533,685637.6576913479,6293097.268963806,1820.0040143755384,far-field,D20171215,2017-12-15,0.43534482,0
D10118219463,-33.48553486,148.99803923,685634.3212684966,6293098.273924412,1820.4140011921027,far-field,D20171215,2017-12-15,0.19567479,0
D10118219465,-33.48551798,148.99796733,685627.6761270929,6293100.274433891,1821.2491058423664,far-field,D20171215,2017-12-15,0.8428954,1
D10118219467,-33.48550022,148.9978917,685620.6862581444,6293102.379197454,1822.1561104031841,far-field,D20171215,2017-12-15,0.20176873,0
D10118219475,-33.48542273,148.99756218,685590.2315925665,6293111.561754732,1826.455191637502,far-field,D20171215,2017-12-15,0.030692628,0
D10118219493,-33.48526643,148.99689669,685528.7255640342,6293130.08448443,1836.765148904669,far-field,D20171215,2017-12-15,0.065472655,0
D10118219497,-33.48523373,148.99675734,685515.8464473081,6293133.959846209,1839.1975738642334,far-field,D20171215,2017-12-15,0.38800535,0
D10118219499,-33.48521754,148.99668837,685509.4720551425,6293135.878517141,1840.4372465999113,far-field,D20171215,2017-12-15,0.2760107,0
D10118219503,-33.48518558,148.99655217,685496.8840548866,6293139.666160217,1842.9522049205907,far-field,D20171215,2017-12-15,0.21343638,0
D10118219504,-33.48517745,148.99651751,685493.6806687204,6293140.629683884,1843.6062719840313,far-field,D20171215,2017-12-15,0.36333233,0
D10118219506,-33.4851608,148.99644661,685487.1279073675,6293142.602800779,1844.9645345151935,far-field,D20171215,2017-12-15,0.2861177,0
D10118219507,-33.48515247,148.99641111,685483.8468902706,6293143.590001343,1845.6530335760717,far-field,D20171215,2017-12-15,0.14068073,0
D10118219512,-33.48511235,148.99624016,685468.0471818368,6293148.344612677,1849.0545604417207,far-field,D20171215,2017-12-15,0.17308263,0
D10118219513,-33.48510416,148.99620527,685464.822545989,6293149.315191215,1849.766296531092,far-field,D20171215,2017-12-15,0.20280915,0
D10118219518,-33.48506244,148.99602755,685448.3971398177,6293154.259299362,1853.4826489434734,far-field,D20171215,2017-12-15,0.4622473,0
D10118219521,-33.48503576,148.995914,685437.9025573258,6293157.420865983,1855.9388800836475,far-field,D20171215,2017-12-15,0.5940101,0
D10118219528,-33.48497106,148.99563874,685412.462347243,6293165.087550819,1862.1500531178904,far-field,D20171215,2017-12-15,0.20310642,0
D10118219529,-33.48496185,148.99559955,685408.8403040488,6293166.178904848,1863.0633116267127,far-field,D20171215,2017-12-15,0.92367715,1
D10118219532,-33.48493387,148.99548052,685397.8392475429,6293169.494379846,1865.8821468750284,far-field,D20171215,2017-12-15,0.52400416,0
D10118219533,-33.48492432,148.99543988,685394.0831867708,6293170.626022657,1866.8594427937098,far-field,D20171215,2017-12-15,0.27177468,0
D10118219537,-33.48488811,148.99528579,685379.8417579533,6293174.916769171,1870.6350605233933,far-field,D20171215,2017-12-15,0.008026159,0
D10118219538,-33.48487915,148.99524766,685376.3176743585,6293175.978493588,1871.5863832517045,far-field,D20171215,2017-12-15,0.7795779,1
D10118219541,-33.48485269,148.99513503,685365.9080700076,6293179.113939619,1874.4351026580637,far-field,D20171215,2017-12-15,0.9068817,1
D10118219542,-33.48484418,148.99509881,685362.5605089397,6293180.122344837,1875.3637740562997,far-field,D20171215,2017-12-15,0.84022,1
D10118219546,-33.48480992,148.99495293,685349.0778033799,6293184.182136519,1879.1636387446524,far-field,D20171215,2017-12-15,0.6341409,0
D10118219549,-33.48478385,148.99484193,685338.8188177136,6293187.271392539,1882.1205498416,far-field,D20171215,2017-12-15,0.83234245,1
D10118219550,-33.48477505,148.99480448,685335.3575731847,6293188.314144076,1883.1313549369618,far-field,D20171215,2017-12-15,0.6725624,0
D10118219551,-33.48476628,148.99476714,685331.906485671,6293189.35337106,1884.1450943855666,far-field,D20171215,2017-12-15,0.105231866,0
D10118219552,-33.48475754,148.99472991,685328.4655551813,6293190.389073508,1885.1617018575537,far-field,D20171215,2017-12-15,0.2860434,0
D10118219553,-33.48474881,148.99469277,685325.032965861,6293191.423505039,1886.1833598336566,far-field,D20171215,2017-12-15,0.24026456,0
D10118219556,-33.48472269,148.99458157,685314.7554880001,6293194.518636642,1889.2776204183394,far-field,D20171215,2017-12-15,0.1268579,0
D10118219557,-33.48471339,148.99454199,685311.0973762152,6293195.620629868,1890.392787779883,far-field,D20171215,2017-12-15,0.45697087,0
D10118219561,-33.484676,148.99438296,685296.3993503207,6293200.050926163,1894.9470516927126,far-field,D20171215,2017-12-15,0.05402794,0
D10118219562,-33.4846667,148.99434339,685292.7421639774,6293201.152894387,1896.0974763259044,far-field,D20171215,2017-12-15,0.21172711,0
D10118219564,-33.4846481,148.99426426,685285.4287182532,6293203.356808709,1898.4192503830513,far-field,D20171215,2017-12-15,0.71016645,0
D10118219565,-33.4846388,148.99422468,685281.7706003964,6293204.458790511,1899.5906434772912,far-field,D20171215,2017-12-15,0.45637634,0
D10118219566,-33.48462949,148.9941851,685278.1125030855,6293205.56187984,1900.7701005948186,far-field,D20171215,2017-12-15,0.4752527,0
D10118219567,-33.48462019,148.99414551,685274.453454474,6293206.663876643,1901.9554322514427,far-field,D20171215,2017-12-15,0.4077735,0
D10118219568,-33.48461088,148.99410592,685270.7944264071,6293207.766980972,1903.1488053900011,far-field,D20171215,2017-12-15,0.9322979,1
D10118219570,-33.48459221,148.99402649,685263.4532435003,6293209.979176351,1905.5629705419722,far-field,D20171215,2017-12-15,0.576843,0
D10118219571,-33.48458276,148.9939863,685259.7387569541,6293211.098872674,1906.7954409002482,far-field,D20171215,2017-12-15,0.6447681,0
D10118219575,-33.48454462,148.99382411,685244.7486457276,6293215.617899869,1911.8414963813088,far-field,D20171215,2017-12-15,0.19545184,0
D10118219576,-33.48453517,148.99378391,685241.0332260053,6293216.737606639,1913.1095881104263,far-field,D20171215,2017-12-15,0.44589773,0
D10118219577,-33.48452541,148.9937424,685237.1967352112,6293217.894027408,1914.4266016852287,far-field,D20171215,2017-12-15,0.29585314,0
D10118219578,-33.48451552,148.99370038,685233.313129174,6293219.065773163,1915.7685251671571,far-field,D20171215,2017-12-15,0.4823127,0
D10118219596,-33.48434378,148.99296997,685165.8060886362,6293239.414205853,1940.2822099551381,far-field,D20171215,2017-12-15,0.24078478,0
D10118219597,-33.4843344,148.99293007,685162.1183805516,6293240.525583538,1941.6859600893688,far-field,D20171215,2017-12-15,0.057966705,0
D10118219599,-33.48431385,148.99284275,685154.0479821444,6293242.9602517765,1944.7835421789632,far-field,D20171215,2017-12-15,0.74063617,0
D10118219642,-33.48388145,148.9910049,684984.1867912905,6293294.188304033,2017.047025267483,far-field,D20171215,2017-12-15,0.48669738,0
D10118319033,-33.4899093,149.0160864,687301.9015600411,6292580.741980244,2220.69893705418,far-field,D20171215,2017-12-15,0.5971314,0
D10118319036,-33.48988286,149.01597376,687291.4921344022,6292583.877362171,2214.4611107500095,far-field,D20171215,2017-12-15,0.7022889,0
D10118319043,-33.48981924,149.01570283,687266.4546472378,6292591.4214905035,2199.6067402178487,far-field,D20171215,2017-12-15,0.50200653,0
D10118319448,-33.48577804,148.9985142,685677.937760313,6293070.456771142,1801.186201368071,far-field,D20171215,2017-12-15,0.10344828,0
D10118319449,-33.48576993,148.99847963,685674.7427322923,6293071.417977894,1801.495878156937,far-field,D20171215,2017-12-15,0.5971314,0
D10118319454,-33.48573105,148.99831389,685659.4247001706,6293076.026081579,1803.0653537863818,far-field,D20171215,2017-12-15,0.32446492,0
D10118319456,-33.48571557,148.99824788,685653.3239058597,6293077.860820005,1803.7290121259766,far-field,D20171215,2017-12-15,0.49390605,0
D10118319457,-33.48570786,148.998215,685650.2850592377,6293078.774637278,1804.067810585976,far-field,D20171215,2017-12-15,0.2608502,0
D10118319458,-33.48569939,148.99817892,685646.9504810887,6293079.778457889,1804.4469837814254,far-field,D20171215,2017-12-15,0.011667658,0
D10118319459,-33.48569069,148.99814187,685643.5262580338,6293080.809518255,1804.8435096238766,far-field,D20171215,2017-12-15,0.0050535076,0
D10118319462,-33.48566467,148.99803107,685633.2859371539,6293083.893194237,1806.0713047216543,far-field,D20171215,2017-12-15,0.4000446,0
D10118319463,-33.48565603,148.99799431,685629.8885310392,6293084.917077222,1806.4932570677638,far-field,D20171215,2017-12-15,0.24204816,0
D10118319464,-33.48564743,148.99795766,685626.501260423,6293085.936326432,1806.9192331195545,far-field,D20171215,2017-12-15,0.3238704,0
D10118319467,-33.4856196,148.99783928,685615.5604364251,6293089.234260481,1808.347411120715,far-field,D20171215,2017-12-15,0.16661713,0
D10118319470,-33.48559079,148.99771671,685604.2323496386,6293092.648352135,1809.9004080575633,far-field,D20171215,2017-12-15,0.02526754,0
D10118319471,-33.48558122,148.99767604,685600.473593591,6293093.782349333,1810.433653602096,far-field,D20171215,2017-12-15,0.25609395,0
D10118319472,-33.48557161,148.99763514,685596.6935498063,6293094.921192127,1810.9767865729102,far-field,D20171215,2017-12-15,0.054325208,0
D10118319480,-33.48549415,148.99730573,685566.2490478542,6293104.100150283,1815.6649120392005,far-field,D20171215,2017-12-15,0.74063617,0
D10118319481,-33.48548537,148.99726833,685562.7924567554,6293105.140678605,1816.230004824223,far-field,D20171215,2017-12-15,0.75535077,1
D10118319511,-33.48524019,148.99622374,685466.2487541332,6293134.197100187,1834.8084981272636,far-field,D20171215,2017-12-15,0.4771106,0
D10118319512,-33.48523147,148.99618659,685462.815246382,6293135.2304912545,1835.5677647289767,far-field,D20171215,2017-12-15,0.22986029,0
D10118319513,-33.48522315,148.99615118,685459.5425716687,6293136.21641379,1836.2986257041355,far-field,D20171215,2017-12-15,0.32230976,0
D10118319516,-33.48519822,148.99604496,685449.7254091613,6293139.170829834,1838.524308951159,far-field,D20171215,2017-12-15,0.25170928,0
D10118319519,-33.48517261,148.99593593,685439.6485762685,6293142.2056649765,1840.867714088592,far-field,D20171215,2017-12-15,0.6568817,0
D10118319521,-33.48515473,148.9958598,685432.6124379958,6293144.324489822,1842.5376208573527,far-field,D20171215,2017-12-15,0.3804994,0
D10118319523,-33.48513659,148.99578261,685425.4783523756,6293146.474035898,1844.260346520941,far-field,D20171215,2017-12-15,0.8875595,1
D10118319525,-33.48511822,148.99570445,685418.2546184508,6293148.650815347,1846.0339460800897,far-field,D20171215,2017-12-15,0.7946641,1
D10118319526,-33.48510973,148.99566832,685414.915392996,6293149.656860786,1846.8634595014155,far-field,D20171215,2017-12-15,0.36920333,0
D10118319527,-33.48510137,148.99563269,685411.6223515193,6293150.647595448,1847.686187385552,far-field,D20171215,2017-12-15,0.5460761,0
D10118319531,-33.48506648,148.99548416,685397.8948000375,6293154.782056198,1851.1851648881016,far-field,D20171215,2017-12-15,0.76055294,1
D10118319532,-33.48505756,148.99544621,685394.3873665144,6293155.839030313,1852.096510168134,far-field,D20171215,2017-12-15,0.720868,0
D10118319533,-33.48504859,148.99540803,685390.8586664546,6293156.90195871,1853.01978263176,far-field,D20171215,2017-12-15,0.10077289,0
D10118319534,-33.48503962,148.99536986,685387.3308949297,6293157.964867918,1853.949935726697,far-field,D20171215,2017-12-15,0.3348692,0
D10118319535,-33.48503066,148.99533169,685383.8031013822,6293159.026666848,1854.885830499987,far-field,D20171215,2017-12-15,0.084869206,0
D10118319536,-33.48502169,148.99529353,685380.276257684,6293160.089555543,1855.8296870605093,far-field,D20171215,2017-12-15,0.27757135,0
D10118319537,-33.48501272,148.99525537,685376.7494132789,6293161.152442914,1856.780369964483,far-field,D20171215,2017-12-15,0.3572384,0
D10118319540,-33.48498587,148.99514108,685366.1864034473,6293164.334104033,1859.6667185286162,far-field,D20171215,2017-12-15,0.7132878,0
D10118319542,-33.48496824,148.99506602,685359.2491313884,6293166.423239112,1861.5950383070276,far-field,D20171215,2017-12-15,0.43460166,0
D10118319544,-33.48495081,148.99499185,685352.3941324161,6293168.488600631,1863.5271997990376,far-field,D20171215,2017-12-15,0.9459721,1
D10118319546,-33.48493359,148.99491853,685345.6176683656,6293170.529151248,1865.461116009278,far-field,D20171215,2017-12-15,0.21009216,0
D10118319549,-33.48490767,148.99480817,685335.4178482053,6293173.600627126,1868.4188531327927,far-field,D20171215,2017-12-15,0.71038944,0
D10118319550,-33.48489892,148.99477093,685331.9760158365,6293174.637457919,1869.429944590678,far-field,D20171215,2017-12-15,0.7468044,0
D10118319551,-33.48489015,148.99473357,685328.5230745716,6293175.676719626,1870.449776265738,far-field,D20171215,2017-12-15,0.15911117,0
D10118319553,-33.4848725,148.99465846,685321.5811841609,6293177.768134061,1872.5214608716522,far-field,D20171215,2017-12-15,0.133695,0
D10118319554,-33.48486362,148.99462067,685318.0885180472,6293178.820358185,1873.5735008617062,far-field,D20171215,2017-12-15,0.13741082,0
D10118319556,-33.4848453,148.99454272,685310.884147656,6293180.991135319,1875.7644413466148,far-field,D20171215,2017-12-15,0.5935642,0
D10118319557,-33.484836,148.99450314,685307.2260407789,6293182.093127304,1876.8872392553312,far-field,D20171215,2017-12-15,0.58011293,0
D10118319558,-33.4848267,148.99446357,685303.568862377,6293183.195100011,1878.0171107250308,far-field,D20171215,2017-12-15,0.19017538,0
D10118319559,-33.48481739,148.99442399,685299.9107752909,6293184.298198098,1879.1552015164,far-field,D20171215,2017-12-15,0.25386444,0
D10118319565,-33.48476158,148.99418655,685277.9658472697,6293190.911140536,1886.1261439779032,far-field,D20171215,2017-12-15,0.5283888,0
D10118319567,-33.48474297,148.99410739,685270.6496404225,6293193.116206387,1888.5066714492546,far-field,D20171215,2017-12-15,0.88035077,1
D10118319568,-33.48473366,148.9940678,685266.9906172713,6293194.219309501,1889.7079932427764,far-field,D20171215,2017-12-15,0.91854936,1
D10118319570,-33.48471479,148.99398753,685259.5718141964,6293196.45518082,1892.1643568428062,far-field,D20171215,2017-12-15,0.6327289,0
D10118319575,-33.48466776,148.99378748,685241.0825614892,6293202.02763821,1898.410124335907,far-field,D20171215,2017-12-15,0.51709276,0
D10118319576,-33.48465835,148.99374743,685237.3810001882,6293203.142640287,1899.6810405986753,far-field,D20171215,2017-12-15,0.6564358,0
D10118319590,-33.48452232,148.99316903,685183.9234389687,6293219.259836729,1918.824655391092,far-field,D20171215,2017-12-15,0.7250297,0
D10118319596,-33.48446651,148.99293164,685161.9830129945,6293225.87241891,1927.0925975596783,far-field,D20171215,2017-12-15,0.69560045,0
D10118319615,-33.48427937,148.99213602,685088.4489849404,6293248.044416916,1956.5156240241474,far-field,D20171215,2017-12-15,0.5853151,0
D10118319642,-33.48399603,148.99093222,684977.1893339197,6293281.611469535,2005.8296722813668,far-field,D20171215,2017-12-15,0.24836504,0
D10118419034,-33.49002824,149.01603169,687296.5617746286,6292567.650765311,2208.4292710923764,far-field,D20171215,2017-12-15,0.3813912,0
D10118419035,-33.49001944,149.01599421,687293.0981369897,6292568.694293255,2206.340514522994,far-field,D20171215,2017-12-15,0.9312574,1
D10118419042,-33.48995444,149.01571742,687267.5191592895,6292576.402038647,2191.0391078160183,far-field,D20171215,2017-12-15,0.17835909,0
D10118419043,-33.48994489,149.01567676,687263.7616494856,6292577.534466102,2188.809920434336,far-field,D20171215,2017-12-15,0.25787753,0
D10118419448,-33.48589659,148.99845826,685672.4865561394,6293057.410201596,1787.318257517808,far-field,D20171215,2017-12-15,0.7977854,1
D10118419450,-33.48588063,148.99839024,685666.2000258958,6293059.3017744105,1787.9438438725447,far-field,D20171215,2017-12-15,0.924346,1
D10118419452,-33.48586476,148.99832256,685659.9448950212,6293061.182754231,1788.58888048484,far-field,D20171215,2017-12-15,0.11251486,0
D10118419456,-33.48583317,148.99818792,685647.5012108436,6293064.926779192,1789.9443235034612,far-field,D20171215,2017-12-15,0.10181332,0
D10118419457,-33.4858251,148.99815351,685644.3209645671,6293065.883253818,1790.3053206368352,far-field,D20171215,2017-12-15,0.6808115,0
D10118419462,-33.48578407,148.99797872,685628.1665674918,6293070.745920185,1792.2370327049791,far-field,D20171215,2017-12-15,0.03463139,0
D10118419463,-33.48577574,148.99794321,685624.8846575686,6293071.733188396,1792.6480099058983,far-field,D20171215,2017-12-15,0.36325803,0
D10118419464,-33.48576676,148.997905,685621.3532427015,6293072.797366275,1793.0992694372317,far-field,D20171215,2017-12-15,0.1582937,0
D10118419468,-33.48572892,148.99774403,685606.4762108191,6293077.281522585,1795.0832946036764,far-field,D20171215,2017-12-15,0.8571641,1
D10118419470,-33.48571016,148.99766422,685599.1000716755,6293079.504641584,1796.115865602107,far-field,D20171215,2017-12-15,0.31807372,0
D10118419471,-33.48570054,148.9976233,685595.31819637,6293080.644628819,1796.658016456309,far-field,D20171215,2017-12-15,0.22361772,0
D10118419472,-33.48569094,148.9975825,685591.5474283278,6293081.782182044,1797.2079589322848,far-field,D20171215,2017-12-15,0.38674197,0
D10118419473,-33.48568132,148.99754154,685587.7618344892,6293082.922237763,1797.7666261977483,far-field,D20171215,2017-12-15,0.7340963,0
D10118419474,-33.48567165,148.99750044,685583.9633373272,6293084.068087055,1798.3376463357429,far-field,D20171215,2017-12-15,0.020288346,0
D10118419477,-33.48564244,148.99737623,685572.4837077883,6293087.529431841,1800.1138351033967,far-field,D20171215,2017-12-15,0.6542806,0
D10118419483,-33.48558964,148.99715144,685551.7082067633,6293093.786602639,1803.5195510056033,far-field,D20171215,2017-12-15,0.04503567,0
D10118419484,-33.48558087,148.99711411,685548.2581014872,6293094.825891764,1804.1099517106513,far-field,D20171215,2017-12-15,0.20600475,0
D10118419487,-33.48555682,148.99701159,685538.7829414154,6293097.676199086,1805.7634830559084,far-field,D20171215,2017-12-15,0.012782402,0
D10118419511,-33.48536083,148.99617659,685461.6101530656,6293120.902945252,1821.1898786947042,far-field,D20171215,2017-12-15,0.60151607,0
D10118419516,-33.48531791,148.99599384,685444.7199497855,6293125.989111808,1825.0261967260199,far-field,D20171215,2017-12-15,0.124256834,0
D10118419519,-33.48529182,148.99588274,685434.4518019513,6293129.080870384,1827.43741312399,far-field,D20171215,2017-12-15,0.5215517,0
D10118419521,-33.48527409,148.99580727,685427.4766821574,6293131.181878425,1829.1101755179297,far-field,D20171215,2017-12-15,0.7650119,1
D10118419524,-33.48524752,148.99569417,685417.0237009542,6293134.330420807,1831.6683269684047,far-field,D20171215,2017-12-15,0.8549346,1
D10118419525,-33.48523911,148.99565837,685413.7149746296,6293135.3270049095,1832.4908393191095,far-field,D20171215,2017-12-15,0.8322681,1
D10118419529,-33.48520571,148.99551611,685400.5668994933,6293139.285035662,1835.817790334445,far-field,D20171215,2017-12-15,0.019173604,0
D10118419530,-33.48519741,148.99548075,685397.2988218911,6293140.268629526,1836.6595171801334,far-field,D20171215,2017-12-15,0.72733355,0
D10118419531,-33.48518913,148.99544546,685394.0372056882,6293141.249879308,1837.5051164596491,far-field,D20171215,2017-12-15,0.5343341,0
D10118419532,-33.4851809,148.99541042,685390.7987131561,6293142.225136645,1838.3515430584687,far-field,D20171215,2017-12-15,0.013897146,0
D10118419533,-33.48517234,148.99537398,685387.4308306741,6293143.239488946,1839.2381011850816,far-field,D20171215,2017-12-15,0.32134363,0
D10118419534,-33.48516376,148.99533742,685384.0518393714,6293144.256272282,1840.1329966183705,far-field,D20171215,2017-12-15,0.17219085,0
D10118419536,-33.4851463,148.99526312,685377.1848446121,6293146.325211458,1841.9737151647712,far-field,D20171215,2017-12-15,0.951843,1
D10118419537,-33.48513733,148.99522494,685373.6561466248,6293147.388133645,1842.9295039736628,far-field,D20171215,2017-12-15,0.7765309,1
D10118419538,-33.48512836,148.99518675,685370.126518694,6293148.451072369,1843.8921541513896,far-field,D20171215,2017-12-15,0.007654578,0
D10118419539,-33.48511936,148.99514843,685366.5848739496,6293149.517568799,1844.8649187770698,far-field,D20171215,2017-12-15,0.1811088,0
D10118419541,-33.48510088,148.99506983,685359.3204753124,6293151.707287742,1846.8839562989335,far-field,D20171215,2017-12-15,0.2062277,0
D10118419542,-33.48509173,148.99503091,685355.7233939904,6293152.791485906,1847.8943542103723,far-field,D20171215,2017-12-15,0.042880498,0
D10118419544,-33.48507362,148.99495384,685348.6003753329,6293154.937432934,1849.9150458147274,far-field,D20171215,2017-12-15,0.59252375,0
D10118419546,-33.48505576,148.99487779,685341.5716030397,6293157.053829307,1851.9349761706465,far-field,D20171215,2017-12-15,0.20169441,0
D10118419547,-33.48504719,148.9948413,685338.1990863078,6293158.06936219,1852.9137653708244,far-field,D20171215,2017-12-15,0.47250298,0
D10118419548,-33.48503865,148.99480496,685334.8404435371,6293159.081299156,1853.895246401098,far-field,D20171215,2017-12-15,0.7934007,1
D10118419551,-33.4850129,148.99469531,685324.7062465502,6293162.132644134,1856.8917130427305,far-field,D20171215,2017-12-15,0.022963734,0
D10118419557,-33.4849588,148.9944651,685303.4295780342,6293168.543107169,1863.366878808354,far-field,D20171215,2017-12-15,0.11942628,0
D10118419558,-33.4849495,148.99442552,685299.7714753137,6293169.645096518,1864.504408274666,far-field,D20171215,2017-12-15,0.32557967,0
D10118419581,-33.48473228,148.99350161,685214.3809973672,6293195.382845867,1893.0692185267114,far-field,D20171215,2017-12-15,0.4466409,0
D10118419583,-33.48471277,148.99341865,685206.7135814303,6293197.694449164,1895.8188972951975,far-field,D20171215,2017-12-15,0.61667657,0
D10118419584,-33.48470296,148.99337694,685202.8586168389,6293198.8567581065,1897.2127230308743,far-field,D20171215,2017-12-15,0.18846612,0
D10118419586,-33.48468335,148.99329357,685195.1533100337,6293201.180173079,1900.021400891468,far-field,D20171215,2017-12-15,0.09571938,0
D10118419588,-33.48466378,148.99321037,685187.4637117621,6293203.498842601,1902.8541455616316,far-field,D20171215,2017-12-15,0.10136742,0
D10118419591,-33.48463577,148.99309119,685176.4486769363,6293206.8176543275,1906.9609585156586,far-field,D20171215,2017-12-15,0.6030767,0
D10118419603,-33.48451941,148.99259646,685130.7241023429,6293220.603963227,1924.6598912374889,far-field,D20171215,2017-12-15,0.20109989,0
D10118419612,-33.48443184,148.99222412,685096.3111276578,6293230.9791223,1938.6492192609712,far-field,D20171215,2017-12-15,0.99643284,1
D10118419627,-33.48428615,148.99160464,685039.05644529,6293248.24000382,1963.1609104192376,far-field,D20171215,2017-12-15,0.9878864,1
D10118419652,-33.48401383,148.99044807,684932.162051685,6293280.500265106,2012.9175340392871,far-field,D20171215,2017-12-15,0.70882875,0
D10118519028,-33.49020668,149.01623054,687314.6542573936,6292547.503593911,2210.482389324281,far-field,D20171215,2017-12-15,0.89298457,1
D10118519037,-33.4901279,149.0158949,687283.6367733686,6292556.845753595,2191.5928102385747,far-field,D20171215,2017-12-15,0.23156956,0
D10118519043,-33.49007022,149.0156494,687260.9494819674,6292563.685255481,2177.9815804635973,far-field,D20171215,2017-12-15,0.18096016,0
D10118519452,-33.48598258,148.99826355,685654.2100059283,6293048.2226208355,1774.7773417313617,far-field,D20171215,2017-12-15,0.49494648,0
D10118519457,-33.48594319,148.99809563,685638.6905210299,6293052.89114912,1776.5105688173448,far-field,D20171215,2017-12-15,0.06131094,0
D10118519458,-33.48593533,148.99806211,685635.5925310474,6293053.822741114,1776.87371931131,far-field,D20171215,2017-12-15,0.033368014,0
D10118519460,-33.48591949,148.99799461,685629.3540611558,6293055.700052202,1777.6239697132933,far-field,D20171215,2017-12-15,0.38711354,0
D10118519462,-33.4859035,148.99792646,685623.0555094695,6293057.595155962,1778.4050530382187,far-field,D20171215,2017-12-15,0.6820749,0
D10118519463,-33.48589387,148.99788551,685619.2708788579,6293058.736315731,1778.8883251905575,far-field,D20171215,2017-12-15,0.5336653,0
D10118519464,-33.48588417,148.99784425,685615.4575907929,6293059.885791052,1779.3836846280374,far-field,D20171215,2017-12-15,0.27660522,0
D10118519465,-33.48587447,148.99780301,685611.646160358,6293061.035229059,1779.8880861294679,far-field,D20171215,2017-12-15,0.3955113,0
D10118519470,-33.48582688,148.99760055,685592.934585027,6293066.67479331,1782.4878952069655,far-field,D20171215,2017-12-15,0.50795186,0
D10118519471,-33.4858177,148.99756152,685589.3273993968,6293067.762604785,1783.0138921639768,far-field,D20171215,2017-12-15,0.5972057,0
D10118519473,-33.48579928,148.99748312,685582.0815602054,6293069.945485242,1784.091841585786,far-field,D20171215,2017-12-15,0.54496133,0
D10118519474,-33.48579002,148.99744375,685578.4429493106,6293071.042772109,1784.6461156560977,far-field,D20171215,2017-12-15,0.12291914,0
D10118519477,-33.4857629,148.99732831,685567.7738078226,6293074.256659531,1786.3134375175937,far-field,D20171215,2017-12-15,0.19426279,0
D10118519478,-33.48575437,148.99729197,685564.4151925857,6293075.267569903,1786.8515589636716,far-field,D20171215,2017-12-15,0.6417212,0
D10118519479,-33.48574582,148.99725555,685561.0491855602,6293076.28084001,1787.3977413459907,far-field,D20171215,2017-12-15,0.5125595,0
D10118519483,-33.48571139,148.99710894,685547.499223465,6293080.361076901,1789.66584771789,far-field,D20171215,2017-12-15,0.0058709867,0
D10118519484,-33.48570316,148.99707388,685544.2589056359,6293081.336423153,1790.2239943193897,far-field,D20171215,2017-12-15,0.06450654,0
D10118519485,-33.48569514,148.99703971,685541.1008405763,6293082.286889235,1790.7738375694216,far-field,D20171215,2017-12-15,0.40844232,0
D10118519487,-33.4856792,148.99697177,685534.8216645948,6293084.176013629,1791.883940881436,far-field,D20171215,2017-12-15,0.32126933,0
D10118519489,-33.48566334,148.9969042,685528.5766972045,6293086.055600802,1793.01184899218,far-field,D20171215,2017-12-15,0.6096165,0
D10118519494,-33.48562306,148.99673254,685512.7114686196,6293090.829303169,1795.979253652043,far-field,D20171215,2017-12-15,0.62076396,0
D10118519497,-33.48559838,148.9966274,685502.9941898282,6293093.754122112,1797.8707072672291,far-field,D20171215,2017-12-15,0.21640904,0
D10118519499,-33.48558179,148.99655674,685496.4636361266,6293095.720164287,1799.1733106482252,far-field,D20171215,2017-12-15,0.47986028,0
D10118519500,-33.4855735,148.9965214,685493.1974184784,6293096.702647065,1799.8333235578355,far-field,D20171215,2017-12-15,0.06599286,0
D10118519501,-33.4855652,148.99648606,685489.9312215509,6293097.686237661,1800.5006605872002,far-field,D20171215,2017-12-15,0.11950059,0
D10118519502,-33.48555691,148.99645072,685486.6650026989,6293098.6687181685,1801.1731029835048,far-field,D20171215,2017-12-15,0.4484245,0
D10118519509,-33.48549828,148.99620104,685463.5890102313,6293105.616697013,1806.10701186468,far-field,D20171215,2017-12-15,0.6929251,0
D10118519529,-33.48532556,148.9954656,685395.6178508943,6293126.084462218,1822.4173360343168,far-field,D20171215,2017-12-15,0.24219678,0
D10118519532,-33.48530035,148.99535825,685385.6962770481,6293129.071881907,1825.016654456452,far-field,D20171215,2017-12-15,0.40457788,0
D10118519533,-33.48529193,148.99532239,685382.3819959362,6293130.069671331,1825.897076726906,far-field,D20171215,2017-12-15,0.3731421,0
D10118519534,-33.48528349,148.99528643,685379.0584645013,6293131.069856101,1826.7857263524766,far-field,D20171215,2017-12-15,0.3553805,0
D10118519538,-33.48524956,148.99514194,685365.7042946876,6293135.090596493,1830.4203095898843,far-field,D20171215,2017-12-15,0.35508323,0
D10118519542,-33.48521319,148.99498717,685351.4000627286,6293139.400260692,1834.4259700475377,far-field,D20171215,2017-12-15,0.99078476,1
D10118519543,-33.48520411,148.99494854,685347.8297840008,6293140.4761755355,1835.4436062406046,far-field,D20171215,2017-12-15,0.21819262,0
D10118519544,-33.48519503,148.99490991,685344.2595045489,6293141.5520890225,1836.4682484988614,far-field,D20171215,2017-12-15,0.07981569,0
D10118519546,-33.4851775,148.9948353,685337.3638479472,6293143.629315829,1838.4662433893536,far-field,D20171215,2017-12-15,0.10642093,0
D10118519551,-33.48513601,148.99465855,685321.0280458158,6293148.545966752,1843.2988373633252,far-field,D20171215,2017-12-15,0.1825208,0
D10118519575,-33.48491087,148.99370088,685232.5175693642,6293175.222456684,1872.0077851708047,far-field,D20171215,2017-12-15,0.53678656,0
D10118519584,-33.48482529,148.9933369,685198.877451824,6293185.362392798,1883.9953755609772,far-field,D20171215,2017-12-15,0.2317182,0
D10118519586,-33.48480568,148.99325353,685191.1721552976,6293187.685805064,1886.8233663735346,far-field,D20171215,2017-12-15,0.6927021,0
D10118519588,-33.48478651,148.99317202,685183.638756781,6293189.957098525,1889.6170290935636,far-field,D20171215,2017-12-15,0.21380797,0
D10118519590,-33.48476786,148.99309269,685176.3068217778,6293192.16683106,1892.3626190872549,far-field,D20171215,2017-12-15,0.2667955,0
D10118519603,-33.48464231,148.99255881,685126.9639084471,6293207.042099453,1911.5395891531664,far-field,D20171215,2017-12-15,0.19188467,0
D10118519605,-33.4846227,148.99247542,685119.2567220461,6293209.365488382,1914.6428081216925,far-field,D20171215,2017-12-15,0.39670035,0
D10118519612,-33.48455607,148.99219205,685093.0666656035,6293217.25980584,1925.4012283145728,far-field,D20171215,2017-12-15,0.99613553,1
D10118519625,-33.48442971,148.99165482,685043.4139470789,6293232.230434376,1946.693859791148,far-field,D20171215,2017-12-15,0.89699763,1
D10118519639,-33.48426209,148.99094347,684977.6688707417,6293252.0866605565,1976.6619736780544,far-field,D20171215,2017-12-15,0.29615042,0
D10118618965,-33.49091488,149.01868521,687541.2110926709,6292464.5336735975,2349.4830868876224,far-field,D20171215,2017-12-15,0.7942182,1
D10118619025,-33.49035572,149.01630431,687321.1877771365,6292530.842510185,2205.6726718488962,far-field,D20171215,2017-12-15,0.25579667,0
D10118619039,-33.49023253,149.01577947,687272.6858355748,6292545.451027036,2175.952728278492,far-field,D20171215,2017-12-15,0.6108799,0
D10118619040,-33.49022334,149.0157403,687269.06601179,6292546.540845794,2173.7654150589747,far-field,D20171215,2017-12-15,0.4111177,0
D10118619042,-33.49020418,149.01565877,687261.5316318256,6292548.812734243,2169.228917276759,far-field,D20171215,2017-12-15,0.31554696,0
D10118619449,-33.48612482,148.99830856,685658.0887965773,6293032.368350547,1759.9512855360435,far-field,D20171215,2017-12-15,0.39350477,0
D10118619452,-33.48610102,148.99820713,685648.7144767408,6293035.189096517,1760.9441364591503,far-field,D20171215,2017-12-15,0.61273783,0
D10118619457,-33.48606169,148.99803946,685633.2181137756,6293039.850515987,1762.7019473008054,far-field,D20171215,2017-12-15,0.0,0
D10118619458,-33.48605388,148.99800618,685630.1423223468,6293040.776132379,1763.0686932306435,far-field,D20171215,2017-12-15,0.049940545,0
D10118619459,-33.48604626,148.9979737,685627.1404628716,6293041.679246822,1763.4319423808602,far-field,D20171215,2017-12-15,0.20236325,0
D10118619461,-33.48602982,148.99790362,685620.6635401465,6293043.627704204,1764.2342880816207,far-field,D20171215,2017-12-15,0.07914685,0
D10118619462,-33.4860201,148.99786232,685616.8465841113,6293044.779469818,1764.7225504727471,far-field,D20171215,2017-12-15,0.7589179,1
D10118619463,-33.48601047,148.99782136,685613.061028841,6293045.920645242,1765.2144573703258,far-field,D20171215,2017-12-15,0.19403984,0
D10118619464,-33.48600077,148.9977801,685609.2477453796,6293047.070118321,1765.7187194699939,far-field,D20171215,2017-12-15,0.35344827,0
D10118619465,-33.48599082,148.99773778,685605.3364966896,6293048.2492093025,1766.2452028988405,far-field,D20171215,2017-12-15,0.35114446,0
D10118619466,-33.48598096,148.99769588,685601.4640825557,6293049.417566997,1766.776571060792,far-field,D20171215,2017-12-15,0.11615636,0
D10118619470,-33.48594418,148.99753935,685586.997394826,6293053.7762055965,1768.8360053458223,far-field,D20171215,2017-12-15,0.63421524,0
D10118619472,-33.48592615,148.99746261,685579.9049853729,6293055.912867416,1769.8917087153736,far-field,D20171215,2017-12-15,0.028463138,0
D10118619474,-33.48590801,148.9973854,685572.7691341348,6293058.062562723,1770.9844569275574,far-field,D20171215,2017-12-15,0.1637931,0
D10118619477,-33.48588258,148.9972771,685562.7598680228,6293061.076265791,1772.5672899272995,far-field,D20171215,2017-12-15,0.35790727,0
D10118619478,-33.48587438,148.99724215,685559.5297155352,6293062.048094022,1773.0902112916322,far-field,D20171215,2017-12-15,0.4033145,0
D10118619479,-33.48586598,148.99720638,685556.2237925496,6293063.043566233,1773.6327220845985,far-field,D20171215,2017-12-15,0.33189654,0
D10118619481,-33.48584911,148.99713454,685549.5842172531,6293065.042806165,1774.7420300583094,far-field,D20171215,2017-12-15,0.1660226,0
D10118619482,-33.48584065,148.9970985,685546.2533312757,6293066.045411281,1775.3081249706252,far-field,D20171215,2017-12-15,0.10344828,0
D10118619483,-33.48583242,148.99706347,685543.015805959,6293067.02070371,1775.8654926570125,far-field,D20171215,2017-12-15,0.23513675,0
D10118619484,-33.48582434,148.99702903,685539.8327844583,6293067.978305994,1776.4183195264818,far-field,D20171215,2017-12-15,0.19374257,0
D10118619486,-33.48580825,148.99696047,685533.4963257008,6293069.88517262,1777.537384590691,far-field,D20171215,2017-12-15,0.4214477,0
D10118619496,-33.48572743,148.99661608,685501.6670397136,6293079.463314682,1783.5190613288755,far-field,D20171215,2017-12-15,0.19299941,0
D10118619499,-33.48570278,148.99651107,685491.9617859933,6293082.3845637115,1785.4628119156,far-field,D20171215,2017-12-15,0.126412,0
D10118619501,-33.4856862,148.99644042,685485.4321462997,6293084.349471863,1786.8012288973027,far-field,D20171215,2017-12-15,0.27489597,0
D10118619502,-33.48567791,148.9964051,685482.1677901647,6293085.331915303,1787.47984788262,far-field,D20171215,2017-12-15,0.24910821,0
D10118619509,-33.48561882,148.99615346,685458.9106797471,6293092.334398914,1792.4979178240892,far-field,D20171215,2017-12-15,0.092895366,0
D10118619510,-33.48561014,148.9961165,685455.4947566981,6293093.363012738,1793.2615924022464,far-field,D20171215,2017-12-15,0.6924792,0
D10118619539,-33.48536044,148.99505328,685357.2293939837,6293122.95287023,1818.0919237855335,far-field,D20171215,2017-12-15,0.19641796,0
D10118619540,-33.48535134,148.99501459,685353.6535892335,6293124.031112606,1819.0997527474458,far-field,D20171215,2017-12-15,0.40725327,0
D10118619543,-33.48532409,148.99489862,685342.9353563995,6293127.260108229,1822.1602124279802,far-field,D20171215,2017-12-15,0.8060345,1
D10118619564,-33.48513688,148.99410183,685269.2938548843,6293149.443390491,1844.885531807799,far-field,D20171215,2017-12-15,0.5897741,0
D10118619569,-33.48508987,148.99390186,685250.8120901368,6293155.013510378,1851.0495788832814,far-field,D20171215,2017-12-15,0.7855232,1
D10118619570,-33.48508049,148.993862,685247.1281397529,6293156.124851131,1852.3008982553395,far-field,D20171215,2017-12-15,0.6085018,0
D10118619574,-33.48504281,148.99370171,685232.3136863018,6293160.589459891,1857.4003892749122,far-field,D20171215,2017-12-15,0.72280025,0
D10118619575,-33.48503349,148.99366206,685228.6491182097,6293161.693764899,1858.679454313468,far-field,D20171215,2017-12-15,0.38480976,0
D10118619577,-33.48501503,148.99358353,685221.3911475341,6293163.88103537,1861.233486944423,far-field,D20171215,2017-12-15,0.46878716,0
D10118619583,-33.48495794,148.99334074,685198.9518089949,6293170.64529125,1869.3040199778584,far-field,D20171215,2017-12-15,0.23424494,0
D10118619584,-33.48494821,148.99329936,685195.127349177,6293171.798137132,1870.7053156584,far-field,D20171215,2017-12-15,0.57082343,0
D10118619620,-33.48460491,148.99183938,685060.1912332438,6293212.472548756,1924.804078729675,far-field,D20171215,2017-12-15,0.12537158,0
D10118619636,-33.48441805,148.9910462,684986.8832644459,6293234.608366372,1957.862153692452,far-field,D20171215,2017-12-15,0.65071344,0
D10118719022,-33.49050386,149.01637425,687327.3673345015,6292514.288140658,2200.776042887689,far-field,D20171215,2017-12-15,0.3029132,0
D10118719023,-33.49049547,149.01633848,687324.0617259425,6292515.283126676,2198.704524877331,far-field,D20171215,2017-12-15,0.34282103,0
D10118719025,-33.49047883,149.01626754,687317.5059563026,6292517.256486766,2194.606561530174,far-field,D20171215,2017-12-15,0.41899523,0
D10118719027,-33.49046142,149.01619335,687310.6498587229,6292519.321098309,2190.336063737298,far-field,D20171215,2017-12-15,0.45176873,0
D10118719457,-33.48617966,148.99798106,685627.5396343454,6293026.872643137,1748.924158787379,far-field,D20171215,2017-12-15,0.0107015455,0
D10118719458,-33.48617172,148.99794725,685624.4148753252,6293027.813622199,1749.3035090688036,far-field,D20171215,2017-12-15,0.04525862,0
D10118719459,-33.48616353,148.99791235,685621.1893639126,6293028.784273497,1749.7007306197177,far-field,D20171215,2017-12-15,0.028463138,0
D10118719463,-33.4861266,148.99775521,685606.6663523302,6293033.160668733,1751.574280963671,far-field,D20171215,2017-12-15,0.380871,0
D10118719464,-33.48611724,148.99771539,685602.9861561564,6293034.269859927,1752.0697732819087,far-field,D20171215,2017-12-15,0.018281808,0
D10118719465,-33.48610782,148.99767529,685599.2800689734,6293035.386204112,1752.5764869855427,far-field,D20171215,2017-12-15,0.06049346,0
D10118719466,-33.48609847,148.99763551,685595.6035668239,6293036.49421193,1753.088022648315,far-field,D20171215,2017-12-15,0.01263377,0
D10118719467,-33.48608961,148.99759782,685592.1202262245,6293037.5441422695,1753.5804369743507,far-field,D20171215,2017-12-15,0.13421522,0
D10118719474,-33.4860277,148.99733424,685567.7598187145,6293044.8809729945,1757.2250784347134,far-field,D20171215,2017-12-15,0.33449763,0
D10118719475,-33.48601958,148.99729965,685564.5629536002,6293045.843287902,1757.7296371790478,far-field,D20171215,2017-12-15,0.22599584,0
D10118719478,-33.4859947,148.99719367,685554.7681053567,6293048.791842766,1759.314217374676,far-field,D20171215,2017-12-15,0.040353745,0
D10118719479,-33.48598641,148.99715835,685551.5037671089,6293049.774310548,1759.8550060816112,far-field,D20171215,2017-12-15,0.013599881,0
D10118719481,-33.48596984,148.99708778,685544.9815720497,6293051.738008611,1760.9554850924662,far-field,D20171215,2017-12-15,0.37433115,0
D10118719482,-33.48596158,148.99705259,685541.7292479321,6293052.716913729,1761.5135288274698,far-field,D20171215,2017-12-15,0.007654578,0
D10118719486,-33.48592877,148.99691279,685528.8086605549,6293056.605300942,1763.792814055296,far-field,D20171215,2017-12-15,0.7148484,0
D10118719487,-33.48592062,148.99687807,685525.5997724489,6293057.571161829,1764.3745853131793,far-field,D20171215,2017-12-15,0.6377824,0
D10118719488,-33.48591249,148.99684344,685522.3992041359,6293058.534642836,1764.9611186405862,far-field,D20171215,2017-12-15,0.063020214,0
D10118719491,-33.48588799,148.99673904,685512.7503397955,6293061.43818938,1766.7653635598374,far-field,D20171215,2017-12-15,0.18772295,0
D10118719495,-33.4858552,148.99659933,685499.8380516341,6293065.324157955,1769.267129724216,far-field,D20171215,2017-12-15,0.07736326,0
D10118719498,-33.48583092,148.99649589,685490.2779115902,6293068.201568639,1771.1835544059643,far-field,D20171215,2017-12-15,0.23662306,0
D10118719499,-33.48582285,148.9964615,685487.099510375,6293069.157954969,1771.8324501717248,far-field,D20171215,2017-12-15,0.26843044,0
D10118719500,-33.48581476,148.99642704,685483.91464665,6293070.11668323,1772.4890571530632,far-field,D20171215,2017-12-15,0.6199465,0
D10118719502,-33.48579854,148.9963579,685477.5245597807,6293072.038965474,1773.8232471197311,far-field,D20171215,2017-12-15,0.09750297,0
D10118719504,-33.48578223,148.99628841,685471.1021395654,6293073.971849402,1775.189324130309,far-field,D20171215,2017-12-15,0.37239894,0
D10118719505,-33.48577402,148.99625344,685467.8701382459,6293074.944791031,1775.88621004523,far-field,D20171215,2017-12-15,0.7482164,0
D10118719509,-33.48573955,148.99610669,685454.3072230944,6293079.029581413,1778.8793948659006,far-field,D20171215,2017-12-15,0.18482462,0
D10118719510,-33.48573086,148.99606968,685450.8866796641,6293080.059392102,1779.650912510794,far-field,D20171215,2017-12-15,0.3334572,0
D10118719515,-33.48568629,148.99587995,685433.3514615449,6293085.340991082,1783.7154870590434,far-field,D20171215,2017-12-15,0.39038348,0
D10118719519,-33.48565041,148.99572728,685419.2414223943,6293089.592670074,1787.1174144157717,far-field,D20171215,2017-12-15,0.95407254,1
D10118719523,-33.48561542,148.9955783,685405.472360303,6293093.739039366,1790.5452679766606,far-field,D20171215,2017-12-15,0.46105826,0
D10118719526,-33.48558986,148.99546945,685395.412184569,6293096.767963671,1793.1179855261378,far-field,D20171215,2017-12-15,0.68326396,0
D10118719527,-33.48558126,148.99543282,685392.0267486195,6293097.787093563,1793.9966004378923,far-field,D20171215,2017-12-15,0.5054251,0
D10118719550,-33.48538406,148.99459317,685314.4241662325,6293121.155136274,1815.915324314641,far-field,D20171215,2017-12-15,0.6491528,0
D10118719555,-33.48534193,148.99441375,685297.8416524383,6293126.147489438,1821.0315348170784,far-field,D20171215,2017-12-15,0.86318374,1
D10118719558,-33.48531588,148.99430285,685287.5919667336,6293129.2342968,1824.269935412016,far-field,D20171215,2017-12-15,0.56346613,0
D10118719560,-33.48529751,148.9942247,685280.3691507112,6293131.410954433,1826.587648950671,far-field,D20171215,2017-12-15,0.61013675,0
D10118719561,-33.48528823,148.9941852,685276.7184515867,6293132.510574885,1827.7692920207207,far-field,D20171215,2017-12-15,0.4790428,0
D10118719562,-33.48527888,148.99414545,685273.0446700078,6293133.618402852,1828.9669137591325,far-field,D20171215,2017-12-15,0.71908444,0
D10118719565,-33.48525054,148.9940249,685261.9031381398,6293136.9763582125,1832.6415334426697,far-field,D20171215,2017-12-15,0.3860731,0
D10118719570,-33.48520346,148.99382465,685243.3955250381,6293142.554727308,1838.8924568479413,far-field,D20171215,2017-12-15,0.19738406,0
D10118719572,-33.48518465,148.99374464,685236.0007906113,6293144.783464415,1841.4407149542862,far-field,D20171215,2017-12-15,0.21878716,0
D10118719575,-33.48515637,148.99362433,685224.881409197,6293148.134293802,1845.3262292671361,far-field,D20171215,2017-12-15,0.51226217,0
D10118719579,-33.48511916,148.99346604,685210.2518061553,6293152.543178871,1850.5371889391208,far-field,D20171215,2017-12-15,0.28069264,0
D10118719580,-33.48510976,148.99342608,685206.5586032982,6293153.656900328,1851.8710026656343,far-field,D20171215,2017-12-15,0.54615045,0
D10118719581,-33.48510033,148.99338598,685202.8524542665,6293154.774197001,1853.216270369633,far-field,D20171215,2017-12-15,0.67241377,0
D10118719584,-33.48507185,148.99326483,685191.65542212,6293158.148664976,1857.3225749608655,far-field,D20171215,2017-12-15,0.2554994,0
D10118719585,-33.48506229,148.99322419,685187.899368088,6293159.281335637,1858.7151878393252,far-field,D20171215,2017-12-15,0.503047,0
D10118719586,-33.4850528,148.99318381,685184.1673243142,6293160.405778237,1860.1050760288324,far-field,D20171215,2017-12-15,0.4835018,0
D10118719588,-33.48503393,148.99310356,685176.750391186,6293162.641550604,1862.889513390979,far-field,D20171215,2017-12-15,0.49613556,0
D10118719595,-33.48496624,148.9928157,685150.1455314615,6293170.661590759,1873.1071698851576,far-field,D20171215,2017-12-15,0.66245544,0
D10118719601,-33.4849057,148.99255841,685126.3660882117,6293177.834129361,1882.5441390750902,far-field,D20171215,2017-12-15,0.033813912,0
D10118719616,-33.48476386,148.99195516,685070.611731705,6293194.639320668,1905.745055781193,far-field,D20171215,2017-12-15,0.99613553,1
D10118719617,-33.48475484,148.99191678,685067.0645106096,6293195.708029795,1907.2712872442844,far-field,D20171215,2017-12-15,0.99658144,1
D10118819019,-33.49065131,149.0164413,687333.2798220264,6292497.815501075,2195.8422549576385,far-field,D20171215,2017-12-15,0.4598692,0
D10118819022,-33.49062614,149.01633402,687323.365800824,6292500.800408461,2189.5771475742863,far-field,D20171215,2017-12-15,0.34616527,0
D10118819023,-33.49061775,149.01629823,687320.0583383142,6292501.795429418,2187.493460707577,far-field,D20171215,2017-12-15,0.65004456,0
D10118819048,-33.49038865,149.01532261,687229.8989400507,6292528.9623180665,2132.0913502321264,far-field,D20171215,2017-12-15,0.30982462,0
D10118819344,-33.4874553,149.00284411,686076.6966907694,6292876.701567069,1740.6420474911015,far-field,D20171215,2017-12-15,0.65584123,0
D10118819345,-33.4874441,149.00279654,686072.30039641,6292878.0288854055,1740.223687165926,far-field,D20171215,2017-12-15,0.7473246,0
D10118819453,-33.48632957,148.99805883,685634.4462175036,6293010.109222805,1733.6653411757322,far-field,D20171215,2017-12-15,0.11563615,0
D10118819457,-33.48629747,148.997922,685621.8001817489,6293013.913691038,1735.1606354526405,far-field,D20171215,2017-12-15,0.54131985,0
D10118819458,-33.48628873,148.9978848,685618.3621275433,6293014.949447567,1735.5857294677396,far-field,D20171215,2017-12-15,0.07238407,0
D10118819465,-33.48622618,148.99761855,685593.7550573498,6293022.36209571,1738.8411386209864,far-field,D20171215,2017-12-15,0.005127824,0
D10118819466,-33.48621753,148.99758172,685590.3511868918,6293023.387199761,1739.3205961685323,far-field,D20171215,2017-12-15,0.13964032,0
D10118819467,-33.48620886,148.99754481,685586.9399246708,6293024.414663539,1739.8083816194176,far-field,D20171215,2017-12-15,0.026605232,0
D10118819472,-33.48616525,148.99735911,685569.7772977075,6293029.582852796,1742.3698234944184,far-field,D20171215,2017-12-15,0.21886148,0
D10118819473,-33.48615711,148.99732446,685566.5749052694,6293030.547493808,1742.8680553141621,far-field,D20171215,2017-12-15,0.7508175,0
D10118819475,-33.48614053,148.99725383,685560.0471719359,6293032.512419043,1743.9016912101883,far-field,D20171215,2017-12-15,0.17895363,0
D10118819476,-33.48613225,148.99721853,685556.7846768636,6293033.493744187,1744.4273291148897,far-field,D20171215,2017-12-15,0.09698276,0
D10118819477,-33.48612396,148.99718323,685553.5222025259,6293034.476177152,1744.9605609618689,far-field,D20171215,2017-12-15,0.07074911,0
D10118819482,-33.48608225,148.99700556,685537.1016571878,6293039.4192493195,1747.7411274776496,far-field,D20171215,2017-12-15,0.23595423,0
D10118819483,-33.48607387,148.99696986,685533.8022022279,6293040.412371076,1748.319488683835,far-field,D20171215,2017-12-15,0.2910969,0
D10118819485,-33.48605718,148.99689875,685527.2300886527,6293042.390330043,1749.4909484844675,far-field,D20171215,2017-12-15,0.6531659,0
D10118819486,-33.48604886,148.99686334,685523.9574513804,6293043.376276228,1750.085031110587,far-field,D20171215,2017-12-15,0.20868014,0
D10118819487,-33.48604057,148.99682802,685520.6931125348,6293044.358733537,1750.6830718258539,far-field,D20171215,2017-12-15,0.24806778,0
D10118819488,-33.48603233,148.99679292,685517.4491093833,6293045.3352517,1751.2839386103014,far-field,D20171215,2017-12-15,0.030395363,0
D10118819489,-33.48602413,148.99675798,685514.2198879188,6293046.307046942,1751.888097783391,far-field,D20171215,2017-12-15,0.5560345,0
D10118819492,-33.48599954,148.99665319,685504.5349863304,6293049.221263427,1753.7373627958423,far-field,D20171215,2017-12-15,0.7584721,1
D10118819493,-33.48599134,148.99661826,685501.3066917334,6293050.193036354,1754.3666742824864,far-field,D20171215,2017-12-15,0.2094233,0
D10118819494,-33.48598314,148.99658333,685498.0783965471,6293051.164808171,1755.0022354317716,far-field,D20171215,2017-12-15,0.38993758,0
D10118819495,-33.48597494,148.99654839,685494.8491715437,6293052.1365967505,1755.6439645576484,far-field,D20171215,2017-12-15,0.36652794,0
D10118819498,-33.48595126,148.99644748,685485.5228582328,6293054.942944363,1757.532084357513,far-field,D20171215,2017-12-15,0.002303805,0
D10118819499,-33.48594333,148.99641366,685482.3971284234,6293055.882785309,1758.175800101303,far-field,D20171215,2017-12-15,0.38674197,0
D10118819500,-33.48593538,148.9963798,685479.2677238117,6293056.824914605,1758.8272830172098,far-field,D20171215,2017-12-15,0.36660227,0
D10118819501,-33.48592742,148.99634585,685476.1299769378,6293057.768312648,1759.4851173156433,far-field,D20171215,2017-12-15,0.5637634,0
D10118819502,-33.48591943,148.99631182,685472.9848596707,6293058.715179464,1760.1516188183302,far-field,D20171215,2017-12-15,0.010107015,0
D10118819503,-33.48591143,148.99627772,685469.8332585909,6293059.663279271,1760.8246707024941,far-field,D20171215,2017-12-15,0.12284483,0
D10118819504,-33.48590329,148.99624305,685466.6289895943,6293060.627921933,1761.515706869075,far-field,D20171215,2017-12-15,0.29949465,0
D10118819505,-33.4858949,148.9962073,685463.3248966765,6293061.622217229,1762.234243840864,far-field,D20171215,2017-12-15,0.4001932,0
D10118819507,-33.48587802,148.99613542,685456.6816116166,6293063.622572871,1763.6996947757152,far-field,D20171215,2017-12-15,0.028686088,0
D10118819509,-33.48586104,148.99606312,685449.9995097651,6293065.634763802,1765.2001361876025,far-field,D20171215,2017-12-15,0.25943816,0
D10118819510,-33.48585252,148.9960268,685446.6427250024,6293066.644488096,1765.9627088280397,far-field,D20171215,2017-12-15,0.07632283,0
D10118819516,-33.48579885,148.99579838,685425.531750973,6293073.004350702,1770.9197215863846,far-field,D20171215,2017-12-15,0.3266201,0
D10118819517,-33.48578969,148.99575942,685421.9310099814,6293074.089755693,1771.7918568805292,far-field,D20171215,2017-12-15,0.122027345,0
D10118819519,-33.48577144,148.99568176,685414.7535364728,6293076.252334382,1773.5518314464605,far-field,D20171215,2017-12-15,0.01263377,0
D10118819520,-33.4857627,148.99564456,685411.3154419845,6293077.288015101,1774.4052600163814,far-field,D20171215,2017-12-15,0.023706896,0
D10118819523,-33.485736,148.9955309,685400.8107567735,6293080.45195928,1777.0547658093917,far-field,D20171215,2017-12-15,0.18259512,0
D10118819527,-33.48570069,148.9953806,685386.9197257542,6293084.636146819,1780.65641568507,far-field,D20171215,2017-12-15,0.21886148,0
D10118819529,-33.48568326,148.99530639,685380.0610740449,6293086.701602485,1782.475104893409,far-field,D20171215,2017-12-15,0.4065844,0
D10118819531,-33.48566635,148.99523436,685373.4038831966,6293088.705493987,1784.2652067662507,far-field,D20171215,2017-12-15,0.61689955,0
D10118819535,-33.48563243,148.99508991,685360.0534671705,6293092.725048871,1787.9320917287741,far-field,D20171215,2017-12-15,0.5393133,0
D10118819536,-33.48562378,148.99505311,685356.6523393956,6293093.750014628,1788.8833785116703,far-field,D20171215,2017-12-15,0.28686088,0
D10118819537,-33.48561511,148.9950162,685353.2410320683,6293094.777393503,1789.8434317288531,far-field,D20171215,2017-12-15,0.2175981,0
D10118819544,-33.48555525,148.99476132,685329.6843948803,6293101.870736003,1796.6506953812548,far-field,D20171215,2017-12-15,0.03909037,0
D10118819549,-33.4855129,148.99458096,685313.0150423716,6293106.889192624,1801.6541480598246,far-field,D20171215,2017-12-15,0.18586504,0
D10118819550,-33.4855049,148.99454687,685309.8643420087,6293107.837220885,1802.6166710837326,far-field,D20171215,2017-12-15,0.047934007,0
D10118819551,-33.48549684,148.99451253,685306.6905381668,6293108.792348156,1803.5919485419904,far-field,D20171215,2017-12-15,0.23090072,0
D10118819552,-33.48548872,148.99447793,685303.492701596,6293109.75459227,1804.5801191236262,far-field,D20171215,2017-12-15,0.7933264,1
D10118819553,-33.48548054,148.99444306,685300.269903058,6293110.723971053,1805.5813285737215,far-field,D20171215,2017-12-15,0.87559456,1
D10118819554,-33.48547229,148.99440792,685297.022163843,6293111.701593432,1806.596808858829,far-field,D20171215,2017-12-15,0.7285226,0
D10118819555,-33.48546397,148.99437247,685293.7457670176,6293112.687530793,1807.6268085545935,far-field,D20171215,2017-12-15,0.64134955,0
D10118819556,-33.48545575,148.99433746,685290.5100426916,6293113.661591977,1808.6501620342217,far-field,D20171215,2017-12-15,0.15717895,0
D10118819557,-33.48544709,148.99430062,685287.1052059098,6293114.687712905,1809.7343393437789,far-field,D20171215,2017-12-15,0.74249405,0
D10118819558,-33.48543814,148.99426252,685283.5839031804,6293115.748241554,1810.8615733295392,far-field,D20171215,2017-12-15,0.42434603,0
D10118819560,-33.48542033,148.99418672,685276.5782731326,6293117.858600272,1813.1247401275289,far-field,D20171215,2017-12-15,0.210761,0
D10118819561,-33.48541142,148.99414878,685273.0717507959,6293118.914403552,1814.2670488437445,far-field,D20171215,2017-12-15,0.091409035,0
D10118819562,-33.48540245,148.99411061,685269.5439832562,6293119.977269796,1815.4236732916183,far-field,D20171215,2017-12-15,0.6227705,0
D10118819565,-33.48537486,148.99399324,685258.696364634,6293123.246374277,1819.0232237752543,far-field,D20171215,2017-12-15,0.47250298,0
D10118819566,-33.48536544,148.99395318,685254.9939279564,6293124.36251145,1820.2666584483254,far-field,D20171215,2017-12-15,0.81651306,1
D10118819569,-33.48533719,148.99383301,685243.8875211955,6293127.7097874135,1824.03989404993,far-field,D20171215,2017-12-15,0.15636148,0
D10118819571,-33.48531842,148.99375318,685236.5094394952,6293129.933768385,1826.5832577544404,far-field,D20171215,2017-12-15,0.6135553,0
D10118819572,-33.48530926,148.9937142,685232.9068014983,6293131.019136587,1827.8350965346178,far-field,D20171215,2017-12-15,0.6399376,0
D10118819573,-33.48530005,148.99367502,685229.2856846105,6293132.110405099,1829.1006252744726,far-field,D20171215,2017-12-15,0.5242271,0
D10118819574,-33.48529081,148.9936357,685225.6516216146,6293133.205248917,1830.3773294724679,far-field,D20171215,2017-12-15,0.44166172,0
D10118819575,-33.48528154,148.99359624,685222.0046125054,6293134.303668028,1831.6652692118569,far-field,D20171215,2017-12-15,0.19946492,0
D10118819576,-33.48527223,148.99355665,685218.345607807,6293135.406753521,1832.9655413546343,far-field,D20171215,2017-12-15,0.13258027,0
D10118819577,-33.48526306,148.99351766,685214.7420581715,6293136.493241552,1834.253108769802,far-field,D20171215,2017-12-15,0.2089774,0
D10118819579,-33.48524414,148.99343717,685207.3029543421,6293138.73501164,1836.9315238165955,far-field,D20171215,2017-12-15,0.0720868,0
D10118819583,-33.48520596,148.99327479,685192.2953686031,6293143.258736517,1842.4240033036172,far-field,D20171215,2017-12-15,0.31034482,0
D10118819585,-33.48518683,148.99319345,685184.7777176171,6293145.525293402,1845.2197396562103,far-field,D20171215,2017-12-15,0.52207196,0
D10118819586,-33.48517721,148.99315254,685180.9967064224,6293146.665097029,1846.636713983641,far-field,D20171215,2017-12-15,0.19010107,0
D10118819588,-33.48515816,148.99307151,685173.507686537,6293148.92222018,1849.4645153558536,far-field,D20171215,2017-12-15,0.36162308,0
D10118819595,-33.48508923,148.99277845,685146.4223012419,6293157.089039144,1859.934015486018,far-field,D20171215,2017-12-15,0.5542509,0
D10118819635,-33.4846736,148.99101238,684983.197033663,6293206.329388538,1930.6399836879143,far-field,D20171215,2017-12-15,0.26612663,0
D10118919014,-33.49081922,149.01659538,687347.2348460234,6292478.916810032,2196.1905949690126,far-field,D20171215,2017-12-15,0.71299046,0
D10118919018,-33.49078359,149.01644361,687333.2094675202,6292483.142018925,2187.213323717374,far-field,D20171215,2017-12-15,0.48261,0
D10118919022,-33.4907493,149.01629747,687319.7043190191,6292487.208443757,2178.625944547158,far-field,D20171215,2017-12-15,0.3339774,0
D10118919023,-33.49074073,149.01626093,687316.3275603043,6292488.224778714,2176.487545562479,far-field,D20171215,2017-12-15,0.8522592,1
D10118919048,-33.49050918,149.01527497,687225.2127853436,6292515.681988105,2120.2084946369237,far-field,D20171215,2017-12-15,0.940324,1
D10118919462,-33.48637253,148.99768087,685599.2336435802,6293006.021118275,1723.5861913470264,far-field,D20171215,2017-12-15,0.7503716,0
D10118919465,-33.48634646,148.9975699,685588.9777027519,6293009.110599198,1725.0043732105996,far-field,D20171215,2017-12-15,0.20318073,0
D10118919466,-33.48633781,148.99753303,685585.5701197918,6293010.135773292,1725.4887244356926,far-field,D20171215,2017-12-15,0.7193817,0
D10118919469,-33.48631164,148.99742161,685575.2725694102,6293013.237133444,1726.9994404912848,far-field,D20171215,2017-12-15,0.16721165,0
D10118919474,-33.48626975,148.9972432,685558.7836914491,6293018.201529039,1729.5533690262384,far-field,D20171215,2017-12-15,0.41899523,0
D10118919475,-33.4862615,148.99720807,685555.5369340109,6293019.179223189,1730.0761793249656,far-field,D20171215,2017-12-15,0.049791913,0
D10118919476,-33.48625323,148.9971728,685552.2772095255,6293020.1593844155,1730.606177496888,far-field,D20171215,2017-12-15,0.0688912,0
D10118919477,-33.48624495,148.99713753,685549.0175057779,6293021.140653467,1731.1438072209253,far-field,D20171215,2017-12-15,0.0014863258,0
D10118919479,-33.4862282,148.9970662,685542.425093204,6293023.125670582,1732.2515417095308,far-field,D20171215,2017-12-15,0.18006837,0
D10118919480,-33.48621961,148.99702963,685539.0452499688,6293024.143637756,1732.830067915677,far-field,D20171215,2017-12-15,0.04466409,0
D10118919482,-33.48620249,148.9969567,685532.3049472546,6293026.172539336,1734.0034940829087,far-field,D20171215,2017-12-15,0.49479786,0
D10118919483,-33.48619396,148.99692038,685528.9482046767,6293027.183402251,1734.5986767473205,far-field,D20171215,2017-12-15,0.02184899,0
D10118919485,-33.48617697,148.99684802,685522.2605865449,6293029.1968613025,1735.804477516124,far-field,D20171215,2017-12-15,0.0005945303,0
D10118919486,-33.48616851,148.99681199,685518.9306402268,6293030.199439583,1736.415064553314,far-field,D20171215,2017-12-15,0.7550535,0
D10118919488,-33.48615208,148.99674199,685512.4611206257,6293032.146571796,1737.619911931041,far-field,D20171215,2017-12-15,0.03790131,0
D10118919489,-33.48614388,148.99670706,685509.2328325091,6293033.118347686,1738.2307959418767,far-field,D20171215,2017-12-15,0.0077288942,0
D10118919493,-33.48611108,148.99656733,685496.3187449216,6293037.0054580085,1740.737396471968,far-field,D20171215,2017-12-15,0.071269326,0
D10118919494,-33.48610289,148.99653243,685493.0932202007,6293037.976065777,1741.378937250646,far-field,D20171215,2017-12-15,0.4205559,0
D10118919498,-33.4860712,148.99639736,685480.6097722328,6293041.73173216,1743.9201420636446,far-field,D20171215,2017-12-15,0.07305291,0
D10118919500,-33.48605539,148.99632996,685474.380514838,6293043.605436541,1745.2228649429321,far-field,D20171215,2017-12-15,0.068742566,0
D10118919501,-33.48604751,148.99629638,685471.2769827003,6293044.539300354,1745.8809366764258,far-field,D20171215,2017-12-15,0.43274376,0
D10118919503,-33.48603165,148.99622881,685465.0320318223,6293046.418847093,1747.222999418428,far-field,D20171215,2017-12-15,0.34244946,0
D10118919505,-33.4860155,148.99615996,685458.6687563187,6293048.332836551,1748.6132843797802,far-field,D20171215,2017-12-15,0.37626338,0
D10118919507,-33.48599925,148.99609075,685452.2722396529,6293050.2585544875,1750.0368728395579,far-field,D20171215,2017-12-15,0.065249704,0
D10118919509,-33.48598291,148.99602113,685445.8378143283,6293052.194981223,1751.4927333866128,far-field,D20171215,2017-12-15,0.22651605,0
D10118919510,-33.48597455,148.99598553,685442.547597097,6293053.185674571,1752.247179487913,far-field,D20171215,2017-12-15,0.16639417,0
D10118919516,-33.48592149,148.99575964,685421.6704447793,6293059.473363441,1757.1848656570194,far-field,D20171215,2017-12-15,0.5709721,0
D10118919521,-33.48587693,148.99557,685404.143594082,6293064.753640696,1761.5294926795657,far-field,D20171215,2017-12-15,0.48803508,0
D10118919522,-33.48586822,148.99553293,685400.7175188878,6293065.7857587,1762.3996769942664,far-field,D20171215,2017-12-15,0.4270214,0
D10118919531,-33.48578755,148.99518957,685368.9835335253,6293075.344983763,1770.7823403628506,far-field,D20171215,2017-12-15,0.45184305,0
D10118919532,-33.48577876,148.99515218,685365.5278867369,6293076.386532076,1771.7308050148217,far-field,D20171215,2017-12-15,0.8239447,1
D10118919535,-33.48575197,148.99503813,685354.9871426129,6293079.561102869,1774.663655130723,far-field,D20171215,2017-12-15,0.7193817,0
D10118919536,-33.48574327,148.99500111,685351.5656827107,6293080.592004692,1775.6297265273804,far-field,D20171215,2017-12-15,0.15851665,0
D10118919537,-33.48573439,148.99496333,685348.0739844274,6293081.64422364,1776.622652696849,far-field,D20171215,2017-12-15,0.24628419,0
D10118919538,-33.48572573,148.99492643,685344.6635886783,6293082.670472835,1777.5976767012878,far-field,D20171215,2017-12-15,0.369129,0
D10118919539,-33.48571692,148.99488893,685341.1977582438,6293083.714426538,1778.5963311793048,far-field,D20171215,2017-12-15,0.084869206,0
D10118919540,-33.48570834,148.99485241,685337.8225013592,6293084.731123041,1779.5754498831957,far-field,D20171215,2017-12-15,0.0164239,0
D10118919542,-33.48569179,148.99478192,685331.3076390105,6293086.6923128795,1781.482310893027,far-field,D20171215,2017-12-15,0.5442925,0
D10118919543,-33.48568369,148.9947474,685328.1172030868,6293087.652204851,1782.4243261283773,far-field,D20171215,2017-12-15,0.5746136,0
D10118919544,-33.4856754,148.99471209,685324.853762402,6293088.634576462,1783.3943366630895,far-field,D20171215,2017-12-15,0.6102111,0
D10118919550,-33.48562736,148.99450738,685305.933882274,6293094.327494713,1789.133153875646,far-field,D20171215,2017-12-15,0.87856716,1
D10118919553,-33.48560442,148.99440957,685296.8939683184,6293097.046058397,1791.944071260734,far-field,D20171215,2017-12-15,0.7969679,1
D10118919554,-33.48559661,148.99437627,685293.816274316,6293097.971601,1792.9113917675936,far-field,D20171215,2017-12-15,0.68408144,0
D10118919557,-33.48557158,148.99426966,685283.9630847187,6293100.937633837,1796.0463493123186,far-field,D20171215,2017-12-15,0.5350773,0
D10118919558,-33.48556263,148.99423159,685280.444574546,6293101.998108011,1797.1800957170021,far-field,D20171215,2017-12-15,0.19441141,0
D10118919559,-33.48555367,148.99419343,685276.9177219067,6293103.059850477,1798.3221034339974,far-field,D20171215,2017-12-15,0.6988704,0
D10118919560,-33.4855447,148.99415528,685273.3918190966,6293104.122682724,1799.471990238028,far-field,D20171215,2017-12-15,0.3799792,0
D10118919561,-33.48553574,148.99411712,685269.8649650472,6293105.184422543,1800.627608663791,far-field,D20171215,2017-12-15,0.8810196,1
D10118919562,-33.48552676,148.99407894,685266.3362944426,6293106.248414644,1801.7923202237723,far-field,D20171215,2017-12-15,0.77355826,1
D10118919565,-33.48549915,148.99396146,685255.4785118379,6293109.519930457,1805.416233799645,far-field,D20171215,2017-12-15,0.062202733,0
D10118919571,-33.48544292,148.99372226,685233.3710838496,6293116.182495741,1812.9931663120708,far-field,D20171215,2017-12-15,0.082342446,0
D10118919573,-33.48542512,148.9936465,685226.3691404441,6293118.291637172,1815.4465516514442,far-field,D20171215,2017-12-15,0.07156659,0
D10118919574,-33.48541607,148.99360799,685222.8099455918,6293119.363964509,1816.7038771487275,far-field,D20171215,2017-12-15,0.45674792,0
D10118919575,-33.48540699,148.99356935,685219.2387339105,6293120.439849349,1817.972150053114,far-field,D20171215,2017-12-15,0.23684601,0
D10118919576,-33.48539787,148.99353056,685215.653668223,6293121.520436319,1819.2526724086283,far-field,D20171215,2017-12-15,0.2308264,0
D10118919577,-33.48538888,148.9934923,685212.1175742227,6293122.585659758,1820.5217630816953,far-field,D20171215,2017-12-15,0.40257135,0
D10118919583,-33.48533167,148.99324898,685189.6293351235,6293129.364151484,1828.75069226663,far-field,D20171215,2017-12-15,0.5867271,0
D10118919586,-33.48530211,148.99312332,685178.0155453112,6293132.866418729,1833.1053976577552,far-field,D20171215,2017-12-15,0.7355083,0
D10118919600,-33.48515972,148.99251812,685122.0814960425,6293149.736395241,1855.0489005746076,far-field,D20171215,2017-12-15,0.7692479,1
D10119019014,-33.4909435,149.01656357,687344.0113525877,6292465.192092188,2185.650994058149,far-field,D20171215,2017-12-15,0.110879906,0
D10119019020,-33.49089139,149.01634151,687323.4903085065,6292471.3717463,2172.463189587214,far-field,D20171215,2017-12-15,0.22064507,0
D10119019341,-33.48774419,149.00295156,686086.062880428,6292844.472307924,1714.2779857079627,far-field,D20171215,2017-12-15,0.3229786,0
D10119019441,-33.48666568,148.99836872,685662.5243293351,6292972.281864276,1701.9127172882525,far-field,D20171215,2017-12-15,0.7849287,1
D10119019461,-33.48650135,148.99766858,685597.8167079606,6292991.7575571295,1709.2818907026117,far-field,D20171215,2017-12-15,0.04102259,0
D10119019467,-33.48644961,148.99744828,685577.4563893685,6292997.889215609,1712.1493272207395,far-field,D20171215,2017-12-15,0.92011,1
D10119019469,-33.48643212,148.99737379,685570.5719428242,6292999.961965812,1713.1769720346144,far-field,D20171215,2017-12-15,0.45451844,0
D10119019475,-33.48638157,148.99715849,685550.673664708,6293005.952660747,1716.3128527096135,far-field,D20171215,2017-12-15,0.01724138,0
D10119019476,-33.4863732,148.99712285,685547.3797765642,6293006.944571536,1716.8558978636595,far-field,D20171215,2017-12-15,0.07914685,0
D10119019477,-33.48636485,148.99708727,685544.0914204641,6293007.934155996,1717.404077986158,far-field,D20171215,2017-12-15,0.054250892,0
D10119019479,-33.48634755,148.99701362,685537.284610216,6293009.984309977,1718.5617700301207,far-field,D20171215,2017-12-15,0.099212244,0
D10119019480,-33.48633898,148.99697712,685533.9112331552,6293010.999932507,1719.1457070319907,far-field,D20171215,2017-12-15,0.22681332,0
D10119019483,-33.48631326,148.9968676,685523.7892610019,6293014.047937527,1720.9405119606658,far-field,D20171215,2017-12-15,0.012187871,0
D10119019484,-33.48630469,148.99683109,685520.4149521436,6293015.063573085,1721.5523880775315,far-field,D20171215,2017-12-15,0.809676,1
D10119019485,-33.48629643,148.99679591,685517.1635679399,6293016.042452533,1722.1488308482185,far-field,D20171215,2017-12-15,0.09074019,0
D10119019486,-33.48628822,148.99676093,685513.9306609335,6293017.015428599,1722.7479766974595,far-field,D20171215,2017-12-15,0.76055294,1
D10119019487,-33.48628001,148.99672597,685510.6996117807,6293017.9883678015,1723.3536975511647,far-field,D20171215,2017-12-15,0.05150119,0
D10119019488,-33.48627182,148.99669105,685507.4722362689,6293018.959016493,1723.9639334592364,far-field,D20171215,2017-12-15,0.25713438,0
D10119019491,-33.48624722,148.99658626,685497.7873825154,6293021.874336388,1725.8359088343548,far-field,D20171215,2017-12-15,0.060047563,0
D10119019493,-33.48623084,148.99651647,685491.3372723035,6293023.815534424,1727.1139753341013,far-field,D20171215,2017-12-15,0.505648,0
D10119019494,-33.48622269,148.99648176,685488.1293216322,6293024.781365337,1727.7594233836444,far-field,D20171215,2017-12-15,0.13414091,0
D10119019497,-33.48619838,148.99637817,685478.5553456037,6293027.662361119,1729.7214067150892,far-field,D20171215,2017-12-15,0.3987812,0
D10119019500,-33.48617426,148.99627538,685469.0552970857,6293030.520847425,1731.7228382459011,far-field,D20171215,2017-12-15,0.08390309,0
D10119019501,-33.48616646,148.99624213,685465.9822626327,6293031.445248378,1732.3816699922666,far-field,D20171215,2017-12-15,0.10708977,0
D10119019502,-33.48615855,148.99620842,685462.8667179258,6293032.382668806,1733.0556570554675,far-field,D20171215,2017-12-15,0.65636146,0
D10119019503,-33.48615063,148.99617464,685459.7446894315,6293033.321322238,1733.736193012683,far-field,D20171215,2017-12-15,0.33747026,0
D10119019505,-33.48613473,148.99610688,685453.4821742577,6293035.205637077,1735.120404462283,far-field,D20171215,2017-12-15,0.21938169,0
D10119019506,-33.48612675,148.99607288,685450.3398291236,6293036.151334209,1735.8240314964005,far-field,D20171215,2017-12-15,0.2759364,0
D10119019510,-33.48609456,148.9959357,685437.6613702191,6293039.966162261,1738.7221926576976,far-field,D20171215,2017-12-15,0.11950059,0
D10119019513,-33.48606977,148.99583012,685427.9034745962,6293042.903891677,1741.01969476122,far-field,D20171215,2017-12-15,0.18237218,0
D10119019514,-33.48606138,148.99579436,685424.5984555198,6293043.898191694,1741.8099792760586,far-field,D20171215,2017-12-15,0.6141498,0
D10119019515,-33.48605291,148.99575829,685421.2648004247,6293044.901915997,1742.614480653112,far-field,D20171215,2017-12-15,0.11444709,0
D10119019521,-33.4860004,148.99553477,685400.6067094329,6293051.124333041,1747.7487362303234,far-field,D20171215,2017-12-15,0.18712842,0
D10119019522,-33.48599144,148.99549661,685397.0798862659,6293052.186120899,1748.649845288715,far-field,D20171215,2017-12-15,0.8875595,1
D10119019535,-33.48587422,148.99499779,685350.9780901244,6293066.076198254,1761.1057498815228,far-field,D20171215,2017-12-15,0.22436088,0
D10119019537,-33.48585666,148.99492302,685344.0676862057,6293068.157045097,1763.0773633390252,far-field,D20171215,2017-12-15,0.0862069,0
D10119019538,-33.48584787,148.99488559,685340.6083230257,6293069.198655924,1764.0745535758201,far-field,D20171215,2017-12-15,0.06903984,0
D10119019544,-33.48579642,148.99466653,685320.3623143865,6293075.295382971,1770.047911686759,far-field,D20171215,2017-12-15,0.45147145,0
D10119019545,-33.48578811,148.99463114,685317.0914861555,6293076.28011287,1771.0345058233506,far-field,D20171215,2017-12-15,0.8179251,1
D10119019548,-33.48576494,148.99453237,685307.9628762101,6293079.025907882,1773.8173987651708,far-field,D20171215,2017-12-15,0.14536266,0
D10119019554,-33.48572121,148.99434578,685290.7175862622,6293084.208486057,1779.1975682640807,far-field,D20171215,2017-12-15,0.07149227,0
D10119019555,-33.48571394,148.99431479,685287.8533972176,6293085.070019528,1780.1079832165976,far-field,D20171215,2017-12-15,0.4160969,0
D10119019556,-33.48570522,148.99427765,685284.420821524,6293086.103329267,1781.2058778338976,far-field,D20171215,2017-12-15,0.4557075,0
D10119019557,-33.48569627,148.99423957,685280.9013877006,6293087.1638217205,1782.3393727847874,far-field,D20171215,2017-12-15,0.8743312,1
D10119019558,-33.48568731,148.99420142,685277.3754698816,6293088.225546765,1783.4811092646448,far-field,D20171215,2017-12-15,0.86147445,1
D10119019559,-33.48567834,148.99416327,685273.8495726627,6293089.288379442,1784.6308199098569,far-field,D20171215,2017-12-15,0.31123662,0
D10119019560,-33.48566938,148.99412511,685270.3227242084,6293090.350119691,1785.7863188482015,far-field,D20171215,2017-12-15,0.6222503,0
D10119019561,-33.48566041,148.99408695,685266.7958963508,6293091.412967566,1786.949768831417,far-field,D20171215,2017-12-15,0.7291914,0
D10119019563,-33.48564212,148.99400912,685259.6026705278,6293093.580167976,1789.3433146178934,far-field,D20171215,2017-12-15,0.8956599,1
D10119019568,-33.48559512,148.99380923,685241.1284234852,6293099.1490224525,1795.6228958943739,far-field,D20171215,2017-12-15,0.4032402,0
D10119019575,-33.4855308,148.99353555,685215.8342564253,6293106.770229289,1804.5164155058362,far-field,D20171215,2017-12-15,0.41438764,0
D10119019576,-33.48552175,148.99349703,685212.2741357739,6293107.842570739,1805.7953430542516,far-field,D20171215,2017-12-15,0.5262337,0
D10119019647,-33.48479476,148.99040752,684926.7334902665,6293193.971183451,1929.1780867617495,far-field,D20171215,2017-12-15,0.91401607,1
D10119119007,-33.49113938,149.01683633,687368.9334854372,6292442.977343515,2193.5412316989605,far-field,D20171215,2017-12-15,0.800981,1
D10119119014,-33.49107086,149.01654473,687341.9863716899,6292451.102399171,2175.9278796931244,far-field,D20171215,2017-12-15,0.59378713,0
D10119119015,-33.49106177,149.016506,687338.4072586143,6292452.180362075,2173.604466996275,far-field,D20171215,2017-12-15,0.7285969,0
D10119119140,-33.48982996,149.01126453,686854.0298470673,6292598.2328625005,1901.3566632664215,far-field,D20171215,2017-12-15,0.52660525,0
D10119119444,-33.48676015,148.99821013,685647.5861767911,6292962.089268931,1688.9671058613887,far-field,D20171215,2017-12-15,0.7627824,1
D10119119469,-33.48655261,148.99732601,685565.8750233308,6292986.685615739,1699.3581458868807,far-field,D20171215,2017-12-15,0.67828476,0
D10119119471,-33.48653546,148.99725297,685559.1245944556,6292988.718061091,1700.4057120973523,far-field,D20171215,2017-12-15,0.30150118,0
D10119119472,-33.48652668,148.99721559,685555.669903519,6292989.758553054,1700.953219067085,far-field,D20171215,2017-12-15,0.53076696,0
D10119119474,-33.48650953,148.99714258,685548.9222584084,6292991.790937436,1702.0442622189646,far-field,D20171215,2017-12-15,0.06361474,0
D10119119476,-33.48649245,148.99706984,685542.1995503242,6292993.815071609,1703.158842455833,far-field,D20171215,2017-12-15,0.114224136,0
D10119119477,-33.48648388,148.99703334,685538.8261794632,6292994.830696149,1703.7286911838455,far-field,D20171215,2017-12-15,0.2468044,0
D10119119478,-33.48647531,148.99699683,685535.4518787336,6292995.846337357,1704.3055304496459,far-field,D20171215,2017-12-15,0.64112663,0
D10119119480,-33.48645816,148.99692382,685528.7042259036,6292997.87870721,1705.481661982116,far-field,D20171215,2017-12-15,0.398261,0
D10119119481,-33.48644959,148.99688732,685525.3308524649,6292998.894326903,1706.079832871964,far-field,D20171215,2017-12-15,0.19641796,0
D10119119482,-33.48644101,148.99685081,685521.9565704947,6292999.911072213,1706.6860762325205,far-field,D20171215,2017-12-15,0.3266201,0
D10119119483,-33.48643244,148.9968143,685518.5822665475,6293000.926707359,1707.298273551665,far-field,D20171215,2017-12-15,0.16654281,0
D10119119484,-33.48642436,148.99677986,685515.399265466,6293001.884302524,1707.8817693518683,far-field,D20171215,2017-12-15,0.7938466,1
D10119119485,-33.48641615,148.99674489,685512.1672923983,6293002.857260345,1708.4812810698688,far-field,D20171215,2017-12-15,0.122101665,0
D10119119486,-33.48640795,148.99670995,685508.9380850709,6293003.829054477,1709.0863978625594,far-field,D20171215,2017-12-15,0.50245243,0
D10119119487,-33.48639975,148.99667502,685505.7098063773,6293004.800829625,1709.698034201295,far-field,D20171215,2017-12-15,0.25810048,0
D10119119488,-33.48639155,148.9966401,685502.4824563176,6293005.772585789,1710.316177800779,far-field,D20171215,2017-12-15,0.08152497,0
D10119119489,-33.48638336,148.99660517,685499.254155115,6293006.743249765,1710.9395518066838,far-field,D20171215,2017-12-15,0.04406956,0
D10119119492,-33.48635887,148.99650085,685489.6127507658,6293009.645523416,1712.8427640616621,far-field,D20171215,2017-12-15,0.3089328,0
D10119119493,-33.48635078,148.99646636,685486.425119691,6293010.604307072,1713.4837921170713,far-field,D20171215,2017-12-15,0.39216706,0
D10119119494,-33.48634267,148.9964318,685483.2310261459,6293011.565432655,1714.132759370677,far-field,D20171215,2017-12-15,0.6987961,0
D10119119497,-33.4863182,148.99632757,685473.5979334062,6293014.465311112,1716.1289673310846,far-field,D20171215,2017-12-15,0.23513675,0
D10119119498,-33.48631001,148.99629265,685470.3705561559,6293015.435947286,1716.8095144706706,far-field,D20171215,2017-12-15,0.252824,0
D10119119499,-33.48630179,148.99625764,685467.1348792971,6293016.410070039,1717.4991665396337,far-field,D20171215,2017-12-15,0.16750892,0
D10119119502,-33.4862782,148.99615708,685457.8409258511,6293019.205786174,1719.5131868284197,far-field,D20171215,2017-12-15,0.15576695,0
D10119119503,-33.48627024,148.99612318,685454.7078359666,6293020.1490884,1720.2047781666793,far-field,D20171215,2017-12-15,0.3781213,0
D10119119504,-33.48626228,148.99608922,685451.5691701862,6293021.092496793,1720.9019914703651,far-field,D20171215,2017-12-15,0.064209275,0
D10119119505,-33.48625441,148.99605571,685448.4721269623,6293022.025119491,1721.5975179032955,far-field,D20171215,2017-12-15,0.09453032,0
D10119119506,-33.48624656,148.99602224,685445.3787574398,6293022.955451792,1722.2968212940154,far-field,D20171215,2017-12-15,0.07914685,0
D10119119507,-33.48623869,148.9959887,685442.2789254592,6293023.88812605,1723.0037732398343,far-field,D20171215,2017-12-15,0.32104638,0
D10119119508,-33.48623097,148.99595576,685439.2345264725,6293024.803092958,1723.702691763422,far-field,D20171215,2017-12-15,0.19225624,0
D10119119509,-33.48622329,148.99592302,685436.2086261356,6293025.713265726,1724.4036534791144,far-field,D20171215,2017-12-15,0.36645362,0
D10119119512,-33.48619993,148.99582346,685427.0070883846,6293028.48165873,1726.569632148544,far-field,D20171215,2017-12-15,0.08724733,0
D10119119513,-33.48619204,148.9957898,685423.8961451505,6293029.416759217,1727.3125411262658,far-field,D20171215,2017-12-15,0.12291914,0
D10119119514,-33.48618408,148.99575591,685420.7639784756,6293030.360032253,1728.0681548691666,far-field,D20171215,2017-12-15,0.047636744,0
D10119119515,-33.48617607,148.99572176,685417.6077580343,6293031.309313502,1728.8342643543697,far-field,D20171215,2017-12-15,0.54451543,0
D10119119516,-33.48616791,148.99568699,685414.394244964,6293032.276335601,1729.620892849299,far-field,D20171215,2017-12-15,0.880871,1
D10119119517,-33.48615955,148.99565138,685411.1031029163,6293033.267036276,1730.4332168655499,far-field,D20171215,2017-12-15,0.08152497,0
D10119119518,-33.48615114,148.99561555,685407.7916239281,6293034.263673576,1731.2568776267944,far-field,D20171215,2017-12-15,0.055365637,0
D10119119519,-33.48614267,148.99557952,685404.4616877566,6293035.267320702,1732.0931497154695,far-field,D20171215,2017-12-15,0.078775264,0
D10119119524,-33.48609923,148.99539454,685387.3655056934,6293040.415041914,1736.4849025475312,far-field,D20171215,2017-12-15,0.5429548,0
D10119119527,-33.48607108,148.99527482,685376.3008360788,6293043.750583598,1739.4229582765443,far-field,D20171215,2017-12-15,0.4480529,0
D10119119530,-33.48604262,148.99515377,685365.1132333693,6293047.122865161,1742.4662303057007,far-field,D20171215,2017-12-15,0.25393876,0
D10119119532,-33.48602404,148.99507472,685357.8073114221,6293049.324479876,1744.4923685505646,far-field,D20171215,2017-12-15,0.15546969,0
D10119119535,-33.48599652,148.99495763,685346.9856668703,6293052.585425995,1747.5503044111572,far-field,D20171215,2017-12-15,0.09742866,0
D10119119538,-33.48596971,148.99484351,685336.4384826026,6293055.76232042,1750.5944164125958,far-field,D20171215,2017-12-15,0.29667062,0
D10119119540,-33.48595241,148.99476983,685329.6288153161,6293057.812377937,1752.592715077574,far-field,D20171215,2017-12-15,0.012782402,0
D10119119541,-33.48594371,148.99473279,685326.2055027232,6293058.843306731,1753.6076573302098,far-field,D20171215,2017-12-15,0.1368163,0
D10119119543,-33.48592639,148.99465907,685319.3921572131,6293060.895646153,1755.648097924205,far-field,D20171215,2017-12-15,0.7257729,0
D10119119544,-33.48591778,148.99462242,685316.0048906761,6293061.915894289,1756.6722754397006,far-field,D20171215,2017-12-15,0.06896552,0
D10119119548,-33.48588751,148.99449333,685304.0740083812,6293065.503179105,1760.3252756783982,far-field,D20171215,2017-12-15,0.2116528,0
D10119119549,-33.48588026,148.9944624,685301.2153587076,6293066.362391829,1761.2121963644595,far-field,D20171215,2017-12-15,0.7288942,0
D10119119555,-33.48583513,148.99426994,685283.4276155791,6293071.710691376,1766.8362236162354,far-field,D20171215,2017-12-15,0.55090666,0
D10119119556,-33.4858269,148.9942349,685280.1891381263,6293072.68591222,1767.8807180345598,far-field,D20171215,2017-12-15,0.11704816,0
D10119119558,-33.48581021,148.99416378,685273.616031807,6293074.663712975,1770.0170983363141,far-field,D20171215,2017-12-15,0.22086802,0
D10119119563,-33.4857662,148.99397647,685256.3044273569,6293079.878565155,1775.7642679360508,far-field,D20171215,2017-12-15,0.723915,0
D10119119564,-33.48575687,148.99393678,685252.6361972135,6293080.984061211,1777.0037912732657,far-field,D20171215,2017-12-15,0.07840369,0
D10119119569,-33.48570987,148.99373687,685234.1601132362,6293086.552939025,1783.359769466713,far-field,D20171215,2017-12-15,0.75059456,0
D10119119571,-33.4856911,148.99365699,685226.7774158542,6293088.7770032035,1785.9503240075549,far-field,D20171215,2017-12-15,0.13421522,0
D10119119592,-33.48548947,148.99279955,685147.5309223493,6293112.666703975,1815.6041947124695,far-field,D20171215,2017-12-15,0.8038793,1
D10119119599,-33.48541699,148.99249156,685119.0658385146,6293121.253761098,1827.0596861510214,far-field,D20171215,2017-12-15,0.94820154,1
D10119119601,-33.48539601,148.99240242,685110.8273288547,6293123.73932857,1830.4521877156394,far-field,D20171215,2017-12-15,0.9771849,1
D10119219004,-33.49129727,149.01694736,687378.9098567248,6292425.267505344,2191.93420641579,far-field,D20171215,2017-12-15,0.50014865,0
D10119219007,-33.49126822,149.01682372,687367.4841557953,6292428.712279243,2184.3533558285603,far-field,D20171215,2017-12-15,0.72495544,0
D10119219010,-33.49123889,149.01669888,687355.9475499238,6292432.190256641,2176.738383471544,far-field,D20171215,2017-12-15,0.24152794,0
D10119219140,-33.48996001,149.01125701,686853.0516347985,6292583.824408086,1890.1920594488283,far-field,D20171215,2017-12-15,0.7652348,1
D10119219144,-33.4899227,149.01109822,686838.3772503743,6292588.247825304,1883.3754569648866,far-field,D20171215,2017-12-15,0.5153835,0
D10119219444,-33.48688164,148.99816657,685643.2791578267,6292948.694508018,1674.9918648560729,far-field,D20171215,2017-12-15,0.32877526,0
D10119219472,-33.48664591,148.99716252,685550.484140369,6292976.631382342,1687.2368982989876,far-field,D20171215,2017-12-15,0.22005053,0
D10119219474,-33.48662877,148.99708953,685543.7383409003,6292978.662618782,1688.3408356813218,far-field,D20171215,2017-12-15,0.25535077,0
D10119219476,-33.48661183,148.99701736,685537.0683081355,6292980.670205407,1689.4597205086382,far-field,D20171215,2017-12-15,0.60017836,0
D10119219478,-33.48659479,148.99694483,685530.365034298,6292982.689520371,1690.6140598682719,far-field,D20171215,2017-12-15,0.5364893,0
D10119219480,-33.48657767,148.9968719,685523.6247598013,6292984.718417197,1691.8016343809388,far-field,D20171215,2017-12-15,0.5666617,0
D10119219481,-33.48656907,148.99683527,685520.2393747953,6292985.7375945505,1692.4089769910863,far-field,D20171215,2017-12-15,0.08910523,0
D10119219482,-33.48656057,148.99679908,685516.8946614867,6292986.7448946545,1693.016424142923,far-field,D20171215,2017-12-15,0.05306183,0
D10119219485,-33.4865359,148.99669397,685507.1802573747,6292989.668560322,1694.8183533307752,far-field,D20171215,2017-12-15,0.17657551,0
D10119219487,-33.4865195,148.9966241,685500.7227796034,6292991.612126645,1696.048780340949,far-field,D20171215,2017-12-15,0.58368015,0
D10119219488,-33.4865113,148.99658917,685497.4945044434,6292992.583899206,1696.6737485420433,far-field,D20171215,2017-12-15,0.1811088,0
D10119219489,-33.4865031,148.99655425,685494.2671579135,6292993.55565278,1697.3052597963356,far-field,D20171215,2017-12-15,0.15903686,0
D10119219492,-33.48647914,148.99645214,685484.8299931954,6292996.39519784,1699.186914304177,far-field,D20171215,2017-12-15,0.14573425,0
D10119219495,-33.48645522,148.99635018,685475.4066764436,6292999.230029538,1701.120155443638,far-field,D20171215,2017-12-15,0.056331746,0
D10119219498,-33.48643119,148.99624779,685465.9436327616,6293002.077818673,1703.117559586477,far-field,D20171215,2017-12-15,0.44195896,0
D10119219499,-33.48642345,148.99621477,685462.8918514743,6293002.995154339,1703.7723783226668,far-field,D20171215,2017-12-15,0.17999406,0
D10119219500,-33.48641585,148.99618239,685459.8992412549,6293003.895820032,1704.4211547628804,far-field,D20171215,2017-12-15,0.037083827,0
D10119219501,-33.48640807,148.99614922,685456.8336059116,6293004.81785758,1705.0908419679915,far-field,D20171215,2017-12-15,0.068742566,0
D10119219505,-33.48637679,148.99601585,685444.5072841204,6293008.524973892,1707.8412279471077,far-field,D20171215,2017-12-15,0.11608204,0
D10119219506,-33.48636892,148.99598231,685441.4074568235,6293009.45764809,1708.5478652185545,far-field,D20171215,2017-12-15,0.087990485,0
D10119219507,-33.48636138,148.99595016,685438.4360871293,6293010.351242272,1709.2302712074197,far-field,D20171215,2017-12-15,0.23595423,0
D10119219508,-33.48635389,148.99591822,685435.4841239774,6293011.238915542,1709.913441506449,far-field,D20171215,2017-12-15,0.019470869,0
D10119219509,-33.48634637,148.99588615,685432.5201444165,6293012.13014701,1710.6046519170952,far-field,D20171215,2017-12-15,0.020585611,0
D10119219512,-33.48632362,148.99578912,685423.5524116654,6293014.8263709005,1712.7280608017625,far-field,D20171215,2017-12-15,0.01724138,0
D10119219513,-33.48631596,148.99575649,685420.5366921639,6293015.734124413,1713.4540906876518,far-field,D20171215,2017-12-15,0.48246136,0
D10119219514,-33.48630845,148.99572444,685417.5745472253,6293016.62420648,1714.1710135775625,far-field,D20171215,2017-12-15,0.012187871,0
D10119219516,-33.48629237,148.99565592,685411.2417995151,6293018.529812969,1715.7241183774768,far-field,D20171215,2017-12-15,0.82543105,1
D10119219518,-33.48627605,148.99558638,685404.814780509,6293020.46385218,1717.3250108709942,far-field,D20171215,2017-12-15,0.13964032,0
D10119219520,-33.48625956,148.99551615,685398.3240052175,6293022.417971762,1718.9677621061594,far-field,D20171215,2017-12-15,0.4480529,0
D10119219522,-33.48624321,148.9954465,685391.8868240197,6293024.355525481,1720.6213448548729,far-field,D20171215,2017-12-15,0.6701843,0
D10119219524,-33.4862254,148.99537068,685384.8794221734,6293026.466002769,1722.4507168494301,far-field,D20171215,2017-12-15,0.08999703,0
D10119219525,-33.48621626,148.99533179,685381.2851572846,6293027.549050288,1723.4008829851746,far-field,D20171215,2017-12-15,0.23179251,0
D10119219527,-33.48619787,148.99525355,685374.0541155188,6293029.728161279,1725.3358189314265,far-field,D20171215,2017-12-15,0.7614447,1
D10119219529,-33.48617935,148.99517476,685366.7722405919,6293031.922665401,1727.3156106418073,far-field,D20171215,2017-12-15,0.50118905,0
D10119219530,-33.48617001,148.99513502,685363.099414305,6293033.029403131,1728.325888512129,far-field,D20171215,2017-12-15,0.018876338,0
D10119219531,-33.48616038,148.99509405,685359.3129108571,6293034.170495775,1729.375825570047,far-field,D20171215,2017-12-15,0.23825802,0
D10119219533,-33.48614171,148.99501464,685351.9737376713,6293036.382730001,1731.4352860927431,far-field,D20171215,2017-12-15,0.10694114,0
D10119219535,-33.48612299,148.994935,685344.6132958455,6293038.600913988,1733.5318387811376,far-field,D20171215,2017-12-15,0.44678953,0
D10119219537,-33.48610441,148.99485597,685337.3092352676,6293040.80247757,1735.6438580395534,far-field,D20171215,2017-12-15,0.48513675,0
D10119219538,-33.48609532,148.99481728,685333.7334386285,6293041.879604976,1736.6884296930398,far-field,D20171215,2017-12-15,0.33323425,0
D10119219539,-33.48608624,148.99477862,685330.1604076268,6293042.955568498,1737.7392518529118,far-field,D20171215,2017-12-15,0.019991081,0
D10119219540,-33.48607715,148.99473998,685326.5892556605,6293044.032603897,1738.798526225186,far-field,D20171215,2017-12-15,0.12522295,0
D10119219541,-33.48606807,148.99470133,685323.0171524403,6293045.108546842,1739.8640581255836,far-field,D20171215,2017-12-15,0.07297859,0
D10119219544,-33.48604111,148.9945866,685312.4136072276,6293048.303138554,1743.070938288209,far-field,D20171215,2017-12-15,0.029057669,0
D10119219545,-33.48603357,148.99455442,685309.4394281862,6293049.196745482,1743.9795616685603,far-field,D20171215,2017-12-15,0.45199168,0
D10119219546,-33.4860259,148.99452173,685306.4181351757,6293050.105678421,1744.9089235834201,far-field,D20171215,2017-12-15,0.12054102,0
D10119219547,-33.48601827,148.99448921,685303.4125532462,6293051.00987106,1745.8386054705115,far-field,D20171215,2017-12-15,0.65353745,0
D10119219549,-33.48600307,148.9944244,685297.4226321894,6293052.811189107,1747.7060573766987,far-field,D20171215,2017-12-15,0.6256688,0
D10119219550,-33.48599566,148.99439276,685294.4983518093,6293053.689410832,1748.6239691441663,far-field,D20171215,2017-12-15,0.009289537,0
D10119219551,-33.48598805,148.99436034,685291.5020174915,6293054.591203222,1749.5714568847623,far-field,D20171215,2017-12-15,0.559453,0
D10119219558,-33.48593392,148.99412956,685270.1726724601,6293061.005947804,1756.457798331584,far-field,D20171215,2017-12-15,0.9796373,1
D10119219560,-33.48591801,148.99406177,685263.9073433066,6293062.89129963,1758.5301578895228,far-field,D20171215,2017-12-15,0.50423604,0
D10119219565,-33.48587061,148.99386015,685245.2732542439,6293068.507611137,1764.831630233353,far-field,D20171215,2017-12-15,0.7843341,1
D10119219566,-33.48586098,148.99381919,685241.4876547673,6293069.648638418,1766.135313695998,far-field,D20171215,2017-12-15,0.24390607,0
D10119219567,-33.48585139,148.99377843,685237.72055381,6293070.784871412,1767.4412327483954,far-field,D20171215,2017-12-15,0.26582938,0
D10119219568,-33.4858421,148.99373889,685234.0661787327,6293071.885656958,1768.7140713596182,far-field,D20171215,2017-12-15,0.48669738,0
D10119219571,-33.48581461,148.99362193,685223.2564913209,6293075.142902404,1772.523006452571,far-field,D20171215,2017-12-15,0.0067627826,0
D10119219597,-33.48556553,148.99256268,685125.3583410594,6293104.654536476,1809.8751885794445,far-field,D20171215,2017-12-15,0.8092301,1
D10119319004,-33.49142459,149.01692835,687376.8691182012,6292411.18255977,2182.4539214383235,far-field,D20171215,2017-12-15,0.4936088,0
D10119319009,-33.49137619,149.01672235,687357.8324653085,6292416.921870512,2169.770394158723,far-field,D20171215,2017-12-15,0.32557967,0
D10119319010,-33.49136651,149.01668116,687354.02606144,6292418.069709972,2167.2474276624725,far-field,D20171215,2017-12-15,0.25022295,0
D10119319012,-33.49134716,149.01659881,687346.4160172171,6292420.364221142,2162.216230252479,far-field,D20171215,2017-12-15,0.5141201,0
D10119319013,-33.4913375,149.01655769,687342.6160720079,6292421.509711681,2159.710419526114,far-field,D20171215,2017-12-15,0.1733799,0
D10119319016,-33.49130971,149.01643933,687331.678254256,6292424.805181818,2152.5212474154027,far-field,D20171215,2017-12-15,0.70734245,0
D10119319018,-33.4912913,149.01636096,687324.435986287,6292426.988248208,2147.781851490524,far-field,D20171215,2017-12-15,0.5597503,0
D10119319020,-33.4912729,149.01628257,687317.1918354596,6292429.17023615,2143.0565107669777,far-field,D20171215,2017-12-15,0.24992569,0
D10119319024,-33.49123623,149.01612643,687302.7627119975,6292433.518623632,2133.6944640886804,far-field,D20171215,2017-12-15,0.87143284,1
D10119319025,-33.49122713,149.01608769,687299.1826945216,6292434.597699115,2131.3818847347675,far-field,D20171215,2017-12-15,0.9320749,1
D10119319474,-33.48674853,148.99703866,685538.7558962324,6292965.472734941,1674.6095426279412,far-field,D20171215,2017-12-15,0.7181183,0
D10119319478,-33.48671498,148.99689578,685525.5508070668,6292969.448692024,1676.8795202722727,far-field,D20171215,2017-12-15,0.9101516,1
D10119319479,-33.48670658,148.99686,685522.243984591,6292970.4441718375,1677.4650592604974,far-field,D20171215,2017-12-15,0.56591856,0
D10119319481,-33.4866901,148.99678977,685515.753241187,6292972.397264113,1678.633576562499,far-field,D20171215,2017-12-15,0.027868608,0
D10119319483,-33.48667386,148.99672059,685509.3595513843,6292974.32186023,1679.8112706232846,far-field,D20171215,2017-12-15,0.46559155,0
D10119319485,-33.48665756,148.99665113,685502.9399691347,6292976.253606172,1681.0189466643365,far-field,D20171215,2017-12-15,0.18512188,0
D10119319486,-33.48664938,148.99661627,685499.7181612825,6292977.223036712,1681.6347325479207,far-field,D20171215,2017-12-15,0.49145362,0
D10119319487,-33.48664117,148.99658132,685496.4880538641,6292978.195953862,1682.2596172685526,far-field,D20171215,2017-12-15,0.054845423,0
D10119319490,-33.48661697,148.99647819,685486.9566366009,6292981.063939666,1684.138678680905,far-field,D20171215,2017-12-15,0.6540577,0
D10119319491,-33.48660903,148.99644435,685483.8290943,6292982.004926929,1684.7675277797925,far-field,D20171215,2017-12-15,0.319783,0
D10119319492,-33.48660108,148.99641044,685480.6950682438,6292982.947147202,1685.403079447488,far-field,D20171215,2017-12-15,0.13659334,0
D10119319493,-33.4865931,148.99637645,685477.553671859,6292983.892836258,1686.0475073005596,far-field,D20171215,2017-12-15,0.7909483,1
D10119319494,-33.48658511,148.99634237,685474.4039332715,6292984.839794055,1686.6985682872196,far-field,D20171215,2017-12-15,0.18140607,0
D10119319495,-33.48657709,148.99630821,685471.2468243465,6292985.790220616,1687.358581984309,far-field,D20171215,2017-12-15,0.38674197,0
D10119319496,-33.48656905,148.99627396,685468.0813945378,6292986.743024854,1688.0264147010475,far-field,D20171215,2017-12-15,0.017538644,0
D10119319497,-33.48656114,148.99624025,685464.9658647785,6292987.680446662,1688.6894197002507,far-field,D20171215,2017-12-15,0.25899228,0
D10119319498,-33.4865534,148.99620723,685461.9140880835,6292988.597782234,1689.3437796915746,far-field,D20171215,2017-12-15,0.5734245,0
D10119319499,-33.48654564,148.99617415,685458.856778194,6292989.517441932,1690.0057558378,far-field,D20171215,2017-12-15,0.17137337,0
D10119319500,-33.48653805,148.9961418,685455.8669382934,6292990.416943997,1690.6588407571912,far-field,D20171215,2017-12-15,0.0011147443,0
D10119319501,-33.48653039,148.99610913,685452.8475121255,6292991.32477958,1691.3234160944614,far-field,D20171215,2017-12-15,0.15747622,0
D10119319502,-33.48652272,148.99607645,685449.8271775478,6292992.233741015,1691.9946584628276,far-field,D20171215,2017-12-15,0.5824911,0
D10119319504,-33.48650735,148.99601088,685443.767057193,6292994.055363053,1693.356234765042,far-field,D20171215,2017-12-15,0.55410224,0
D10119319505,-33.48649964,148.99597802,685440.7300803956,6292994.969078994,1694.047880180253,far-field,D20171215,2017-12-15,0.4566736,0
D10119319506,-33.48649242,148.9959472,685437.8816191703,6292995.82481034,1694.700466085926,far-field,D20171215,2017-12-15,0.21343638,0
D10119319508,-33.48647796,148.99588551,685432.1800918919,6292997.538577678,1696.0225261721594,far-field,D20171215,2017-12-15,0.017390013,0
D10119319509,-33.48647086,148.99585522,685429.3806221121,6292998.380052075,1696.67894068641,far-field,D20171215,2017-12-15,0.054845423,0
D10119319513,-33.48644145,148.99572975,685417.7843978342,6293001.865645506,1699.4488145388223,far-field,D20171215,2017-12-15,0.08405172,0
D10119319517,-33.48641062,148.9955983,685405.635519144,6293005.519378675,1702.44026325809,far-field,D20171215,2017-12-15,0.25743163,0
D10119319519,-33.48639481,148.99553091,685399.4072034303,6293007.393017273,1704.0089576760963,far-field,D20171215,2017-12-15,0.3521849,0
D10119319523,-33.48636173,148.99539001,685386.3849941712,6293011.313120889,1707.3668805741083,far-field,D20171215,2017-12-15,0.80224437,1
D10119319525,-33.48634343,148.99531213,685379.1872259085,6293013.481612746,1709.2682383319361,far-field,D20171215,2017-12-15,0.43824315,0
D10119319528,-33.48631593,148.99519511,685368.3720901479,6293016.740242159,1712.1835652526715,far-field,D20171215,2017-12-15,0.7916914,1
D10119319529,-33.48630676,148.99515609,685364.7658115663,6293017.826842661,1713.1711463183397,far-field,D20171215,2017-12-15,0.2759364,0
D10119319530,-33.48629711,148.99511506,685360.9737816751,6293018.970261316,1714.2187571876618,far-field,D20171215,2017-12-15,0.155544,0
D10119319531,-33.48628747,148.99507407,685357.1854465472,6293020.112498051,1715.2737726828689,far-field,D20171215,2017-12-15,0.050312128,0
D10119319532,-33.48627783,148.99503305,685353.394322938,6293021.254786834,1716.3372589046453,far-field,D20171215,2017-12-15,0.6714477,0
D10119319533,-33.48626818,148.99499203,685349.603219828,6293022.398183038,1717.4103227471364,far-field,D20171215,2017-12-15,0.10701546,0
D10119319535,-33.48624899,148.99491043,685342.061662527,6293024.67198663,1719.5693364716637,far-field,D20171215,2017-12-15,0.6048603,0
D10119319538,-33.4862214,148.99479301,685331.2095269114,6293027.94126813,1722.731891541641,far-field,D20171215,2017-12-15,0.35389417,0
D10119319539,-33.48621231,148.99475434,685327.6355930588,6293029.018357759,1723.7888749830156,far-field,D20171215,2017-12-15,0.042285968,0
D10119319540,-33.48620323,148.99471569,685324.0634956231,6293030.094301363,1724.8521471707304,far-field,D20171215,2017-12-15,0.055811536,0
D10119319543,-33.486176,148.99459983,685313.3555406791,6293033.320854377,1728.085052750525,far-field,D20171215,2017-12-15,0.23216408,0
D10119319544,-33.48616792,148.99456542,685310.1753002595,6293034.278326876,1729.057179652471,far-field,D20171215,2017-12-15,0.26122177,0
D10119319546,-33.48615251,148.9944997,685304.1012789516,6293036.104562409,1730.9275958814453,far-field,D20171215,2017-12-15,0.11035969,0
D10119319547,-33.48614473,148.99446657,685301.0393382797,6293037.026477901,1731.8798233830587,far-field,D20171215,2017-12-15,0.16542806,0
D10119319551,-33.48611394,148.99433529,685288.9060909719,6293040.675320717,1735.7015703399027,far-field,D20171215,2017-12-15,0.7184899,0
D10119319560,-33.48604169,148.99402741,685260.4510554909,6293049.237108309,1744.996909485472,far-field,D20171215,2017-12-15,0.867717,1
D10119319563,-33.48601302,148.99390548,685249.1820898411,6293052.634112173,1748.8103354985717,far-field,D20171215,2017-12-15,0.4056183,0
D10119319564,-33.48600327,148.99386401,685245.3493622383,6293053.789359007,1750.123358502758,far-field,D20171215,2017-12-15,0.74754757,0
D10119319566,-33.4859836,148.99378038,685237.6201500909,6293056.11993166,1752.7969235419002,far-field,D20171215,2017-12-15,0.2667955,0
D10119319567,-33.48597429,148.9937408,685233.9621063893,6293057.223006727,1754.0738609880814,far-field,D20171215,2017-12-15,0.91676575,1
D10119319569,-33.48595642,148.99366475,685226.9334084479,6293059.340430862,1756.5460735418378,far-field,D20171215,2017-12-15,0.42300832,0
D10119319579,-33.4858666,148.9932825,685191.6050323612,6293069.983162014,1769.3810505376257,far-field,D20171215,2017-12-15,0.4551873,0
D10119319583,-33.48582938,148.99312415,685176.9699846004,6293074.393217648,1774.896761869319,far-field,D20171215,2017-12-15,0.6863853,0
D10119319585,-33.48580983,148.99304105,685169.2897360354,6293076.709481019,1777.8389812907592,far-field,D20171215,2017-12-15,0.9730975,1
D10119319597,-33.48569309,148.99254465,685123.411412577,6293090.540903969,1796.0556023065428,far-field,D20171215,2017-12-15,0.84022,1
D10119419004,-33.49155181,149.01690894,687374.7914326099,6292397.109425601,2173.0009902439724,far-field,D20171215,2017-12-15,0.789239,1
D10119419005,-33.4915422,149.01686804,687371.0118334446,6292398.248985877,2170.459461087679,far-field,D20171215,2017-12-15,0.60761,0
D10119419009,-33.4915035,149.01670333,687355.7908509398,6292402.838048767,2160.267058752198,far-field,D20171215,2017-12-15,0.3936534,0
D10119419010,-33.49149383,149.01666215,687351.9853601961,6292403.984760667,2157.7292266449654,far-field,D20171215,2017-12-15,0.75074315,0
D10119419012,-33.49147449,149.01657981,687344.3762345975,6292406.278143732,2152.668121786583,far-field,D20171215,2017-12-15,0.45013377,0
D10119419013,-33.49146485,149.01653881,687340.5874018476,6292407.421199168,2150.155158971793,far-field,D20171215,2017-12-15,0.5807075,0
D10119419020,-33.49140041,149.01626437,687315.2260410881,6292415.062749226,2133.441423328864,far-field,D20171215,2017-12-15,0.17508918,0
D10119419022,-33.49138179,149.0161851,687307.9006045535,6292417.270716092,2128.65114301421,far-field,D20171215,2017-12-15,0.5957194,0
D10119419442,-33.4871432,148.99815849,685641.9699955632,6292919.703167386,1646.2992922660233,far-field,D20171215,2017-12-15,0.7432372,0
D10119419478,-33.486836,148.99685021,685521.0581884799,6292956.10959784,1663.09226387406,far-field,D20171215,2017-12-15,0.55677766,0
D10119419479,-33.4868276,148.99681444,685517.752299539,6292957.105058437,1663.683695567414,far-field,D20171215,2017-12-15,0.2299346,0
D10119419483,-33.48679567,148.99667837,685505.176556524,6292960.889164431,1665.9943336729552,far-field,D20171215,2017-12-15,0.59319264,0
D10119419484,-33.48678767,148.99664428,685502.025919876,6292961.837258549,1666.5889846914258,far-field,D20171215,2017-12-15,0.20934899,0
D10119419485,-33.48677966,148.99661011,685498.8678702603,6292962.7866035495,1667.1903639561733,far-field,D20171215,2017-12-15,0.55439955,0
D10119419487,-33.48676356,148.9965415,685492.5268511041,6292964.694644551,1668.4187456501538,far-field,D20171215,2017-12-15,0.52482164,0
D10119419490,-33.48674016,148.99644178,685483.3106035192,6292967.4678165205,1670.2492761913527,far-field,D20171215,2017-12-15,0.85471165,1
D10119419491,-33.48673237,148.99640855,685480.2394278127,6292968.39107834,1670.8702904648944,far-field,D20171215,2017-12-15,0.5358204,0
D10119419492,-33.48672455,148.99637523,685477.1599525989,6292969.317826858,1671.499916430937,far-field,D20171215,2017-12-15,0.526085,0
D10119419496,-33.48669323,148.99624172,685464.8207596638,6292973.029657643,1674.0808038782109,far-field,D20171215,2017-12-15,0.04146849,0
D10119419498,-33.4866782,148.99617762,685458.8965239077,6292974.8109586,1675.3529247989113,far-field,D20171215,2017-12-15,0.6141498,0
D10119419499,-33.48667058,148.99614509,685455.8900267218,6292975.714109398,1676.0060390672636,far-field,D20171215,2017-12-15,0.12789834,0
D10119419500,-33.48666293,148.9961125,685452.8780176908,6292976.620693307,1676.6677610732809,far-field,D20171215,2017-12-15,0.24873662,0
D10119419501,-33.48665527,148.99607984,685449.8595249405,6292977.528510284,1677.3358470809592,far-field,D20171215,2017-12-15,0.23097503,0
D10119419504,-33.4866322,148.99598146,685440.767066764,6292980.262650665,1679.382003832735,far-field,D20171215,2017-12-15,0.26122177,0
D10119419507,-33.48661065,148.99588951,685432.2688506846,6292982.816733081,1681.339293690798,far-field,D20171215,2017-12-15,0.039387632,0
D10119419508,-33.48660348,148.9958589,685429.4397995314,6292983.666542107,1682.0003129089594,far-field,D20171215,2017-12-15,0.012113555,0
D10119419509,-33.48659646,148.99582894,685426.6708273375,6292984.498554682,1682.6523146023465,far-field,D20171215,2017-12-15,0.54511,0
D10119419513,-33.48656752,148.99570547,685415.2594611794,6292987.928451808,1685.3900363189439,far-field,D20171215,2017-12-15,0.26620096,0
D10119419517,-33.48653726,148.99557641,685403.3314680177,6292991.514702804,1688.3379242895778,far-field,D20171215,2017-12-15,0.7167063,0
D10119419518,-33.48652966,148.99554399,685400.3351401779,6292992.415421408,1689.091910892062,far-field,D20171215,2017-12-15,0.4453032,0
D10119419519,-33.48652201,148.9955114,685397.3231216902,6292993.321987495,1689.856474899129,far-field,D20171215,2017-12-15,0.313912,0
D10119419521,-33.48650664,148.99544585,685391.2648512609,6292995.143540365,1691.409080240136,far-field,D20171215,2017-12-15,0.45109987,0
D10119419522,-33.48649838,148.99541067,685388.0134635993,6292996.122376043,1692.252739250414,far-field,D20171215,2017-12-15,0.2308264,0
D10119419525,-33.48647094,148.99529392,685377.2233111705,6292999.37388044,1695.1013733393265,far-field,D20171215,2017-12-15,0.008026159,0
D10119419526,-33.48646178,148.99525492,685373.6188771469,6293000.459339928,1696.0678733684786,far-field,D20171215,2017-12-15,0.6814804,0
D10119419527,-33.48645261,148.99521592,685370.0144637034,6293001.545906985,1697.0432805877717,far-field,D20171215,2017-12-15,0.47376636,0
D10119419528,-33.48644344,148.99517691,685366.4091203037,6293002.632490521,1698.0264648366644,far-field,D20171215,2017-12-15,0.24293995,0
D10119419530,-33.48642441,148.99509597,685358.928569498,6293004.887386184,1700.0916134598206,far-field,D20171215,2017-12-15,0.01062723,0
D10119419531,-33.48641477,148.99505496,685355.1383813985,6293006.029658088,1701.1504854920556,far-field,D20171215,2017-12-15,0.258695,0
D10119419532,-33.48640513,148.99501395,685351.3481924855,6293007.1719284635,1702.2179031453218,far-field,D20171215,2017-12-15,0.20154577,0
D10119419533,-33.48639548,148.99497293,685347.5570948509,6293008.315324119,1703.2949621860062,far-field,D20171215,2017-12-15,0.029949466,0
D10119419534,-33.48638583,148.99493186,685343.761350296,6293009.458807535,1704.3805625484524,far-field,D20171215,2017-12-15,0.511742,0
D10119419535,-33.48637617,148.99489079,685339.9656262372,6293010.603398369,1705.4757940687407,far-field,D20171215,2017-12-15,0.70912606,0
D10119419536,-33.48636687,148.99485122,685336.3085173534,6293011.705386765,1706.5382727290305,far-field,D20171215,2017-12-15,0.44084424,0
D10119419538,-33.48634846,148.99477293,685329.0728762458,6293013.886771364,1708.6646980215512,far-field,D20171215,2017-12-15,0.074613556,0
D10119419542,-33.48631173,148.99461662,685314.6264823343,6293018.239061172,1712.9991005752734,far-field,D20171215,2017-12-15,0.09683412,0
D10119419543,-33.48630301,148.9945795,685311.1957916982,6293019.272345992,1714.046041627872,far-field,D20171215,2017-12-15,0.48573127,0
D10119419545,-33.48628682,148.99451053,685304.8214450289,6293021.190883586,1716.0081202470894,far-field,D20171215,2017-12-15,0.39075506,0
D10119419547,-33.48627104,148.99444326,685298.6041902604,6293023.060914667,1717.9433093581213,far-field,D20171215,2017-12-15,0.31086504,0
D10119419550,-33.48624731,148.99434215,685289.2593827874,6293025.872973273,1720.8952852289665,far-field,D20171215,2017-12-15,0.6065696,0
D10119419551,-33.48623954,148.99430903,685286.198352243,6293026.793757345,1721.8728266736807,far-field,D20171215,2017-12-15,0.42887932,0
D10119419555,-33.48620546,148.99416388,685272.7832905432,6293030.832186917,1726.223281796058,far-field,D20171215,2017-12-15,0.80046076,1
D10119419559,-33.48617232,148.99402274,685259.7388347578,6293034.759197988,1730.5519731473378,far-field,D20171215,2017-12-15,0.3910523,0
D10119419560,-33.48616338,148.99398469,685256.2221843418,6293035.818519717,1731.7360710576238,far-field,D20171215,2017-12-15,0.61429846,0
D10119419561,-33.48615419,148.99394558,685252.6075680834,6293036.907455957,1732.960528264773,far-field,D20171215,2017-12-15,0.7257729,0
D10119419576,-33.48601797,148.99336595,685199.0370800856,6293053.048046911,1751.9631214662136,far-field,D20171215,2017-12-15,0.23706897,0
D10119419577,-33.486009,148.99332778,685195.5093307694,6293054.110886888,1753.269862732113,far-field,D20171215,2017-12-15,0.09571938,0
D10119419581,-33.48597301,148.99317461,685181.3530286558,6293058.375306282,1758.5808941713406,far-field,D20171215,2017-12-15,0.547934,0
D10119419582,-33.48596354,148.99313432,685177.6293446906,6293059.497369707,1759.9962268985391,far-field,D20171215,2017-12-15,0.6590369,0
D10119419584,-33.48594449,148.99305333,685170.144110373,6293061.754422085,1762.8653146203649,far-field,D20171215,2017-12-15,0.84995544,1
D10119419585,-33.48593492,148.99301262,685166.3816094846,6293062.8883199,1764.3181799302456,far-field,D20171215,2017-12-15,0.9982907,1
D10119419605,-33.485733,148.99215436,685087.0596362163,6293086.811150236,1796.6934075820257,far-field,D20171215,2017-12-15,0.96083534,1
D10119519008,-33.4916393,149.01672044,687357.088037201,6292387.7474885825,2153.0589068410673,far-field,D20171215,2017-12-15,0.50118905,0
D10119519009,-33.49162974,149.01667974,687353.3269158083,6292388.881136123,2150.532177904269,far-field,D20171215,2017-12-15,0.62061536,0
D10119519013,-33.49159174,149.01651796,687338.3766804896,6292393.38725478,2140.530334234301,far-field,D20171215,2017-12-15,0.07773484,0
D10119519014,-33.49158259,149.01647899,687334.7754182161,6292394.472304383,2138.130885852111,far-field,D20171215,2017-12-15,0.42367718,0
D10119519015,-33.49157346,149.01644014,687331.185262163,6292395.554918062,2135.7432523405882,far-field,D20171215,2017-12-15,0.2568371,0
D10119519480,-33.48694385,148.99674838,685511.3659090023,6292944.331556965,1650.247910172941,far-field,D20171215,2017-12-15,0.35240784,0
D10119519481,-33.48693589,148.99671447,685508.231918927,6292945.274895841,1650.8240880876526,far-field,D20171215,2017-12-15,0.4603151,0
D10119519482,-33.48692792,148.99668049,685505.0914451162,6292946.219467742,1651.4070489256962,far-field,D20171215,2017-12-15,0.06361474,0
D10119519483,-33.48691992,148.99664642,685501.9426718005,6292947.167526316,1651.9988642261828,far-field,D20171215,2017-12-15,0.24643281,0
D10119519484,-33.48691191,148.99661227,685498.7864855286,6292948.116835769,1652.5974513385077,far-field,D20171215,2017-12-15,0.0036414983,0
D10119519486,-33.48689582,148.9965437,685492.4491717655,6292950.023696737,1653.8192726438826,far-field,D20171215,2017-12-15,0.02184899,0
D10119519487,-33.48688785,148.99650974,685489.3105535869,6292950.968227614,1654.4339981021064,far-field,D20171215,2017-12-15,0.2463585,0
D10119519490,-33.48686421,148.99640897,685479.9972628639,6292953.769888481,1656.2938613996073,far-field,D20171215,2017-12-15,0.17657551,0
D10119519493,-33.48684075,148.99630894,685470.7523453757,6292956.550256532,1658.1937021724825,far-field,D20171215,2017-12-15,0.78158444,1
D10119519495,-33.48682531,148.99624315,685464.6719576038,6292958.38004877,1659.4737970784759,far-field,D20171215,2017-12-15,0.38815397,0
D10119519498,-33.4868031,148.99614837,685455.912205333,6292961.012401313,1661.3551699123614,far-field,D20171215,2017-12-15,0.105083235,0
D10119519500,-33.48678809,148.99608437,685449.9972253622,6292962.7913004905,1662.6542257791982,far-field,D20171215,2017-12-15,0.40390903,0
D10119519501,-33.48678057,148.99605229,685447.0323328828,6292963.682555058,1663.3132078064184,far-field,D20171215,2017-12-15,0.30090666,0
D10119519504,-33.48675826,148.99595716,685438.240262514,6292966.326606033,1665.3007840944338,far-field,D20171215,2017-12-15,0.36192033,0
D10119519505,-33.48675124,148.99592718,685435.4694375806,6292967.158657142,1665.935943960764,far-field,D20171215,2017-12-15,0.23335315,0
D10119519506,-33.48674422,148.99589719,685432.6976829969,6292967.9907252975,1666.5758379007118,far-field,D20171215,2017-12-15,0.11935196,0
D10119519507,-33.48673718,148.99586713,685429.9194661005,6292968.825135607,1667.2224194983885,far-field,D20171215,2017-12-15,0.11214328,0
D10119519508,-33.48673029,148.99583772,685427.2013280864,6292969.64174949,1667.8599061155471,far-field,D20171215,2017-12-15,0.5506094,0
D10119519509,-33.48672321,148.99580753,685424.4111157868,6292970.480826246,1668.5198723630124,far-field,D20171215,2017-12-15,0.9101516,1
D10119519516,-33.4866712,148.99558566,685403.9054446156,6292976.644862543,1673.5152541957432,far-field,D20171215,2017-12-15,0.43727705,0
D10119519517,-33.48666367,148.99555356,685400.938707303,6292977.537247237,1674.2599999462395,far-field,D20171215,2017-12-15,0.5091409,0
D10119519518,-33.48665598,148.99552078,685397.9091237395,6292978.448588956,1675.0261467699252,far-field,D20171215,2017-12-15,0.29823127,0
D10119519519,-33.48664831,148.99548805,685394.8841431176,6292979.357622476,1675.7958164892498,far-field,D20171215,2017-12-15,0.04845422,0
D10119519520,-33.48664065,148.99545542,685391.868432844,6292980.265367441,1676.57019508482,far-field,D20171215,2017-12-15,0.15792212,0
D10119519521,-33.48663301,148.99542284,685388.8573255113,6292981.170804218,1677.3480128326787,far-field,D20171215,2017-12-15,0.26285672,0
D10119519522,-33.48662399,148.99538443,685385.3074249487,6292982.239689225,1678.273545549784,far-field,D20171215,2017-12-15,0.054845423,0
D10119519524,-33.48660609,148.99530826,685378.2677224784,6292984.3607688695,1680.1330352110963,far-field,D20171215,2017-12-15,0.5533591,0
D10119519525,-33.48659712,148.9952701,685374.7409436798,6292985.42365858,1681.0761891596794,far-field,D20171215,2017-12-15,0.4551873,0
D10119519526,-33.48658816,148.99523194,685371.2141428635,6292986.485438012,1682.0257702446004,far-field,D20171215,2017-12-15,0.14075506,0
D10119519527,-33.4865792,148.99519379,685367.6882705622,6292987.547198256,1682.9828833534232,far-field,D20171215,2017-12-15,0.32647145,0
D10119519528,-33.48657023,148.99515565,685364.1633480885,6292988.610048271,1683.9486189099973,far-field,D20171215,2017-12-15,0.0026753864,0
D10119519529,-33.48656099,148.99511631,685360.5274940815,6292989.704981865,1684.9512306046522,far-field,D20171215,2017-12-15,0.11823722,0
D10119519530,-33.48655141,148.99507556,685356.7613440646,6292990.840136631,1685.9991430996376,far-field,D20171215,2017-12-15,0.45280915,0
D10119519531,-33.48654199,148.99503552,685353.0608268076,6292991.956278646,1687.0378621164418,far-field,D20171215,2017-12-15,0.21752378,0
D10119519533,-33.48652278,148.9949538,685345.5081865077,6292994.232518321,1689.1815482035292,far-field,D20171215,2017-12-15,0.50029725,0
D10119519534,-33.48651312,148.99491274,685341.7133979662,6292995.377092281,1690.2723899642724,far-field,D20171215,2017-12-15,0.18519619,0
D10119519536,-33.48649438,148.99483299,685334.3428075179,6292997.597684175,1692.4131342684927,far-field,D20171215,2017-12-15,0.45191735,0
D10119519537,-33.48648518,148.99479386,685330.7263757497,6292998.687795417,1693.4758744063668,far-field,D20171215,2017-12-15,0.47792807,0
D10119519538,-33.48647599,148.99475476,685327.112709594,6292999.776742744,1694.5452155088194,far-field,D20171215,2017-12-15,0.04369798,0
D10119519539,-33.4864668,148.99471568,685323.5009011358,6293000.865652968,1695.6222499567614,far-field,D20171215,2017-12-15,0.24108204,0
D10119519540,-33.48645762,148.99467661,685319.8899998487,6293001.953434994,1696.7058599834652,far-field,D20171215,2017-12-15,0.018356124,0
D10119519541,-33.48644844,148.99463753,685316.278168606,6293003.041233487,1697.7971734447333,far-field,D20171215,2017-12-15,0.015978003,0
D10119519542,-33.48643925,148.99459846,685312.6672871513,6293004.130121688,1698.897246867478,far-field,D20171215,2017-12-15,0.008249108,0
D10119519543,-33.48643077,148.99456235,685309.3299413673,6293005.134987844,1699.919258668969,far-field,D20171215,2017-12-15,0.42174494,0
D10119519544,-33.48642234,148.99452643,685306.0101436039,6293006.133968813,1700.9417714000476,far-field,D20171215,2017-12-15,0.55023783,0
D10119519545,-33.48641397,148.99449079,685302.7162355538,6293007.125794979,1701.9633181156878,far-field,D20171215,2017-12-15,0.30633175,0
D10119519546,-33.48640565,148.99445535,685299.4408047725,6293008.111718148,1702.985077867061,far-field,D20171215,2017-12-15,0.34988108,0
D10119519547,-33.48639738,148.9944201,685296.1829220459,6293009.091756193,1704.0069641881041,far-field,D20171215,2017-12-15,0.3238704,0
D10119519550,-33.48637293,148.99431593,685286.5553202063,6293011.98912055,1707.064046909476,far-field,D20171215,2017-12-15,0.05283888,0
D10119519551,-33.48636429,148.99427916,685283.1569817723,6293013.012898915,1708.157026721357,far-field,D20171215,2017-12-15,0.3138377,0
D10119519552,-33.48635556,148.994242,685279.7225948015,6293014.047352849,1709.2681935713244,far-field,D20171215,2017-12-15,0.61273783,0
D10119519554,-33.48633843,148.99416904,685272.979489936,6293016.077233741,1711.468463435707,far-field,D20171215,2017-12-15,0.50535077,0
D10119519555,-33.48632976,148.99413216,685269.570991365,6293017.10453041,1712.5918296899686,far-field,D20171215,2017-12-15,0.71752375,0
D10119519556,-33.48632078,148.99409394,685266.0386368363,6293018.168595348,1713.7624813433795,far-field,D20171215,2017-12-15,0.7870838,1
D10119519560,-33.48628576,148.99394488,685252.2622573122,6293022.318217688,1718.395856959824,far-field,D20171215,2017-12-15,0.60277945,0
D10119519574,-33.48616014,148.99341026,685202.8517124666,6293037.203004373,1735.8950439631071,far-field,D20171215,2017-12-15,0.6746433,0
D10119519576,-33.48614175,148.99333202,685195.6206314904,6293039.381979539,1738.5703380604518,far-field,D20171215,2017-12-15,0.46960464,0
D10119519577,-33.4861326,148.99329308,685192.0217200873,6293040.466153568,1739.9122155673185,far-field,D20171215,2017-12-15,0.19426279,0
D10119519579,-33.48611437,148.99321553,685184.8544104071,6293042.626146015,1742.6064995855374,far-field,D20171215,2017-12-15,0.03700951,0
D10119519581,-33.4860958,148.99313652,685177.5521550959,6293044.826442291,1745.3798888841775,far-field,D20171215,2017-12-15,0.6560642,0
D10119519584,-33.48606787,148.9930177,685166.5705848143,6293048.135737346,1749.6053479956875,far-field,D20171215,2017-12-15,0.74427766,0
D10119519587,-33.48604023,148.9929001,685155.7017556618,6293051.410683489,1753.8508845412698,far-field,D20171215,2017-12-15,0.3790874,0
D10119519606,-33.48584744,148.99208071,685079.9723310736,6293074.251642421,1785.1784646359517,far-field,D20171215,2017-12-15,0.90918547,1
D10119619007,-33.49177462,149.01673556,687358.2013472682,6292372.713750718,2145.8096687207862,far-field,D20171215,2017-12-15,0.49962842,0
D10119619013,-33.49171748,149.01649229,687335.7205822453,6292379.489541675,2130.6591611580584,far-field,D20171215,2017-12-15,0.8958086,1
D10119619481,-33.48706055,148.99668423,685505.1560542515,6292931.504734947,1636.793448910175,far-field,D20171215,2017-12-15,0.18423009,0
D10119619482,-33.48705272,148.99665085,685502.0710390268,6292932.432708281,1637.3690403113878,far-field,D20171215,2017-12-15,0.2532699,0
D10119619487,-33.48701308,148.99648189,685486.4555817107,6292937.1305801235,1640.3772194040664,far-field,D20171215,2017-12-15,0.024673007,0
D10119619490,-33.48698901,148.99637934,685476.9778208439,6292939.983104911,1642.2804602654567,far-field,D20171215,2017-12-15,0.8399227,1
D10119619491,-33.48698103,148.99634533,685473.8345800681,6292940.928829153,1642.9240417462763,far-field,D20171215,2017-12-15,0.78084123,1
D10119619493,-33.48696512,148.99627753,685467.5684329404,6292942.81433657,1644.2260186991364,far-field,D20171215,2017-12-15,0.4160226,0
D10119619498,-33.48692775,148.99611811,685452.834576067,6292947.243371794,1647.3813497873648,far-field,D20171215,2017-12-15,0.48714328,0
D10119619499,-33.4869203,148.99608634,685449.8983451006,6292948.126310876,1648.0268999332554,far-field,D20171215,2017-12-15,0.52876043,0
D10119619500,-33.48691285,148.99605459,685446.9639720775,6292949.009213302,1648.6780063139222,far-field,D20171215,2017-12-15,0.5251189,0
D10119619503,-33.48689071,148.99596011,685438.2319519245,6292951.63325127,1650.6444134924454,far-field,D20171215,2017-12-15,0.39818668,0
D10119619505,-33.48687661,148.99589993,685432.6699954493,6292953.304399856,1651.9216940568363,far-field,D20171215,2017-12-15,0.32126933,0
D10119619506,-33.48686963,148.99587012,685429.9148853528,6292954.131709978,1652.5610963857757,far-field,D20171215,2017-12-15,0.35478598,0
D10119619512,-33.48682853,148.99569464,685413.6966279752,6292959.003017005,1656.422522419164,far-field,D20171215,2017-12-15,0.13057372,0
D10119619513,-33.48682105,148.99566273,685410.7474454446,6292959.889520813,1657.1430129305165,far-field,D20171215,2017-12-15,0.091483355,0
D10119619514,-33.48681321,148.9956293,685407.6577889991,6292960.818661403,1657.9040317589097,far-field,D20171215,2017-12-15,0.017464329,0
D10119619515,-33.48680535,148.99559579,685404.560740923,6292961.750161799,1658.6729558010275,far-field,D20171215,2017-12-15,0.5687426,0
D10119619516,-33.4867975,148.99556233,685401.4683170653,6292962.680462897,1659.4468564097062,far-field,D20171215,2017-12-15,0.124479786,0
D10119619517,-33.48678966,148.99552895,685398.3833050845,6292963.609511118,1660.2257773032618,far-field,D20171215,2017-12-15,0.15316588,0
D10119619520,-33.48676627,148.9954292,685389.1642282505,6292966.381536665,1662.584207114626,far-field,D20171215,2017-12-15,0.14469382,0
D10119619521,-33.48675761,148.99539233,685385.7566653227,6292967.407748943,1663.470800084386,far-field,D20171215,2017-12-15,0.124554105,0
D10119619523,-33.48673971,148.99531616,685378.7169740129,6292969.5288294405,1665.3260295553225,far-field,D20171215,2017-12-15,0.05283888,0
D10119619524,-33.48673075,148.99527802,685375.1920379283,6292970.590574902,1666.2660704258635,far-field,D20171215,2017-12-15,0.05833829,0
D10119619526,-33.48671281,148.99520169,685368.1375601839,6292972.716369057,1668.171104256838,far-field,D20171215,2017-12-15,0.18170333,0
D10119619528,-33.4866945,148.99512378,685360.9370518326,6292974.886011038,1670.1466946560552,far-field,D20171215,2017-12-15,0.30982462,0
D10119619529,-33.4866851,148.99508376,685357.238357035,6292975.999901343,1671.1731547747415,far-field,D20171215,2017-12-15,0.36920333,0
D10119619532,-33.48665684,148.99496357,685346.1303160356,6292979.348449397,1674.308918860776,far-field,D20171215,2017-12-15,0.56584424,0
D10119619533,-33.48664742,148.99492349,685342.4260854503,6292980.464658925,1675.370728833045,far-field,D20171215,2017-12-15,0.51226217,0
D10119619534,-33.48663799,148.9948834,685338.7209461844,6292981.581993803,1676.4419092831824,far-field,D20171215,2017-12-15,0.09423306,0
D10119619535,-33.48662905,148.99484535,685335.204322457,6292982.641345626,1677.4650805707015,far-field,D20171215,2017-12-15,0.062425684,0
D10119619536,-33.48662018,148.99480758,685331.7135669786,6292983.692433465,1678.4875850739797,far-field,D20171215,2017-12-15,0.0,0
D10119619537,-33.48661129,148.99476975,685328.2172781134,6292984.7458450515,1679.5196759324679,far-field,D20171215,2017-12-15,0.7204964,0
D10119619538,-33.48660238,148.99473182,685324.7117389935,6292985.801651804,1680.5614348004078,far-field,D20171215,2017-12-15,0.5809304,0
D10119619539,-33.48659344,148.99469378,685321.1960417007,6292986.860980526,1681.614032085987,far-field,D20171215,2017-12-15,0.11348098,0
D10119619540,-33.48658448,148.99465562,685317.6692356954,6292987.922740102,1682.6764278260146,far-field,D20171215,2017-12-15,0.5265309,0
D10119619542,-33.48656654,148.99457929,685310.6147349727,6292990.048491044,1684.8256013845958,far-field,D20171215,2017-12-15,0.22681332,0
D10119619543,-33.48655785,148.99454229,685307.1951409676,6292991.078233783,1685.8772993665561,far-field,D20171215,2017-12-15,0.48476517,0
D10119619544,-33.48654936,148.99450613,685303.8531745661,6292992.084296463,1686.9114904539024,far-field,D20171215,2017-12-15,0.3365785,0
D10119619545,-33.48654072,148.99446933,685300.4520571033,6292993.1081348965,1687.9707136318077,far-field,D20171215,2017-12-15,0.12953329,0
D10119619546,-33.48653207,148.99443251,685297.0491018553,6292994.1331167575,1689.0379098299286,far-field,D20171215,2017-12-15,0.061087992,0
D10119619549,-33.48650638,148.99432314,685286.9409631764,6292997.177276239,1692.2475078256996,far-field,D20171215,2017-12-15,0.06799941,0
D10119619550,-33.48649762,148.99428584,685283.493637132,6292998.215308597,1693.3556205456505,far-field,D20171215,2017-12-15,0.0,0
D10119619551,-33.48648872,148.99424797,685279.9936431529,6292999.26988259,1694.4884295086908,far-field,D20171215,2017-12-15,0.25928953,0
D10119619552,-33.48647999,148.99421079,685276.5574024804,6293000.304371318,1695.6066585788633,far-field,D20171215,2017-12-15,0.6192033,0
D10119619565,-33.48636495,148.99372116,685231.3050342747,6293013.935723933,1710.9749454822077,far-field,D20171215,2017-12-15,0.8088585,1
D10119619570,-33.48632088,148.99353358,685213.9685621592,6293019.157639972,1717.170495856627,far-field,D20171215,2017-12-15,0.020288346,0
D10119619571,-33.48631215,148.99349641,685210.5332378716,6293020.192086693,1718.4178694230238,far-field,D20171215,2017-12-15,0.030692628,0
D10119619572,-33.4863029,148.99345705,685206.8955207729,6293021.28810571,1719.7465312752986,far-field,D20171215,2017-12-15,0.559676,0
D10119619574,-33.48628404,148.99337685,685199.4833261318,6293023.522702729,1722.4779186803141,far-field,D20171215,2017-12-15,0.3936534,0
D10119619577,-33.48625583,148.99325685,685188.3927346403,6293026.86518038,1726.6204853464137,far-field,D20171215,2017-12-15,0.21469976,0
D10119619579,-33.48623721,148.99317765,685181.072943421,6293029.071363706,1729.3917921538662,far-field,D20171215,2017-12-15,0.18437871,0
D10119619586,-33.48617215,148.99290084,685155.4896557555,6293036.780066186,1739.3049532565326,far-field,D20171215,2017-12-15,0.29904875,0
D10119619587,-33.48616301,148.99286197,685151.8972250605,6293037.86299127,1740.7257476008663,far-field,D20171215,2017-12-15,0.5966112,0
D10119619588,-33.4861539,148.99282322,685148.3158804423,6293038.942374049,1742.1488482390905,far-field,D20171215,2017-12-15,0.39060643,0
D10119619601,-33.48603239,148.99230634,685100.5448182286,6293053.339199879,1761.780131613246,far-field,D20171215,2017-12-15,0.84296966,1
D10119619605,-33.48598576,148.99210839,685082.2500598114,6293058.863258747,1769.6235983406364,far-field,D20171215,2017-12-15,0.8331599,1
D10119719006,-33.49191237,149.0167609,687360.2590241435,6292357.392082684,2139.28470852415,far-field,D20171215,2017-12-15,0.34965813,0
D10119719007,-33.49190257,149.0167192,687356.4055156296,6292358.554152563,2136.6573675836776,far-field,D20171215,2017-12-15,0.2742271,0
D10119719476,-33.4872251,148.99682403,685517.795437589,6292913.007019854,1619.9129027038398,far-field,D20171215,2017-12-15,0.3233502,0
D10119719478,-33.48720958,148.99675785,685511.6790163186,6292914.846412186,1621.0028937195932,far-field,D20171215,2017-12-15,0.55714923,0
D10119719487,-33.48713865,148.99645551,685483.7364856157,6292923.252600286,1626.2952634231297,far-field,D20171215,2017-12-15,0.51850474,0
D10119719489,-33.48712215,148.9963852,685477.2383775233,6292925.208028717,1627.599071562447,far-field,D20171215,2017-12-15,0.3033591,0
D10119719490,-33.48711389,148.99635004,685473.9888793053,6292926.186859135,1628.2622586989337,far-field,D20171215,2017-12-15,0.8382878,1
D10119719496,-33.48706705,148.99615035,685455.5333012171,6292931.738044217,1632.1495139193305,far-field,D20171215,2017-12-15,0.57260704,0
D10119719497,-33.48705961,148.99611863,685452.6017000233,6292932.619786058,1632.7870320158074,far-field,D20171215,2017-12-15,0.45065397,0
D10119719501,-33.48703002,148.99599238,685440.9334683948,6292936.1267664,1635.3763040222204,far-field,D20171215,2017-12-15,0.21469976,0
D10119719502,-33.48702254,148.99596051,685437.9880118592,6292937.013207508,1636.0447769733025,far-field,D20171215,2017-12-15,0.1811088,0
D10119719503,-33.48701507,148.99592863,685435.0416042956,6292937.898556607,1636.717601387259,far-field,D20171215,2017-12-15,0.013376933,0
D10119719504,-33.48700764,148.99589695,685432.113695242,6292938.779111629,1637.392416665612,far-field,D20171215,2017-12-15,0.77876043,1
D10119719507,-33.48698564,148.99580309,685423.4389942077,6292941.386503387,1639.422095931582,far-field,D20171215,2017-12-15,0.29771104,0
D10119719513,-33.48694128,148.99561386,685405.9500353835,6292946.643882688,1643.6589109636266,far-field,D20171215,2017-12-15,0.63072234,0
D10119719514,-33.48693365,148.9955813,685402.9407769508,6292947.54817974,1644.4069539292495,far-field,D20171215,2017-12-15,0.3280321,0
D10119719515,-33.48692602,148.9955488,685399.9370933017,6292948.452368644,1645.1608219880839,far-field,D20171215,2017-12-15,0.64395064,0
D10119719522,-33.48687048,148.99531205,685378.0563090653,6292955.034393102,1650.8172945040465,far-field,D20171215,2017-12-15,0.10344828,0
D10119719523,-33.48686202,148.99527605,685374.7291647892,6292956.036868605,1651.7050216576865,far-field,D20171215,2017-12-15,0.05848692,0
D10119719525,-33.48684504,148.99520372,685368.0443381089,6292958.049059194,1653.50729809338,far-field,D20171215,2017-12-15,0.18497324,0
D10119719529,-33.48680936,148.99505186,685354.0093071586,6292962.277024698,1657.383845003242,far-field,D20171215,2017-12-15,0.13213436,0
D10119719530,-33.48679995,148.99501183,685350.3097087771,6292963.392039359,1658.4262937649103,far-field,D20171215,2017-12-15,0.67129904,0
D10119719533,-33.48677168,148.99489161,685339.1989144054,6292966.741742552,1661.608147871889,far-field,D20171215,2017-12-15,0.5515012,0
D10119719534,-33.48676271,148.99485341,685335.6684219374,6292967.804689531,1662.6334433150232,far-field,D20171215,2017-12-15,0.18772295,0
D10119719536,-33.48674534,148.99477944,685328.8320199735,6292969.863029992,1664.6402977867285,far-field,D20171215,2017-12-15,0.1504905,0
D10119719540,-33.48671035,148.99463052,685315.0686775114,6292974.009169636,1668.7681155996536,far-field,D20171215,2017-12-15,0.2563912,0
D10119719541,-33.48670154,148.99459301,685311.601955305,6292975.053132296,1669.8253634075863,far-field,D20171215,2017-12-15,0.2509661,0
D10119719543,-33.48668381,148.99451753,685304.6259992187,6292977.154073557,1671.9747723315327,far-field,D20171215,2017-12-15,0.3712842,0
D10119719545,-33.48666617,148.99444245,685297.6870173372,6292979.244314909,1674.1419399086838,far-field,D20171215,2017-12-15,0.45332938,0
D10119719546,-33.48665755,148.99440576,685294.2960827785,6292980.265737066,1675.2113380396588,far-field,D20171215,2017-12-15,0.016646849,0
D10119719550,-33.48662206,148.99425468,685280.3330674786,6292984.471129774,1679.6857867375638,far-field,D20171215,2017-12-15,0.05150119,0
D10119719551,-33.48661296,148.99421598,685276.7563792845,6292985.549363592,1680.8513780812477,far-field,D20171215,2017-12-15,0.21544293,0
D10119719565,-33.48648851,148.99368631,685227.8035289004,6293000.2957047075,1697.5393314945077,far-field,D20171215,2017-12-15,0.16684008,0
D10119719569,-33.48645417,148.99354009,685214.2896128315,6293004.364796039,1702.3860671127793,far-field,D20171215,2017-12-15,0.4832045,0
D10119719570,-33.48644545,148.99350297,685210.8589187663,6293005.398044951,1703.633144718092,far-field,D20171215,2017-12-15,0.26426873,0
D10119719571,-33.48643658,148.9934652,685207.3681441641,6293006.449086818,1704.908552900468,far-field,D20171215,2017-12-15,0.21068668,0
D10119719572,-33.48642715,148.9934251,685203.6620531118,6293007.566386517,1706.271536035628,far-field,D20171215,2017-12-15,0.49806777,0
D10119719576,-33.48638943,148.99326467,685188.8348934595,6293012.035624215,1711.8004008775163,far-field,D20171215,2017-12-15,0.8137634,1
D10119719587,-33.4862856,148.99282302,685148.0169119751,6293024.337830659,1727.6454637712732,far-field,D20171215,2017-12-15,0.6837842,0
D10119719588,-33.48627627,148.99278333,685144.3486936657,6293025.443286019,1729.1136718502805,far-field,D20171215,2017-12-15,0.34839478,0
D10119719603,-33.48613244,148.99217171,685087.8217390336,6293042.484232728,1752.6481584894773,far-field,D20171215,2017-12-15,0.6925535,0
D10119719624,-33.48589745,148.99117386,684995.5990749086,6293070.32253816,1794.5903638389984,far-field,D20171215,2017-12-15,0.8500297,1
D10119719631,-33.48583084,148.99089056,684969.4157871273,6293078.214191001,1807.245166936157,far-field,D20171215,2017-12-15,0.8509215,1
D10119819006,-33.49204127,149.01674856,687358.8346678327,6292343.119875273,2130.4591871250336,far-field,D20171215,2017-12-15,0.19463436,0
D10119819007,-33.49203147,149.01670686,687354.9811650243,6292344.281944853,2127.8157385286568,far-field,D20171215,2017-12-15,0.26501188,0
D10119819470,-33.48739898,148.9970035,685534.1010446155,6292893.4037148915,1602.5579942400702,far-field,D20171215,2017-12-15,0.37433115,0
D10119819474,-33.48736677,148.99686622,685521.4135544779,6292897.221060114,1604.6972455840566,far-field,D20171215,2017-12-15,0.62789834,0
D10119819476,-33.48735067,148.99679762,685515.0735121795,6292899.129100321,1605.8066202168186,far-field,D20171215,2017-12-15,0.07498514,0
D10119819477,-33.48734311,148.99676537,685512.0929332094,6292900.02511577,1606.3363400859125,far-field,D20171215,2017-12-15,0.3672711,0
D10119819478,-33.48733554,148.9967331,685509.1105166504,6292900.922274977,1606.8728328523775,far-field,D20171215,2017-12-15,0.66869795,0
D10119819497,-33.48718543,148.99609327,685449.9769005026,6292918.712252347,1618.71271187746,far-field,D20171215,2017-12-15,0.664239,0
D10119819502,-33.4871469,148.99592901,685434.7958092589,6292923.278548444,1622.1167922417505,far-field,D20171215,2017-12-15,0.542286,0
D10119819503,-33.487139,148.99589533,685431.6830642511,6292924.21479779,1622.8329897962751,far-field,D20171215,2017-12-15,0.11273781,0
D10119819505,-33.4871233,148.9958284,685425.4973155498,6292926.075435607,1624.2747036742219,far-field,D20171215,2017-12-15,0.8289239,1
D10119819514,-33.48705352,148.9955309,685398.0019802933,6292934.34519369,1630.9765594346184,far-field,D20171215,2017-12-15,0.20340368,0
D10119819515,-33.48704576,148.99549786,685394.9484000616,6292935.264762243,1631.7514701965897,far-field,D20171215,2017-12-15,0.08308561,0
D10119819522,-33.4869893,148.99525724,685372.7099987325,6292941.95571263,1637.5651780774233,far-field,D20171215,2017-12-15,0.082193814,0
D10119819536,-33.48687016,148.99474992,685325.8229723987,6292956.0737943575,1650.8374330884078,far-field,D20171215,2017-12-15,0.18155469,0
D10119819537,-33.48686172,148.99471396,685322.4994977152,6292957.073962264,1651.828691368094,far-field,D20171215,2017-12-15,0.2787604,0
D10119819540,-33.48683625,148.99460551,685312.4764242296,6292960.092110969,1654.860453840367,far-field,D20171215,2017-12-15,0.1651308,0
D10119819543,-33.48680951,148.99449169,685301.9570618758,6292963.260673728,1658.1084148896105,far-field,D20171215,2017-12-15,0.43103448,0
D10119819544,-33.4868005,148.99445333,685298.411785242,6292964.328328434,1659.2177856903,far-field,D20171215,2017-12-15,0.73469085,0
D10119819545,-33.48679151,148.99441508,685294.876686666,6292965.393567511,1660.3321041790568,far-field,D20171215,2017-12-15,0.373588,0
D10119819546,-33.48678255,148.99437695,685291.3526740631,6292966.455264159,1661.4501486412357,far-field,D20171215,2017-12-15,0.008917955,0
D10119819549,-33.48675529,148.99426095,685280.6318376948,6292969.6853605695,1664.8970784125986,far-field,D20171215,2017-12-15,0.13250594,0
D10119819550,-33.48674599,148.9942214,685276.9765977772,6292970.7872912185,1666.0885088997134,far-field,D20171215,2017-12-15,0.68356127,0
D10119819566,-33.48660343,148.99361464,685220.8990513085,6292987.679530192,1685.332629479636,far-field,D20171215,2017-12-15,0.065249704,0
D10119819567,-33.4865951,148.99357916,685217.6199251125,6292988.666605875,1686.513378023799,far-field,D20171215,2017-12-15,0.46514565,0
D10119819570,-33.48656957,148.99347048,685207.5755478801,6292991.6917067785,1690.1697641381484,far-field,D20171215,2017-12-15,0.917063,1
D10119819571,-33.48656037,148.9934313,685203.9544609782,6292992.7818592135,1691.5015171940265,far-field,D20171215,2017-12-15,0.16230677,0
D10119819573,-33.48654194,148.9933529,685196.7086319657,6292994.965558125,1694.1908565198623,far-field,D20171215,2017-12-15,0.53128713,0
D10119819574,-33.48653255,148.99331295,685193.0163975642,6292996.078150423,1695.5724571750354,far-field,D20171215,2017-12-15,0.038347207,0
D10119819575,-33.48652311,148.99327283,685189.3084721366,6292997.196589367,1696.9687312751128,far-field,D20171215,2017-12-15,0.716409,0
D10119819576,-33.48651368,148.99323268,685185.5977369763,6292998.313971422,1698.371857563012,far-field,D20171215,2017-12-15,0.80826396,1
D10119819578,-33.48649425,148.99315008,685177.9637575267,6293000.6160451155,1701.2858941900179,far-field,D20171215,2017-12-15,0.5991379,0
D10119819591,-33.48637248,148.99263214,685130.0949806367,6293015.043752279,1720.2810214987326,far-field,D20171215,2017-12-15,0.8103448,1
D10119819603,-33.4862566,148.99213936,685084.5514611544,6293028.773175041,1739.4977441349013,far-field,D20171215,2017-12-15,0.52392983,0
D10119819638,-33.48588471,148.99055947,684938.5354827766,6293072.830279805,1808.2208644830314,far-field,D20171215,2017-12-15,0.45318073,0
D10119919472,-33.48750649,148.99690025,685524.2775825846,6292881.665930953,1589.632638977678,far-field,D20171215,2017-12-15,0.49286562,0
D10119919473,-33.48749859,148.99686656,685521.163928961,6292882.602228069,1590.1637491782053,far-field,D20171215,2017-12-15,0.1756837,0
D10119919474,-33.48749067,148.99683279,685518.042883782,6292883.540885061,1590.7027478403254,far-field,D20171215,2017-12-15,0.5735731,0
D10119919475,-33.48748293,148.99679979,685514.9930032163,6292884.45820347,1591.2357926303687,far-field,D20171215,2017-12-15,0.600327,0
D10119919476,-33.48747558,148.99676846,685512.0974682102,6292885.329286603,1591.747779385363,far-field,D20171215,2017-12-15,0.08516647,0
D10119919477,-33.48746823,148.9967371,685509.1991451017,6292886.200422469,1592.2650641993994,far-field,D20171215,2017-12-15,0.5212545,0
D10119919518,-33.48714248,148.99534875,685380.8867079619,6292924.805319451,1620.7117668903722,far-field,D20171215,2017-12-15,0.4547414,0
D10119919522,-33.48710898,148.99520606,685367.6991729583,6292928.775176187,1624.2359070007637,far-field,D20171215,2017-12-15,0.38793105,0
D10119919528,-33.48706034,148.99499881,685348.5448922411,6292934.539267916,1629.5463571234366,far-field,D20171215,2017-12-15,0.23595423,0
D10119919529,-33.4870522,148.99496414,685345.3406562362,6292935.503871767,1630.4573441012735,far-field,D20171215,2017-12-15,0.5211058,0
D10119919541,-33.48695185,148.99453671,685305.837092315,6292947.395459648,1642.2066987835308,far-field,D20171215,2017-12-15,0.93237215,1
D10119919544,-33.48692447,148.99442022,685295.0710055962,6292950.63975564,1645.5770369048998,far-field,D20171215,2017-12-15,0.86927766,1
D10119919546,-33.48690636,148.99434315,685287.9481291246,6292952.785664462,1647.844720913765,far-field,D20171215,2017-12-15,0.7430886,0
D10119919558,-33.48679639,148.99387523,685244.7025313501,6292965.81609354,1662.262871973854,far-field,D20171215,2017-12-15,0.21098395,0
D10119919559,-33.48678749,148.99383737,685241.2034752795,6292966.870635992,1663.477858599968,far-field,D20171215,2017-12-15,0.4809007,0
D10119919561,-33.48676973,148.99376176,685234.2154972372,6292968.975084847,1665.924073920356,far-field,D20171215,2017-12-15,0.7690993,1
D10119919562,-33.48676106,148.99372488,685230.8070124494,6292970.00236844,1667.1283472282569,far-field,D20171215,2017-12-15,0.8817628,1
D10119919564,-33.48674351,148.99365016,685223.9012833372,6292972.081933201,1669.587108965929,far-field,D20171215,2017-12-15,0.15851665,0
D10119919568,-33.48670891,148.99350287,685210.2885339,6292976.18176311,1674.5148139459811,far-field,D20171215,2017-12-15,0.789239,1
D10119919571,-33.48668172,148.99338717,685199.5953925047,6292979.403469749,1678.4611363458775,far-field,D20171215,2017-12-15,0.31948572,0
D10119919593,-33.48647789,148.99252003,685119.4531058287,6293003.554258319,1710.075713169995,far-field,D20171215,2017-12-15,0.88532996,1
D10120019472,-33.48763034,148.99686662,685520.8884338662,6292867.991658943,1575.6367636679934,far-field,D20171215,2017-12-15,0.2782402,0
D10120019473,-33.48762258,148.99683351,685517.8283799228,6292868.911393035,1576.161465846039,far-field,D20171215,2017-12-15,0.11266349,0
D10120019474,-33.48761498,148.99680109,685514.8320995041,6292869.8121494865,1576.6815269628291,far-field,D20171215,2017-12-15,0.33182225,0
D10120019475,-33.48760777,148.99677034,685511.9901644285,6292870.666670691,1577.1805389863996,far-field,D20171215,2017-12-15,0.4001932,0
D10120019476,-33.48760056,148.99673957,685509.1463704759,6292871.521226782,1577.6847867530314,far-field,D20171215,2017-12-15,0.50252676,0
D10120019518,-33.48726591,148.99531335,685377.3341802291,6292911.18074372,1606.9657215011516,far-field,D20171215,2017-12-15,0.48669738,0
D10120019529,-33.48717656,148.99493266,685342.1504460976,6292921.7691521095,1616.6769554994428,far-field,D20171215,2017-12-15,0.48573127,0
D10120019531,-33.48716018,148.99486287,685335.7003797239,6292923.710247947,1618.5413962629968,far-field,D20171215,2017-12-15,0.8159929,1
D10120019536,-33.48711896,148.99468727,685319.4712423716,6292928.5949186925,1623.3473583716398,far-field,D20171215,2017-12-15,0.5631688,0
D10120019540,-33.48708524,148.99454366,685306.1986632687,6292932.5907297395,1627.3994560514955,far-field,D20171215,2017-12-15,0.2468044,0
D10120019541,-33.48707588,148.99450383,685302.5175499173,6292933.699824518,1628.5432733998089,far-field,D20171215,2017-12-15,0.6208383,0
D10120019542,-33.48706653,148.99446408,685298.8438481997,6292934.807666067,1629.6940094121746,far-field,D20171215,2017-12-15,0.2226516,0
D10120019543,-33.48705721,148.99442442,685295.1784447229,6292935.91201864,1630.8493479567114,far-field,D20171215,2017-12-15,0.8615487,1
D10120019558,-33.4869196,148.9938389,685241.0642402496,6292952.217533091,1648.8478767708134,far-field,D20171215,2017-12-15,0.24420333,0
D10120019561,-33.48689293,148.99372539,685230.5735247704,6292955.377701444,1652.5372675304875,far-field,D20171215,2017-12-15,0.7228746,0
D10120019562,-33.48688418,148.99368817,685227.1336216613,6292956.414462386,1653.7615705586647,far-field,D20171215,2017-12-15,0.16594827,0
D10120019564,-33.48686638,148.9936124,685220.1308666933,6292958.523622632,1656.2738055372981,far-field,D20171215,2017-12-15,0.7094233,0
D10120019593,-33.48660245,148.99248938,685116.339906628,6292989.795818958,1696.7830962925252,far-field,D20171215,2017-12-15,0.8821344,1
D10120119469,-33.48777644,148.9969279,685526.2709273937,6292851.680303853,1560.1636757199965,far-field,D20171215,2017-12-15,0.6671373,0
D10120119472,-33.4877527,148.99682671,685516.9189299206,6292854.493845768,1561.7442030565696,far-field,D20171215,2017-12-15,0.13376932,0
D10120119473,-33.48774527,148.99679499,685513.9873358554,6292855.374498678,1562.250589205349,far-field,D20171215,2017-12-15,0.23833235,0
D10120119474,-33.4877384,148.99676567,685511.2775563772,6292856.188759306,1562.7240861266225,far-field,D20171215,2017-12-15,0.11095422,0
D10120119521,-33.48736684,148.99518198,685364.9119878152,6292900.222723499,1595.614784453511,far-field,D20171215,2017-12-15,0.9385404,1
D10120119522,-33.48735899,148.99514852,685361.8195811373,6292901.153012671,1596.4601912045898,far-field,D20171215,2017-12-15,0.8050684,1
D10120119530,-33.48729364,148.99487009,685336.0868405935,6292908.897269545,1603.733038573869,far-field,D20171215,2017-12-15,0.67546076,0
D10120119539,-33.48721625,148.99454056,685305.6314444429,6292918.067874359,1612.8819683735242,far-field,D20171215,2017-12-15,0.33449763,0
D10120119540,-33.4872072,148.99450208,685302.07511982,6292919.140181296,1613.9892320614588,far-field,D20171215,2017-12-15,0.40814507,0
D10120119550,-33.48711492,148.99410945,685265.7880523552,6292930.074547455,1625.722327636382,far-field,D20171215,2017-12-15,0.37693223,0
D10120119553,-33.48708755,148.99399299,685255.0247411409,6292933.317636598,1629.3556073136722,far-field,D20171215,2017-12-15,0.18326397,0
D10120219472,-33.48787493,148.99678623,685512.8967482201,6292841.011466467,1547.8635755220182,far-field,D20171215,2017-12-15,0.07914685,0
D10120219473,-33.48786789,148.99675617,685510.1185742335,6292841.845901925,1548.3474378364397,far-field,D20171215,2017-12-15,0.45964625,0
D10120219484,-33.48779078,148.99642698,685479.6945211431,6292850.985415104,1553.9922989994407,far-field,D20171215,2017-12-15,0.31666172,0
D10120219536,-33.48736455,148.99461112,685311.8719483083,6292901.496118212,1596.2679093037254,far-field,D20171215,2017-12-15,0.31681034,0
D10120219539,-33.48733827,148.99449923,685301.5310087504,6292904.610225624,1599.4662548387864,far-field,D20171215,2017-12-15,0.6374108,0
D10120219540,-33.4873294,148.99446147,685298.0412084974,6292905.661284622,1600.560745114116,far-field,D20171215,2017-12-15,0.25267538,0
D10120219550,-33.4872377,148.99407133,685261.9843274863,6292916.526873784,1612.3139434746422,far-field,D20171215,2017-12-15,0.6549495,0
D10120219552,-33.48721965,148.9939945,685254.8836442753,6292918.665676954,1614.7209736203492,far-field,D20171215,2017-12-15,0.20570749,0
D10120219553,-33.48721074,148.99395658,685251.3790526198,6292919.721440015,1615.9203440773772,far-field,D20171215,2017-12-15,0.52207196,0
D10120219554,-33.48720184,148.99391868,685247.876297393,6292920.7760571195,1617.1258829060334,far-field,D20171215,2017-12-15,0.7540874,0
D10120219555,-33.48719309,148.99388145,685244.4354791732,6292921.812842749,1618.3180971270963,far-field,D20171215,2017-12-15,0.7355083,0
D10120319417,-33.48856081,148.99914177,685730.3099904808,6292760.737474829,1512.2901648156455,far-field,D20171215,2017-12-15,0.55811536,0
D10120319470,-33.48801495,148.99682151,685515.8762762183,6292825.420835424,1532.7744750085765,far-field,D20171215,2017-12-15,0.8147295,1
D10120319476,-33.48797074,148.99663288,685498.443004679,6292830.660687833,1535.8454388458783,far-field,D20171215,2017-12-15,0.30640605,0
D10120319480,-33.48794206,148.99651051,685487.13350292,6292834.059880905,1537.9495610178924,far-field,D20171215,2017-12-15,0.56718194,0
D10120319482,-33.48792817,148.9964512,685481.6520154452,6292835.706218405,1538.9997792746499,far-field,D20171215,2017-12-15,0.39840963,0
D10120319483,-33.48792135,148.99642207,685478.959787726,6292836.514585766,1539.522893655124,far-field,D20171215,2017-12-15,0.16542806,0
D10120319484,-33.48791451,148.99639288,685476.2620270229,6292837.325277489,1540.0527110216221,far-field,D20171215,2017-12-15,0.42939952,0
D10120319485,-33.48790766,148.99636359,685473.5549951857,6292838.137256105,1540.5878516750502,far-field,D20171215,2017-12-15,0.6269322,0
D10120319524,-33.48759475,148.99503015,685350.3180161973,6292875.219743802,1570.26998546444,far-field,D20171215,2017-12-15,0.93408144,1
D10120319530,-33.48754052,148.99479938,685328.9902503907,6292881.645710788,1576.4252900855317,far-field,D20171215,2017-12-15,0.60054994,0
D10120319548,-33.4873791,148.99411238,685265.4975035202,6292900.773005199,1596.4470641479961,far-field,D20171215,2017-12-15,0.7430886,0
D10120319550,-33.4873605,148.99403324,685258.1833568373,6292902.976927366,1598.9145793616524,far-field,D20171215,2017-12-15,0.2335761,0
D10120319551,-33.48735175,148.99399601,685254.7425459921,6292904.013717024,1600.0866692591667,far-field,D20171215,2017-12-15,0.37626338,0
D10120319552,-33.48734285,148.9939581,685251.238867685,6292905.068353487,1601.2864846889122,far-field,D20171215,2017-12-15,0.46068668,0
D10120319553,-33.48733394,148.99392022,685247.7379976187,6292906.124044049,1602.4946831637053,far-field,D20171215,2017-12-15,0.35790727,0
D10120418939,-33.49339348,149.01914118,687578.2313636428,6292188.842681235,2247.8771483402825,far-field,D20171215,2017-12-15,0.21744947,0
D10120419419,-33.48867066,148.99904835,685721.3948024852,6292748.722797271,1498.3157910680816,far-field,D20171215,2017-12-15,0.8465369,1
D10120419454,-33.48827866,148.99738333,685567.5180840458,6292795.172196254,1510.3877462608157,far-field,D20171215,2017-12-15,0.66810346,0
D10120419470,-33.48814184,148.99680066,685513.6681886194,6292811.386594301,1518.5731074132036,far-field,D20171215,2017-12-15,0.8528538,1
D10120419471,-33.48813431,148.99676854,685510.6996529467,6292812.2790513765,1519.0822337568106,far-field,D20171215,2017-12-15,0.38674197,0
D10120419474,-33.48811189,148.99667294,685501.8642997303,6292814.936206324,1520.6348452656453,far-field,D20171215,2017-12-15,0.5572979,0
D10120419475,-33.48810446,148.99664122,685498.932716886,6292815.816855177,1521.1610260328944,far-field,D20171215,2017-12-15,0.23937277,0
D10120419476,-33.48809704,148.99660957,685496.007616652,6292816.6962690465,1521.6927065507864,far-field,D20171215,2017-12-15,0.5286118,0
D10120419479,-33.48807519,148.99651636,685487.3931199067,6292819.285928236,1523.292784239238,far-field,D20171215,2017-12-15,0.8285523,1
D10120419480,-33.4880681,148.99648609,685484.5955439641,6292820.126276646,1523.8228287669438,far-field,D20171215,2017-12-15,0.20949762,0
D10120419482,-33.48805398,148.99642582,685479.0253512809,6292821.799834701,1524.894659065258,far-field,D20171215,2017-12-15,0.089179546,0
D10120419483,-33.48804695,148.99639579,685476.249946931,6292822.633097978,1525.436104944346,far-field,D20171215,2017-12-15,0.10478597,0
D10120419484,-33.48803993,148.99636582,685473.4800960427,6292823.465144251,1525.982210222388,far-field,D20171215,2017-12-15,0.5529875,0
D10120419520,-33.48775469,148.9951501,685361.1229521387,6292857.2689203145,1552.5730532027496,far-field,D20171215,2017-12-15,0.9771849,1
D10120419529,-33.48767222,148.9947992,685328.6928519033,6292867.04112226,1561.8192217491717,far-field,D20171215,2017-12-15,0.013302616,0
D10120519451,-33.48843693,148.99749583,685577.6338397985,6292777.419622973,1494.5907913657786,far-field,D20171215,2017-12-15,0.17323127,0
D10120519452,-33.48842712,148.99745415,685573.7818700391,6292778.582036467,1495.0764332102851,far-field,D20171215,2017-12-15,0.018653389,0
D10120519454,-33.48840754,148.99737088,685566.0862054337,6292780.902261973,1496.0765307850666,far-field,D20171215,2017-12-15,0.75832343,1
D10120519467,-33.48829296,148.99688307,685521.0033470565,6292794.480774386,1502.77207372307,far-field,D20171215,2017-12-15,0.8923157,1
D10120519474,-33.48823859,148.99665129,685499.5823029978,6292800.924462821,1506.4507621496675,far-field,D20171215,2017-12-15,0.28069264,0
D10120519476,-33.48822332,148.99658618,685493.5648430816,6292802.734210572,1507.541889270782,far-field,D20171215,2017-12-15,0.65546966,0
D10120519479,-33.48820117,148.99649166,685484.8292730132,6292805.359478062,1509.1691005583032,far-field,D20171215,2017-12-15,0.74754757,0
D10120519480,-33.48819395,148.99646088,685481.9845890045,6292806.215153793,1509.7112779525862,far-field,D20171215,2017-12-15,0.7652348,1
D10120519482,-33.48817959,148.9963996,685476.321066648,6292807.917130634,1510.805925995137,far-field,D20171215,2017-12-15,0.15153092,0
D10120519483,-33.48817244,148.99636907,685473.4994620326,6292808.764594328,1511.3591568921233,far-field,D20171215,2017-12-15,0.56004757,0
D10120519484,-33.4881653,148.99633859,685470.6824816492,6292809.610858863,1511.9171946818958,far-field,D20171215,2017-12-15,0.47376636,0
D10120519490,-33.48812251,148.99615599,685453.8065010059,6292814.682383221,1515.3772548980633,far-field,D20171215,2017-12-15,0.5368609,0
D10120519491,-33.48811537,148.99612548,685450.9867298818,6292815.528695455,1515.973516923147,far-field,D20171215,2017-12-15,0.41394174,0
D10120519529,-33.48779557,148.99476346,685325.1089910157,6292853.42600912,1548.187749458359,far-field,D20171215,2017-12-15,0.39840963,0
D10120519530,-33.48778645,148.99472463,685321.520319465,6292854.506712126,1549.2601572763829,far-field,D20171215,2017-12-15,0.82914686,1
D10120519532,-33.4877681,148.99464658,685314.3069695366,6292856.681008885,1551.4429271890115,far-field,D20171215,2017-12-15,0.55677766,0
D10120519543,-33.48766718,148.99421717,685274.6209373048,6292868.639228523,1564.0424677630817,far-field,D20171215,2017-12-15,0.0862069,0
D10120519648,-33.48667617,148.99000213,684885.063428764,6292986.0541818915,1736.1023514397223,far-field,D20171215,2017-12-15,0.7473246,0
D10120619424,-33.48888858,148.99885364,685702.8370155428,6292724.904896144,1470.439733462165,far-field,D20171215,2017-12-15,0.8269917,1
D10120619451,-33.48856965,148.99749957,685577.6981238892,6292762.694900684,1480.100322172802,far-field,D20171215,2017-12-15,0.093787156,0
D10120619452,-33.48855925,148.99745535,685573.6114028333,6292763.927284612,1480.6076514160575,far-field,D20171215,2017-12-15,0.15903686,0
D10120619478,-33.48833541,148.99650221,685485.5232457728,6292790.454030983,1494.430825115207,far-field,D20171215,2017-12-15,0.6591112,0
D10120619482,-33.48830644,148.99637856,685474.0954695058,6292793.887658184,1496.6215334335986,far-field,D20171215,2017-12-15,0.37670928,0
D10120619491,-33.48824071,148.99609813,685448.1780630918,6292801.677946199,1501.9324580989241,far-field,D20171215,2017-12-15,0.3361326,0
D10120619525,-33.48795488,148.99488073,685335.6662602145,6292835.549864296,1530.3851924733665,far-field,D20171215,2017-12-15,0.43549347,0
D10120619526,-33.48794611,148.9948434,685332.2162311462,6292836.589079586,1531.392350040749,far-field,D20171215,2017-12-15,0.52207196,0
D10120619529,-33.48791928,148.99472921,685321.6628230336,6292839.768311879,1534.5219391798282,far-field,D20171215,2017-12-15,0.37648633,0
D10120619552,-33.48771509,148.9938601,685241.3396784485,6292863.963621788,1560.6863012400684,far-field,D20171215,2017-12-15,0.5221462,0
D10120619558,-33.48766253,148.99363635,685220.6606273681,6292870.191622364,1568.0771181156013,far-field,D20171215,2017-12-15,0.62187874,0
D10120619641,-33.48686981,148.99026515,684909.0919658595,6292964.111868698,1708.9352041239613,far-field,D20171215,2017-12-15,0.4484245,0
D10120619670,-33.4865919,148.98908344,684799.8762781193,6292997.035489667,1769.8589827498797,far-field,D20171215,2017-12-15,0.99598694,1
D10120619713,-33.48619404,148.98739115,684643.4704560596,6293044.168168481,1865.7921549060097,far-field,D20171215,2017-12-15,0.5590071,0
D10120619716,-33.48616682,148.98727536,684632.7687887865,6293047.392722061,1872.6970174343007,far-field,D20171215,2017-12-15,0.28381392,0
D10120619719,-33.48613999,148.98716122,684622.2196087326,6293050.571079288,1879.5434856474415,far-field,D20171215,2017-12-15,0.32409334,0
D10120718997,-33.49323545,149.01678471,687359.620192487,6292210.624870088,2063.7459912495233,far-field,D20171215,2017-12-15,0.2992717,0
D10120719005,-33.49316083,149.01646697,687330.2580737433,6292219.473586882,2042.4716148219877,far-field,D20171215,2017-12-15,0.671522,0
D10120719452,-33.48869381,148.99746684,685574.3918922875,6292748.984656746,1466.0239378603067,far-field,D20171215,2017-12-15,0.26634958,0
D10120719463,-33.48858525,148.99700522,685531.72992176,6292761.848805271,1471.9471451983331,far-field,D20171215,2017-12-15,0.76791024,1
D10120719468,-33.48854244,148.99682291,685514.8810413895,6292766.922141329,1474.6436749665218,far-field,D20171215,2017-12-15,0.7614447,1
D10120719508,-33.48822002,148.99544894,685387.8993395423,6292805.1322223395,1501.432691660016,far-field,D20171215,2017-12-15,0.12187871,0
D10120719509,-33.48821061,148.99540892,685384.2007351625,6292806.247235192,1502.3833119252704,far-field,D20171215,2017-12-15,0.6117717,0
D10120719510,-33.48820169,148.99537097,685380.693430206,6292807.304210344,1503.2930121882846,far-field,D20171215,2017-12-15,0.35411713,0
D10120719511,-33.48819298,148.99533387,685377.2646590475,6292808.336377881,1504.189294854962,far-field,D20171215,2017-12-15,0.15881391,0
D10120719525,-33.48807834,148.99484548,685332.1276938529,6292821.921679707,1516.7247160111183,far-field,D20171215,2017-12-15,0.44872177,0
D10120719529,-33.48804422,148.99470019,685318.7000154261,6292825.964873434,1520.717644585152,far-field,D20171215,2017-12-15,0.6297563,0
D10120719545,-33.48790042,148.99408819,685262.1391270253,6292843.004262493,1538.834964697808,far-field,D20171215,2017-12-15,0.9375,1
D10120719559,-33.48777917,148.99357196,685214.4290369826,6292857.371712975,1555.6924336766215,far-field,D20171215,2017-12-15,0.9656659,1
D10120719697,-33.48645886,148.98795742,684695.5270728773,6293013.793366326,1819.0013520364403,far-field,D20171215,2017-12-15,0.5772889,0
D10120719705,-33.48639001,148.98766433,684668.4387990456,6293021.950025894,1836.0979768706834,far-field,D20171215,2017-12-15,0.373588,0
D10120719713,-33.4863172,148.98735461,684639.8135980852,6293030.5753369965,1854.4677971438055,far-field,D20171215,2017-12-15,0.43400714,0
D10120719719,-33.486262,148.98711982,684618.1136195111,6293037.1144154025,1868.5923002311793,far-field,D20171215,2017-12-15,0.38258025,0
D10120818996,-33.49336477,149.01677454,687358.3965613651,6292196.302166213,2055.767626569481,far-field,D20171215,2017-12-15,0.26843044,0
D10120818997,-33.49335586,149.0167366,687354.8905616445,6292197.358752212,2053.1997048046405,far-field,D20171215,2017-12-15,0.37351367,0
D10120819000,-33.49332896,149.01662201,687344.3013799463,6292200.548744852,2045.4634391897935,far-field,D20171215,2017-12-15,0.6847503,0
D10120819004,-33.49329144,149.01646226,687329.5390239478,6292204.997968661,2034.7305608607903,far-field,D20171215,2017-12-15,0.43133175,0
D10120819005,-33.49328163,149.0164205,687325.6800215167,6292206.16124633,2031.9349440109575,far-field,D20171215,2017-12-15,0.43779728,0
D10120819490,-33.48850108,148.9960846,685446.3655960185,6292772.828303736,1473.0336523271603,far-field,D20171215,2017-12-15,0.2608502,0
D10120819508,-33.4883442,148.99541672,685384.6407185998,6292791.418796468,1487.5877977078565,far-field,D20171215,2017-12-15,0.20815992,0
D10120819509,-33.48833538,148.99537916,685381.169444836,6292792.463985863,1488.4846848972545,far-field,D20171215,2017-12-15,0.83821344,1
D10120819529,-33.48816962,148.99467305,685315.9109244094,6292812.107065369,1506.8643391480978,far-field,D20171215,2017-12-15,0.46559155,0
D10120819537,-33.48809711,148.99436451,685287.3958247511,6292820.698977066,1515.7964376751693,far-field,D20171215,2017-12-15,0.1806629,0
D10120819538,-33.48808787,148.99432517,685283.7600286701,6292821.793884387,1516.972967151064,far-field,D20171215,2017-12-15,0.8639269,1
D10120819577,-33.4877488,148.99288167,685150.351545973,6292861.971299129,1565.9118568283789,far-field,D20171215,2017-12-15,0.64395064,0
D10120819609,-33.48744162,148.99157539,685029.6248157453,6292898.365738981,1619.3178083465007,far-field,D20171215,2017-12-15,0.119872175,0
D10120819691,-33.48663586,148.98814996,684713.0423081615,6292993.822280515,1794.2581120890263,far-field,D20171215,2017-12-15,0.4964328,0
D10120819692,-33.48662689,148.98811178,684709.5136095453,6292994.884959308,1796.4538011579232,far-field,D20171215,2017-12-15,0.54681927,0
D10120819693,-33.48661794,148.98807372,684705.9960183485,6292995.945205312,1798.6482836000305,far-field,D20171215,2017-12-15,0.5675535,0
D10120819702,-33.48654062,148.98774459,684675.5768882404,6293005.105307618,1817.8167397837015,far-field,D20171215,2017-12-15,0.20280915,0
D10120819705,-33.48651457,148.98763369,684665.3271770843,6293008.191451466,1824.3544579011998,far-field,D20171215,2017-12-15,0.38168848,0
D10120819706,-33.4865048,148.98759218,684661.4907379667,6293009.348753252,1826.813643352702,far-field,D20171215,2017-12-15,0.18482462,0
D10120819709,-33.48647593,148.98746942,684650.1449530458,6293012.768706324,1834.1158711485846,far-field,D20171215,2017-12-15,0.8513674,1
D10120819711,-33.48645702,148.98738901,684642.7132558611,6293015.008788704,1838.9245916724988,far-field,D20171215,2017-12-15,0.90093637,1
D10120819713,-33.48643855,148.98731045,684635.4525268914,6293017.196780257,1843.6416159029975,far-field,D20171215,2017-12-15,0.6510107,0
D10120819716,-33.48641096,148.98719308,684624.6048569956,6293020.465168057,1850.7239556431598,far-field,D20171215,2017-12-15,0.44812724,0
D10120919000,-33.4934503,149.01657778,687339.9302808305,6292187.172482226,2035.1853301472793,far-field,D20171215,2017-12-15,0.7306778,0
D10120919001,-33.49344156,149.01654053,687336.488027995,6292188.2089635655,2032.6647223755765,far-field,D20171215,2017-12-15,0.56413496,0
D10120919002,-33.49343149,149.0164977,687332.530174209,6292189.40300903,2029.7716796104253,far-field,D20171215,2017-12-15,0.8246136,1
D10120919004,-33.49341134,149.01641198,687324.6089106167,6292191.792312225,2023.9942489267817,far-field,D20171215,2017-12-15,0.7458383,0
D10120919506,-33.48848717,148.99546437,685388.7635590327,6292775.478974152,1471.8509103068757,far-field,D20171215,2017-12-15,0.3860731,0
D10120919520,-33.48836926,148.99496223,685342.3560837333,6292789.451521587,1484.376295532907,far-field,D20171215,2017-12-15,0.8187426,1
D10120919526,-33.48832026,148.99475343,685323.058815475,6292795.258265754,1490.0143880428132,far-field,D20171215,2017-12-15,0.4657402,0
D10120919535,-33.48824021,148.99441273,685291.5715270571,6292804.743770491,1499.7606731205142,far-field,D20171215,2017-12-15,0.69545186,0
D10120919537,-33.48822145,148.99433292,685284.1955440474,6292806.966655586,1502.1395823773967,far-field,D20171215,2017-12-15,0.33152497,0
D10120919538,-33.48821231,148.99429404,685280.6022831812,6292808.04965117,1503.3115227298438,far-field,D20171215,2017-12-15,0.29050237,0
D10120919540,-33.4881946,148.99421863,685273.6329072241,6292810.148232643,1505.6066869613528,far-field,D20171215,2017-12-15,0.5483056,0
D10120919590,-33.48775345,148.99234091,685100.0939014518,6292862.420225902,1572.586865059432,far-field,D20171215,2017-12-15,0.2942925,0
D10120919689,-33.48677684,148.98818926,684716.3946850676,6292978.118344547,1778.3469157503287,far-field,D20171215,2017-12-15,0.14565992,0
D10120919690,-33.48676763,148.98815007,684712.7726516059,6292979.209437219,1780.6047354275106,far-field,D20171215,2017-12-15,0.4638823,0
D10120919691,-33.48675845,148.988111,684709.1617042744,6292980.296988077,1782.8605976720153,far-field,D20171215,2017-12-15,0.556629,0
D10120919692,-33.48674929,148.98807207,684705.5637227445,6292981.382070493,1785.1147972924539,far-field,D20171215,2017-12-15,0.32424197,0
D10120919699,-33.48668738,148.98780859,684681.2122206691,6292988.716462388,1800.4945250935564,far-field,D20171215,2017-12-15,0.6072384,0
D10120919705,-33.48663511,148.98758611,684660.6500051446,6292994.908814728,1813.6564975965684,far-field,D20171215,2017-12-15,0.39001188,0
D10120919706,-33.48662567,148.98754598,684656.941102226,6292996.027064215,1816.0486771741473,far-field,D20171215,2017-12-15,0.5538793,0
D10120919709,-33.48659716,148.98742476,684645.7376671764,6292999.404350594,1823.3050707246819,far-field,D20171215,2017-12-15,0.5447384,0
D10120919710,-33.4865876,148.98738412,684641.9816258182,6293000.536808917,1825.748347654242,far-field,D20171215,2017-12-15,0.6817033,0
D10120919711,-33.48657825,148.98734434,684638.3050505052,6293001.644447817,1828.1441251148358,far-field,D20171215,2017-12-15,0.8914982,1
D10120919714,-33.48655064,148.98722692,684627.4527956517,6293004.915146549,1835.245582887306,far-field,D20171215,2017-12-15,0.79852855,1
D10120919716,-33.4865323,148.98714891,684620.2429027299,6293007.08773211,1839.9866790834244,far-field,D20171215,2017-12-15,0.6886147,0
D10120919721,-33.48648459,148.98694603,684601.4922047611,6293012.739407985,1852.40465014327,far-field,D20171215,2017-12-15,0.33680144,0
D10121018999,-33.49357784,149.01656013,687338.0155111542,6292173.0606759675,2026.7640885656012,far-field,D20171215,2017-12-15,0.9261296,1
D10121019001,-33.49355916,149.01648059,687330.6653092254,6292175.27581046,2021.3558227994458,far-field,D20171215,2017-12-15,0.430217,0
D10121019002,-33.49354939,149.016439,687326.8220284334,6292176.4343464235,2018.533934337926,far-field,D20171215,2017-12-15,0.53715813,0
D10121019003,-33.49353958,149.01639726,687322.964895748,6292177.597587438,2015.7061944831764,far-field,D20171215,2017-12-15,0.16267836,0
D10121019007,-33.49349996,149.01622865,687307.3838655406,6292182.295654511,2004.3248222165194,far-field,D20171215,2017-12-15,0.17367718,0
D10121019008,-33.49348997,149.01618615,687303.4565010048,6292183.4802206475,2001.4668728544457,far-field,D20171215,2017-12-15,0.377824,0
D10121019507,-33.48860667,148.99541201,685383.6435168054,6292762.320514757,1458.4737424631462,far-field,D20171215,2017-12-15,0.107312724,0
D10121019515,-33.48853639,148.99511283,685355.993591635,6292770.648622574,1465.8495138967517,far-field,D20171215,2017-12-15,0.92092746,1
D10121019534,-33.48837293,148.99441686,685291.6724896808,6292790.018373532,1485.0359873517486,far-field,D20171215,2017-12-15,0.4622473,0
D10121019537,-33.4883444,148.99429548,685280.4546504756,6292793.398921603,1488.6696952528478,far-field,D20171215,2017-12-15,0.59453034,0
D10121019609,-33.4876863,148.99149537,685021.6686995253,6292871.374559717,1594.239014265394,far-field,D20171215,2017-12-15,0.84326696,1
D10121019623,-33.48754165,148.99088073,684964.8636215226,6292888.511137826,1622.5468069125259,far-field,D20171215,2017-12-15,0.6842301,0
D10121019694,-33.48685268,148.98795147,684694.1378032741,6292970.131248182,1778.5418644235103,far-field,D20171215,2017-12-15,0.9754013,1
D10121019695,-33.48684348,148.98791232,684690.5194665168,6292971.221152401,1780.8373939401538,far-field,D20171215,2017-12-15,0.90353745,1
D10121019696,-33.48683469,148.98787493,684687.0638001068,6292972.262456324,1783.0348136047978,far-field,D20171215,2017-12-15,0.9500595,1
D10121019703,-33.48677353,148.98761464,684663.0071376408,6292979.507954859,1798.455185543084,far-field,D20171215,2017-12-15,0.031212842,0
D10121019704,-33.48676433,148.9875755,684659.3897237204,6292980.597829292,1800.7931913055127,far-field,D20171215,2017-12-15,0.5685939,0
D10121019709,-33.48671805,148.98737865,684641.1963776721,6292986.0802770825,1812.6265591162032,far-field,D20171215,2017-12-15,0.71410525,0
D10121019710,-33.48670859,148.98733842,684637.4782267476,6292987.2009149585,1815.0600984269004,far-field,D20171215,2017-12-15,0.6419441,0
D10121019715,-33.48666166,148.98713887,684619.0353495547,6292992.760204945,1827.2057203624474,far-field,D20171215,2017-12-15,0.86147445,1
D10121019716,-33.48665237,148.98709934,684615.3818782375,6292993.860736727,1829.625537674186,far-field,D20171215,2017-12-15,0.84252375,1
D10121019717,-33.48664301,148.98705951,684611.7006782626,6292994.969563371,1832.0684721592202,far-field,D20171215,2017-12-15,0.9347503,1
D10121019720,-33.48661469,148.98693909,684600.5711660029,6292998.324303606,1839.48562022475,far-field,D20171215,2017-12-15,0.32037753,0
D10121119002,-33.49366612,149.01637538,687320.6592767707,6292163.604310883,2006.9990727059794,far-field,D20171215,2017-12-15,0.45645064,0
D10121119003,-33.4936565,149.01633442,687316.8742129499,6292164.74507137,2004.212135969337,far-field,D20171215,2017-12-15,0.44589773,0
D10121119005,-33.49363707,149.01625172,687309.2320186527,6292167.049065985,1998.5975486073382,far-field,D20171215,2017-12-15,0.5561088,0
D10121119007,-33.4936171,149.01616675,687301.3800676784,6292169.417035631,1992.8460342010285,far-field,D20171215,2017-12-15,0.14811237,0
D10121119008,-33.49360712,149.01612427,687297.4545446867,6292170.600454487,1989.976841315539,far-field,D20171215,2017-12-15,0.520214,0
D10121119010,-33.49358716,149.01603935,687289.6072126775,6292172.967215074,1984.2546347599468,far-field,D20171215,2017-12-15,0.6108056,0
D10121119469,-33.48906576,148.9968055,685512.1468736639,6292708.9195006825,1416.7980325580709,far-field,D20171215,2017-12-15,0.60277945,0
D10121119494,-33.48885376,148.99590263,685428.7049137364,6292734.042883182,1432.944576976209,far-field,D20171215,2017-12-15,0.6710761,0
D10121119501,-33.48879123,148.99563646,685404.1058532327,6292741.452714831,1438.6811310228543,far-field,D20171215,2017-12-15,0.9559304,1
D10121119536,-33.48847648,148.99429692,685280.3070376839,6292778.749300701,1474.0291672032408,far-field,D20171215,2017-12-15,0.31420928,0
D10121119539,-33.48844999,148.99418418,685269.8876903236,6292781.888185572,1477.4817633623436,far-field,D20171215,2017-12-15,0.8598395,1
D10121119540,-33.48844112,148.9941464,685266.3960744123,6292782.939270803,1478.6540880933776,far-field,D20171215,2017-12-15,0.03403686,0
D10121119612,-33.48777919,148.9913302,685006.123377728,6292861.367951412,1587.407855745598,far-field,D20171215,2017-12-15,0.7749703,1
D10121119632,-33.48758258,148.99049433,684928.8719908184,6292884.660777204,1627.0589996826707,far-field,D20171215,2017-12-15,0.49613556,0
D10121119694,-33.48697396,148.98790703,684689.750806343,6292956.760973676,1767.5910918600628,far-field,D20171215,2017-12-15,0.9637337,1
D10121119695,-33.48696498,148.98786881,684686.2184239639,6292957.824824617,1769.8464637773916,far-field,D20171215,2017-12-15,0.9416617,1
D10121119696,-33.48695603,148.98783071,684682.6971277266,6292958.885133844,1772.0993548618237,far-field,D20171215,2017-12-15,0.16030024,0
D10121119703,-33.48689384,148.98756608,684658.239404992,6292966.252566715,1787.880244147919,far-field,D20171215,2017-12-15,0.45065397,0
D10121119704,-33.48688481,148.98752768,684654.6903966214,6292967.322270812,1790.189484720666,far-field,D20171215,2017-12-15,0.6038942,0
D10121119707,-33.48685755,148.9874117,684643.971249442,6292970.551614899,1797.1911398153368,far-field,D20171215,2017-12-15,0.4959869,0
D10121119708,-33.48684854,148.98737338,684640.4296294561,6292971.618953379,1799.5141477172187,far-field,D20171215,2017-12-15,0.44359395,0
D10121119710,-33.48682922,148.98729124,684632.8380792607,6292973.907574301,1804.5097406649545,far-field,D20171215,2017-12-15,0.5396849,0
D10121119720,-33.4867351,148.986891,684595.8469747199,6292985.05696285,1829.1460804235128,far-field,D20171215,2017-12-15,0.18512188,0
D10121219004,-33.49376418,149.01623224,687307.1481882758,6292152.988243995,1990.068974971981,far-field,D20171215,2017-12-15,0.6090963,0
D10121219007,-33.49373424,149.01610485,687295.3762846347,6292156.538413491,1981.4026580577408,far-field,D20171215,2017-12-15,0.26196492,0
D10121219008,-33.49372426,149.01606238,687291.4516955767,6292157.721812075,1978.5218893318213,far-field,D20171215,2017-12-15,0.54131985,0
D10121219009,-33.49371429,149.01601994,687287.5298715502,6292158.9040459115,1975.6472911587125,far-field,D20171215,2017-12-15,0.35619798,0
D10121219010,-33.4937044,149.01597786,687283.6413236293,6292160.0767566785,1972.801589577139,far-field,D20171215,2017-12-15,0.34742865,0
D10121219470,-33.48918853,148.99676691,685508.2992077378,6292695.373857637,1402.856733126537,far-field,D20171215,2017-12-15,0.9475327,1
D10121219487,-33.48904476,148.99615458,685451.7086402458,6292712.411672369,1413.33911809737,far-field,D20171215,2017-12-15,0.96187574,1
D10121219494,-33.48898293,148.99589137,685427.38319879,6292719.738650601,1418.5812727261243,far-field,D20171215,2017-12-15,0.26716706,0
D10121219509,-33.48884612,148.99530919,685373.5790580163,6292735.95029222,1431.715503284594,far-field,D20171215,2017-12-15,0.79496133,1
D10121219522,-33.48872977,148.99481398,685327.8123682451,6292749.737402748,1444.5123967660404,far-field,D20171215,2017-12-15,0.7960761,1
D10121219531,-33.48864643,148.99445943,685295.045308534,6292759.612504386,1454.5744996672067,far-field,D20171215,2017-12-15,0.20340368,0
D10121219536,-33.48859863,148.99425611,685276.2547223257,6292765.276297966,1460.676043300169,far-field,D20171215,2017-12-15,0.33219382,0
D10121219539,-33.48857278,148.99414606,685266.0839794507,6292768.339404026,1464.0752223238794,far-field,D20171215,2017-12-15,0.94671524,1
D10121219540,-33.48856407,148.99410897,685262.6561419999,6292769.3715131115,1465.236170682224,far-field,D20171215,2017-12-15,0.10471165,0
D10121219542,-33.48854657,148.99403447,685255.7709011957,6292771.445170371,1467.5922277186226,far-field,D20171215,2017-12-15,0.36749405,0
D10121219590,-33.48812051,148.99222107,685088.1770423016,6292821.928754332,1534.2560058594136,far-field,D20171215,2017-12-15,0.9192182,1
D10121219591,-33.4881107,148.99217936,685084.3222201848,6292823.091022486,1535.991055433101,far-field,D20171215,2017-12-15,0.50795186,0
D10121219703,-33.4870146,148.98751946,684653.6509958621,6292952.943822132,1777.2373501177337,far-field,D20171215,2017-12-15,0.48127228,0
D10121219704,-33.48700575,148.98748178,684650.168513237,6292953.9922826495,1779.5168377557582,far-field,D20171215,2017-12-15,0.6297563,0
D10121319009,-33.49383183,149.01595972,687281.6813478017,6292145.978025526,1964.3289101719183,far-field,D20171215,2017-12-15,0.15851665,0
D10121319010,-33.49382245,149.01591977,687277.9896142296,6292147.0903329495,1961.6147191416737,far-field,D20171215,2017-12-15,0.34244946,0
D10121319481,-33.48922701,148.9963693,685471.2715481615,6292691.817273046,1394.8255892913157,far-field,D20171215,2017-12-15,0.7797265,1
D10121319516,-33.48890811,148.99501226,685345.8563455262,6292729.606232463,1424.5981255830468,far-field,D20171215,2017-12-15,0.33063316,0
D10121319517,-33.48889915,148.99497409,685342.3287087695,6292730.668023541,1425.5994703752833,far-field,D20171215,2017-12-15,0.84296966,1
D10121319518,-33.48889018,148.99493592,685338.8010926228,6292731.730922246,1426.6107333496077,far-field,D20171215,2017-12-15,0.88057375,1
D10121319520,-33.48887222,148.99485948,685331.7366088983,6292733.859112167,1428.6619300708821,far-field,D20171215,2017-12-15,0.95057964,1
D10121319531,-33.48876761,148.99441454,685290.6159331342,6292746.254359848,1441.3009861112887,far-field,D20171215,2017-12-15,0.20659928,0
D10121319535,-33.48872956,148.9942527,685275.6589030083,6292750.762864842,1446.1871436099384,far-field,D20171215,2017-12-15,0.66044885,0
D10121319541,-33.48867862,148.99403579,685255.6122370103,6292756.799091358,1452.9672006825576,far-field,D20171215,2017-12-15,0.5442925,0
D10121319542,-33.48867003,148.9939992,685252.2306070541,6292757.816996919,1454.1371773535384,far-field,D20171215,2017-12-15,0.8124257,1
D10121319585,-33.48829152,148.99238804,685103.3279153188,6292802.666768533,1512.976150119696,far-field,D20171215,2017-12-15,0.81807375,1
D10121319590,-33.48824309,148.99218211,685084.2959739096,6292808.404698458,1521.4839754258303,far-field,D20171215,2017-12-15,0.89268726,1
D10121319591,-33.48823325,148.99214027,685080.4291411994,6292809.570523995,1523.2384757555897,far-field,D20171215,2017-12-15,0.8637039,1
D10121319602,-33.48812411,148.99167629,685037.5483190264,6292822.500973688,1543.2718294030353,far-field,D20171215,2017-12-15,0.87440544,1
D10121319639,-33.48777043,148.99017223,684898.542814805,6292864.403011534,1615.0447818907608,far-field,D20171215,2017-12-15,0.18846612,0
D10121319648,-33.48769042,148.98983175,684867.0753233901,6292873.882274162,1632.6410513132569,far-field,D20171215,2017-12-15,0.45065397,0
D10121419010,-33.4939411,149.01586424,687272.5744874778,6292134.03274855,1950.6411910597828,far-field,D20171215,2017-12-15,0.4160226,0
D10121419472,-33.48943702,148.99670216,685501.7525924786,6292667.933207952,1374.787993780753,far-field,D20171215,2017-12-15,0.41171226,0
D10121419476,-33.48940385,148.99656083,685488.6911220725,6292671.864222636,1377.0209721014692,far-field,D20171215,2017-12-15,0.29823127,0
D10121419481,-33.48935724,148.99636255,685470.3665740334,6292677.387433708,1380.3830037958862,far-field,D20171215,2017-12-15,0.7847057,1
D10121419482,-33.48934788,148.99632272,685466.6855752908,6292678.496596616,1381.0890380737435,far-field,D20171215,2017-12-15,0.7696195,1
D10121419516,-33.48903272,148.99498179,685342.7594940276,6292715.841984307,1410.782276993391,far-field,D20171215,2017-12-15,0.7526011,0
D10121419517,-33.48902375,148.99494362,685339.23188347,6292716.904883431,1411.791915476682,far-field,D20171215,2017-12-15,0.89120096,1
D10121419518,-33.48901478,148.99490546,685335.7052014028,6292717.967763374,1412.8104314345637,far-field,D20171215,2017-12-15,0.9644768,1
D10121419531,-33.48889062,148.99437735,685286.8981488508,6292732.67952776,1427.8096187206154,far-field,D20171215,2017-12-15,0.2800981,0
D10121419534,-33.48886225,148.99425668,685275.7460085079,6292736.041062614,1431.4695715908206,far-field,D20171215,2017-12-15,0.39982164,0
D10121419535,-33.48885356,148.9942197,685272.3283621499,6292737.070761443,1432.6078090601386,far-field,D20171215,2017-12-15,0.81131095,1
D10121419573,-33.48852508,148.99282119,685143.078955976,6292775.993431324,1481.317382673159,far-field,D20171215,2017-12-15,0.8027646,1
D10121419602,-33.48824863,148.99164547,685034.4195639342,6292808.7472509425,1530.3322916718148,far-field,D20171215,2017-12-15,0.8761147,1
D10121419624,-33.48802962,148.99071446,684948.3758712423,6292834.693929318,1573.8852354912583,far-field,D20171215,2017-12-15,0.7832937,1
D10121419625,-33.48802041,148.99067528,684944.7548428378,6292835.785094973,1575.8033536320706,far-field,D20171215,2017-12-15,0.6623068,0
D10121419626,-33.48801133,148.99063666,684941.1855725774,6292836.860844934,1577.7008202667892,far-field,D20171215,2017-12-15,0.74464923,0
D10121419628,-33.48799326,148.99055976,684934.0784313881,6292839.001754364,1581.497357385362,far-field,D20171215,2017-12-15,0.18958086,0
D10121419635,-33.48793087,148.99029426,684909.5407559996,6292846.393576447,1594.8013674170395,far-field,D20171215,2017-12-15,0.59319264,0
D10121419639,-33.48789483,148.99014093,684895.3699052609,6292850.663415173,1602.6219070063964,far-field,D20171215,2017-12-15,0.45749107,0
D10121419648,-33.48781012,148.98978065,684862.0726231525,6292860.699145276,1621.383869580285,far-field,D20171215,2017-12-15,0.4702735,0
D10121519011,-33.49405125,149.01577244,687263.807678444,6292121.983234059,1937.2241916655075,far-field,D20171215,2017-12-15,0.6595571,0
D10121519470,-33.48958863,148.99678624,685509.241770319,6292650.970065836,1359.0001133087028,far-field,D20171215,2017-12-15,0.53269917,0
D10121519474,-33.48955252,148.99663254,685495.0371924221,6292655.2492347285,1361.33568522285,far-field,D20171215,2017-12-15,0.9590517,1
D10121519481,-33.48948575,148.99634851,685468.7878911784,6292663.161362572,1366.06961664638,far-field,D20171215,2017-12-15,0.39677468,0
D10121519519,-33.48912997,148.99483495,685328.9079600701,6292705.319650432,1400.1021088931548,far-field,D20171215,2017-12-15,0.47049645,0
D10121519520,-33.48912044,148.99479439,685325.1594688847,6292706.448913954,1401.2118265914287,far-field,D20171215,2017-12-15,0.73097503,0
D10121519530,-33.48902397,148.99438415,685287.2458608269,6292717.879498598,1413.0055073350427,far-field,D20171215,2017-12-15,0.630648,0
D10121519531,-33.48901404,148.9943419,685283.3411794902,6292719.056120852,1414.2769152633678,far-field,D20171215,2017-12-15,0.8205262,1
D10121519535,-33.4889778,148.9941877,685269.0902371907,6292723.350256963,1419.0067743160134,far-field,D20171215,2017-12-15,0.6848246,0
D10121519573,-33.48865184,148.99279979,685140.8205919378,6292761.974525737,1467.6730688855207,far-field,D20171215,2017-12-15,0.37752676,0
D10121519578,-33.48860646,148.99260671,685122.9762753415,6292767.351382362,1475.2837184919686,far-field,D20171215,2017-12-15,0.9771849,1
D10121519579,-33.48859661,148.99256483,685119.1057676717,6292768.518404694,1476.9611136209253,far-field,D20171215,2017-12-15,0.5691885,0
D10121519580,-33.4885868,148.99252312,685115.2509703509,6292769.680686393,1478.6407906470613,far-field,D20171215,2017-12-15,0.48669738,0
D10121519581,-33.48857703,148.99248156,685111.4100249985,6292770.838263147,1480.3229047693708,far-field,D20171215,2017-12-15,0.39528835,0
D10121519585,-33.48853829,148.99231684,685096.1867495507,6292775.428139114,1487.0794512751665,far-field,D20171215,2017-12-15,0.2983799,0
D10121519610,-33.48829364,148.99127663,685000.0511790513,6292804.413406638,1532.8720684683142,far-field,D20171215,2017-12-15,0.72369206,0
D10121519616,-33.48823333,148.99102029,684976.3603568862,6292811.558414579,1544.9528785656764,far-field,D20171215,2017-12-15,0.62752676,0
D10121519623,-33.4881634,148.99072303,684948.8876720128,6292819.8430981785,1559.3358584926098,far-field,D20171215,2017-12-15,0.8886742,1
D10121519624,-33.48815387,148.99068254,684945.1456045602,6292820.972085239,1561.3260377885092,far-field,D20171215,2017-12-15,0.7751189,1
D10121519625,-33.48814458,148.99064299,684941.4903708304,6292822.072780872,1563.2749932997372,far-field,D20171215,2017-12-15,0.6688466,0
D10121519626,-33.48813531,148.99060356,684937.8462442295,6292823.171043342,1565.2257624262406,far-field,D20171215,2017-12-15,0.57364744,0
D10121519627,-33.48812607,148.99056426,684934.2141326953,6292824.2657458875,1567.176940310098,far-field,D20171215,2017-12-15,0.523261,0
D10121519639,-33.48801668,148.99009886,684891.2016736624,6292837.225787631,1590.7857150870627,far-field,D20171215,2017-12-15,0.7254013,0
D10121619011,-33.49417261,149.01572834,687259.4487554184,6292108.604487468,1927.1063251653993,far-field,D20171215,2017-12-15,0.13488406,0
D10121619486,-33.48956323,148.9961176,685447.1667651843,6292654.981840096,1355.736360180922,far-field,D20171215,2017-12-15,0.14707194,0
D10121619491,-33.4895157,148.9959154,685428.4799514376,6292660.614000687,1359.7217729658673,far-field,D20171215,2017-12-15,0.34564507,0
D10121619517,-33.48927294,148.99488262,685333.0327008415,6292689.379816692,1384.196097434288,far-field,D20171215,2017-12-15,0.73647445,0
D10121619519,-33.48925376,148.99480103,685325.4923149183,6292691.652492832,1386.4168593906015,far-field,D20171215,2017-12-15,0.8205262,1
D10121619520,-33.48924401,148.99475959,685321.6625289514,6292692.807723679,1387.5614786486974,far-field,D20171215,2017-12-15,0.8621433,1
D10121619530,-33.48914756,148.99434939,685283.7526466752,6292704.236007651,1399.4511217223924,far-field,D20171215,2017-12-15,0.658368,0
D10121619534,-33.48911074,148.99419274,685269.275310681,6292708.5988384895,1404.258190524311,far-field,D20171215,2017-12-15,0.31807372,0
D10121619567,-33.4888296,148.9929956,685158.6366858534,6292741.912449678,1445.6690644314351,far-field,D20171215,2017-12-15,0.98194116,1
D10121619575,-33.48876152,148.99270569,685131.8433475835,6292749.979400916,1456.8986955113335,far-field,D20171215,2017-12-15,0.52935493,0
D10121619578,-33.48873326,148.99258548,685120.733652941,6292753.327734217,1461.6901862966145,far-field,D20171215,2017-12-15,0.9794144,1
D10121619579,-33.48872318,148.99254262,685116.7725792709,6292754.522009872,1463.4174590816624,far-field,D20171215,2017-12-15,0.43289238,0
D10121619580,-33.48871314,148.99249994,685112.8281450851,6292755.7115269825,1465.1473171620632,far-field,D20171215,2017-12-15,0.15153092,0
D10121619581,-33.48870313,148.99245742,685108.8985132904,6292756.897430193,1466.8810023914887,far-field,D20171215,2017-12-15,0.21276754,0
D10121619609,-33.48842911,148.99129233,685001.2218182109,6292789.362445732,1517.9092317103193,far-field,D20171215,2017-12-15,0.7359542,0
D10121619615,-33.4883688,148.99103597,684977.5291761816,6292796.507494002,1530.0202204385414,far-field,D20171215,2017-12-15,0.34445602,0
D10121619623,-33.48828834,148.99069398,684945.9226206874,6292806.039621969,1546.645871375346,far-field,D20171215,2017-12-15,0.84430736,1
D10121619624,-33.48827857,148.99065245,684942.0844320708,6292807.197076274,1548.7005050851271,far-field,D20171215,2017-12-15,0.124256834,0
D10121619625,-33.48826887,148.99061122,684938.2739697526,6292808.34623175,1550.7479158164515,far-field,D20171215,2017-12-15,0.59601665,0
D10121619626,-33.48825924,148.99057028,684934.4903045464,6292809.487106252,1552.7881574265023,far-field,D20171215,2017-12-15,0.75535077,1
D10121619627,-33.48824968,148.99052963,684930.7334364745,6292810.61969981,1554.8210442981206,far-field,D20171215,2017-12-15,0.69411415,0
D10121619631,-33.48821211,148.9903698,684915.9619200351,6292815.07082374,1562.8819570173762,far-field,D20171215,2017-12-15,0.625,0
D10121619635,-33.48817517,148.99021267,684901.4399359426,6292819.447250076,1570.9145504411338,far-field,D20171215,2017-12-15,0.5260107,0
D10121718989,-33.4944957,149.01654334,687334.4776830685,6292071.304010101,1977.2647062207448,far-field,D20171215,2017-12-15,0.7022889,0
D10121719010,-33.49430318,149.01572343,687258.7113098049,6292094.133663535,1919.7485123132828,far-field,D20171215,2017-12-15,0.4051724,0
D10121719011,-33.49429421,149.01568524,687255.1822402349,6292095.197319534,1917.107191274475,far-field,D20171215,2017-12-15,0.25988406,0
D10121719012,-33.49428543,149.01564781,687251.7233754662,6292096.238532484,1914.5211706360878,far-field,D20171215,2017-12-15,0.17404875,0
D10121719013,-33.49427665,149.01561039,687248.2654391667,6292097.279726113,1911.9392901948736,far-field,D20171215,2017-12-15,0.28752974,0
D10121719480,-33.48975095,148.99635532,685468.8550152393,6292633.739741165,1336.834991094509,far-field,D20171215,2017-12-15,0.9528835,1
D10121719485,-33.48970004,148.99613894,685448.8578765026,6292639.772112085,1340.7565364848224,far-field,D20171215,2017-12-15,0.4275416,0
D10121719491,-33.4896412,148.9958887,685425.7313999211,6292646.744340586,1345.6777117943213,far-field,D20171215,2017-12-15,0.50936383,0
D10121719501,-33.48954773,148.99549106,685388.9825064262,6292657.82014237,1354.343959764846,far-field,D20171215,2017-12-15,0.9811237,1
D10121719518,-33.4893884,148.99481324,685326.3399030684,6292676.699742718,1371.4680587384332,far-field,D20171215,2017-12-15,0.5752824,0
D10121719520,-33.48936831,148.99472787,685318.4502319037,6292679.080078753,1373.833098786335,far-field,D20171215,2017-12-15,0.7152943,0
D10121719535,-33.48922528,148.99411949,685262.2249515223,6292696.027655966,1391.9686688883032,far-field,D20171215,2017-12-15,0.5638377,0
D10121719566,-33.48896294,148.99300229,685158.9743958078,6292727.113739176,1430.9254959224754,far-field,D20171215,2017-12-15,0.6258918,0
D10121719575,-33.48888634,148.99267613,685128.83091094,6292736.190186248,1443.6210109826625,far-field,D20171215,2017-12-15,0.5271254,0
D10121719576,-33.48887768,148.99263927,685125.4243386146,6292737.216291433,1445.0922263298255,far-field,D20171215,2017-12-15,0.90613854,1
D10121719578,-33.48885779,148.99255472,685117.61034579,6292739.572816912,1448.4970835717288,far-field,D20171215,2017-12-15,0.5622771,0
D10121719579,-33.48884785,148.99251247,685113.7056604238,6292740.750478143,1450.2128153871229,far-field,D20171215,2017-12-15,0.4986623,0
D10121719610,-33.48854373,148.99121946,684994.2069094628,6292776.781532506,1507.1103423930583,far-field,D20171215,2017-12-15,0.48669738,0
D10121719615,-33.4884941,148.99100846,684974.7064184417,6292782.661357567,1517.1674653440807,far-field,D20171215,2017-12-15,0.7814358,1
D10121719616,-33.48848416,148.99096621,684970.8017014428,6292783.838959369,1519.2063224544054,far-field,D20171215,2017-12-15,0.85233355,1
D10121719620,-33.48844396,148.99079535,684955.0109297722,6292788.601459034,1527.5350590606183,far-field,D20171215,2017-12-15,0.7800981,1
D10121719621,-33.48843392,148.99075264,684951.0636779738,6292789.790961938,1529.636749690368,far-field,D20171215,2017-12-15,0.17858204,0
D10121719623,-33.48841358,148.9906662,684943.0749464458,6292792.200613201,1533.9175759827554,far-field,D20171215,2017-12-15,0.63310045,0
D10121719624,-33.48840335,148.99062272,684939.0565477653,6292793.412553316,1536.0833615610804,far-field,D20171215,2017-12-15,0.7606272,1
D10121719625,-33.48839302,148.99057885,684935.0021220854,6292794.636276194,1538.2779685427229,far-field,D20171215,2017-12-15,0.5329221,0
D10121719626,-33.48838297,148.99053612,684931.053028683,6292795.826915277,1540.422498227123,far-field,D20171215,2017-12-15,0.77437574,1
D10121719629,-33.48835349,148.99041081,684919.471927753,6292799.319391176,1546.758603877663,far-field,D20171215,2017-12-15,0.9831302,1
D10121719634,-33.48830696,148.99021286,684901.1773680934,6292804.832035744,1556.9024231522417,far-field,D20171215,2017-12-15,0.39447087,0
D10121818989,-33.49461523,149.01649148,687329.4016092503,6292058.14224039,1966.987188715277,far-field,D20171215,2017-12-15,0.32230976,0
D10121819010,-33.49442603,149.01568556,687254.9280481365,6292080.578437189,1910.1767776320307,far-field,D20171215,2017-12-15,0.630871,0
D10121819011,-33.49441714,149.01564772,687251.4313309055,6292081.6325887395,1907.5460812498181,far-field,D20171215,2017-12-15,0.47629312,0
D10121819012,-33.49440826,149.01560988,687247.9345914442,6292082.685630027,1904.918225635172,far-field,D20171215,2017-12-15,0.14454518,0
D10121819484,-33.48983723,148.99616187,685450.6959104231,6292624.517401639,1325.7538472884391,far-field,D20171215,2017-12-15,0.36110285,0
D10121819491,-33.48976884,148.99587104,685423.8182747372,6292632.621211605,1331.4480086520011,far-field,D20171215,2017-12-15,0.5436237,0
D10121819518,-33.48951433,148.99478835,685323.7587639767,6292662.779142853,1357.5375201495058,far-field,D20171215,2017-12-15,0.55915576,0
D10121819535,-33.48934849,148.99408318,685258.5885638928,6292682.4290646,1378.538315692233,far-field,D20171215,2017-12-15,0.24918252,0
D10121819536,-33.48933912,148.99404331,685254.9038485155,6292683.539325906,1379.8157067656032,far-field,D20171215,2017-12-15,0.30484542,0
D10121819537,-33.48933037,148.99400604,685251.4594007788,6292684.576189534,1381.017432701031,far-field,D20171215,2017-12-15,0.5471165,0
D10121819538,-33.48932189,148.99396995,685248.1240215418,6292685.581003837,1382.1898136997543,far-field,D20171215,2017-12-15,0.5817479,0
D10121819565,-33.48909665,148.99301061,685159.4627732513,6292712.271088876,1416.122441156768,far-field,D20171215,2017-12-15,0.658368,0
D10121819576,-33.48900145,148.99260528,685122.0025167248,6292723.551417323,1432.021102549034,far-field,D20171215,2017-12-15,0.87856716,1
D10121819579,-33.48897175,148.99247901,685110.3328250339,6292727.070238884,1437.160222078652,far-field,D20171215,2017-12-15,0.5905172,0
D10121819582,-33.48894192,148.99235222,685098.6150842896,6292730.604389774,1442.4065458955517,far-field,D20171215,2017-12-15,0.29488704,0
D10121819583,-33.48893198,148.99230996,685094.7094716171,6292731.782061225,1444.1737140791015,far-field,D20171215,2017-12-15,0.4195898,0
D10121819615,-33.48861795,148.99097481,684971.3162249522,6292768.986961918,1504.6360210536664,far-field,D20171215,2017-12-15,0.6159334,0
D10121819617,-33.4885981,148.99089043,684963.5178873162,6292771.338620921,1508.746011610132,far-field,D20171215,2017-12-15,0.28797564,0
D10121819618,-33.48858817,148.99084824,684959.6187278391,6292772.515002469,1510.8138154476626,far-field,D20171215,2017-12-15,0.28217897,0
D10121819619,-33.48857825,148.99080605,684955.7195462325,6292773.690273444,1512.8886844272286,far-field,D20171215,2017-12-15,0.3429697,0
D10121819620,-33.48856832,148.99076386,684951.8203850309,6292774.866651753,1514.9727282847896,far-field,D20171215,2017-12-15,0.8398484,1
D10121819624,-33.48852738,148.99058987,684935.7403560122,6292779.716760678,1523.6509712700706,far-field,D20171215,2017-12-15,0.21276754,0
D10121819629,-33.48847627,148.99037265,684915.6650169396,6292785.771673296,1534.6743065172036,far-field,D20171215,2017-12-15,0.92635256,1
D10121918979,-33.49481907,149.01679904,687357.5388824908,6292034.981903826,1982.6676713643042,far-field,D20171215,2017-12-15,0.25661415,0
D10121919012,-33.49453147,149.01557354,687244.2927311693,6292069.08771663,1895.4816914490016,far-field,D20171215,2017-12-15,0.47146255,0
D10121919484,-33.48996193,148.99613182,685447.637762381,6292610.742448891,1311.7452568572646,far-field,D20171215,2017-12-15,0.20927468,0
D10121919486,-33.48994265,148.99604982,685440.0595774533,6292613.027040897,1313.3030085613482,far-field,D20171215,2017-12-15,0.55283886,0
D10121919518,-33.48963997,148.99476229,685321.0695339728,6292648.892791313,1343.64587074711,far-field,D20171215,2017-12-15,0.66200954,0
D10121919519,-33.48963058,148.99472233,685317.3765173309,6292650.005456032,1344.7599446247127,far-field,D20171215,2017-12-15,0.94693816,1
D10121919520,-33.48962116,148.99468224,685313.6714844306,6292651.121678295,1345.8877612027504,far-field,D20171215,2017-12-15,0.3429697,0
D10121919521,-33.4896117,148.99464201,685309.953527382,6292652.242584898,1347.0305273207584,far-field,D20171215,2017-12-15,0.18824317,0
D10121919522,-33.48960221,148.99460164,685306.2226248706,6292653.367066871,1348.1872148699626,far-field,D20171215,2017-12-15,0.46611178,0
D10121919531,-33.48950976,148.9942087,685269.9081421943,6292664.320902385,1359.9864486630345,far-field,D20171215,2017-12-15,0.28500298,0
D10121919535,-33.48947113,148.99404444,685254.7276066958,6292668.898020158,1365.1991262308093,far-field,D20171215,2017-12-15,0.25170928,0
D10121919536,-33.48946231,148.99400689,685251.257296163,6292669.94314646,1366.4125894244346,far-field,D20171215,2017-12-15,0.3572384,0
D10121919537,-33.48945364,148.99396997,685247.8452042424,6292670.9705126155,1367.6137832419956,far-field,D20171215,2017-12-15,0.20778835,0
D10121919538,-33.48944501,148.99393321,685244.4478934603,6292671.993156122,1368.817670888093,far-field,D20171215,2017-12-15,0.25341853,0
D10121919541,-33.48941944,148.99382433,685234.3853619199,6292675.023093913,1372.4320545165472,far-field,D20171215,2017-12-15,0.42063022,0
D10121919576,-33.48912383,148.99256544,685118.0400851725,6292710.051121591,1419.2090642757182,far-field,D20171215,2017-12-15,0.26895064,0
D10121919577,-33.48911427,148.9925248,685114.2842029585,6292711.183771575,1420.8684505997771,far-field,D20171215,2017-12-15,0.11444709,0
D10121919578,-33.48910483,148.99248464,685110.572665684,6292712.3022564575,1422.5161875275303,far-field,D20171215,2017-12-15,0.4876635,0
D10121919582,-33.48906587,148.99231898,685095.2626087598,6292716.918208994,1429.4063171989417,far-field,D20171215,2017-12-15,0.8997473,1
D10121919592,-33.48896885,148.99190644,685057.1361996885,6292728.412970022,1447.1898840933552,far-field,D20171215,2017-12-15,0.5370838,0
D10121919595,-33.48894031,148.99178506,685045.9183902567,6292731.7943541985,1452.58802430653,far-field,D20171215,2017-12-15,0.878047,1
D10121919613,-33.48876164,148.99102554,684975.7243843323,6292752.9620109545,1488.0259743422512,far-field,D20171215,2017-12-15,0.72711056,0
D10121919614,-33.48875172,148.99098334,684971.8242831706,6292754.1373067275,1490.0752466425447,far-field,D20171215,2017-12-15,0.5209572,0
D10121919615,-33.48874179,148.99094115,684967.9251316129,6292755.313692009,1492.133659150313,far-field,D20171215,2017-12-15,0.6374108,0
D10121919617,-33.48872195,148.99085679,684960.1286417643,6292757.664204165,1496.2726182591296,far-field,D20171215,2017-12-15,0.23758918,0
D10121919618,-33.48871202,148.9908146,684956.2294876204,6292758.84058459,1498.3557174990858,far-field,D20171215,2017-12-15,0.7710315,1
D10121919619,-33.4887021,148.99077242,684952.3312405448,6292760.015836622,1500.4456634926325,far-field,D20171215,2017-12-15,0.27994946,0
D10121919620,-33.48869218,148.99073022,684948.4311342107,6292761.191122677,1502.5442279334304,far-field,D20171215,2017-12-15,0.91044885,1
D10121919624,-33.48865174,148.99055837,684932.5489117827,6292765.981966,1511.1780348102793,far-field,D20171215,2017-12-15,0.38376933,0
D10122018993,-33.49482399,149.01625848,687307.3029194777,6292035.412219978,1937.2801502119285,far-field,D20171215,2017-12-15,0.5610137,0
D10122019012,-33.49465467,149.0155372,687240.6509011806,6292055.490911007,1886.1035354591636,far-field,D20171215,2017-12-15,0.514343,0
D10122019013,-33.49464579,149.01549935,687237.1532413615,6292056.543966839,1883.4503455959766,far-field,D20171215,2017-12-15,0.4388377,0
D10122019491,-33.49002205,148.99582698,685419.1843446911,6292604.62012166,1303.172628849263,far-field,D20171215,2017-12-15,0.3445303,0
D10122019494,-33.48999485,148.99571123,685408.4870554835,6292607.8432808835,1305.615656532499,far-field,D20171215,2017-12-15,0.5350773,0
D10122019518,-33.48976498,148.9947335,685318.1279852577,6292635.08117817,1329.8345688179372,far-field,D20171215,2017-12-15,0.86147445,1
D10122019521,-33.48973729,148.99461571,685307.2421252613,6292638.362203617,1333.1731695850149,far-field,D20171215,2017-12-15,0.1436534,0
D10122019522,-33.48972764,148.99457467,685303.4493135437,6292639.505624376,1334.3574450958004,far-field,D20171215,2017-12-15,0.5813763,0
D10122019532,-33.48962343,148.9941318,685262.5205103057,6292651.852715744,1347.8201061736763,far-field,D20171215,2017-12-15,0.33747026,0
D10122019536,-33.4895854,148.99397005,685247.5719397726,6292656.358805068,1353.0370428293647,far-field,D20171215,2017-12-15,0.21343638,0
D10122019539,-33.489559,148.99385766,685237.1850491941,6292659.487055153,1356.7532082039709,far-field,D20171215,2017-12-15,0.34988108,0
D10122019559,-33.48939872,148.99317466,685174.0629037039,6292678.480249686,1380.9376208218866,far-field,D20171215,2017-12-15,0.54399526,0
D10122019562,-33.48937317,148.99306587,685164.0086679026,6292681.507734291,1385.042641148062,far-field,D20171215,2017-12-15,0.27199763,0
D10122019598,-33.4890343,148.99162449,685030.7983413525,6292721.657605566,1445.5803428745805,far-field,D20171215,2017-12-15,0.4603151,0
D10122019613,-33.48888534,148.99099125,684972.2750470128,6292739.305390464,1475.5511360438225,far-field,D20171215,2017-12-15,0.55543995,0
D10122019614,-33.48887541,148.99094905,684968.374972444,6292740.48179404,1477.6170210971231,far-field,D20171215,2017-12-15,0.36192033,0
D10122019615,-33.48886549,148.99090685,684964.4748757421,6292741.657087044,1479.6901639396685,far-field,D20171215,2017-12-15,0.5464477,0
D10122118979,-33.49506432,149.01672147,687349.803056634,6292007.924722262,1964.49431727131,far-field,D20171215,2017-12-15,0.3932075,0
D10122118985,-33.49501508,149.0165115,687330.4001502537,6292013.76433743,1949.1788625036188,far-field,D20171215,2017-12-15,0.071269326,0
D10122118987,-33.49499845,149.01644058,687323.8465674758,6292015.736573316,1944.0262541374402,far-field,D20171215,2017-12-15,0.8185939,1
D10122119488,-33.49017544,148.99591896,685427.4038622347,6292587.445536919,1286.7104914869203,far-field,D20171215,2017-12-15,0.23164387,0
D10122119489,-33.49016638,148.99588038,685423.8384026176,6292588.519182809,1287.4871800968508,far-field,D20171215,2017-12-15,0.3983353,0
D10122119491,-33.49014808,148.99580249,685416.6400348344,6292590.687735969,1289.0875508208505,far-field,D20171215,2017-12-15,0.6136296,0
D10122119492,-33.49013901,148.9957639,685413.0736651903,6292591.762504589,1289.8963138795693,far-field,D20171215,2017-12-15,0.96499705,1
D10122119523,-33.48984195,148.99450044,685296.308381391,6292626.961721584,1321.92175886754,far-field,D20171215,2017-12-15,0.40390903,0
D10122119532,-33.48974762,148.99409958,685259.2620824995,6292638.138145676,1334.2617403767886,far-field,D20171215,2017-12-15,0.17969678,0
D10122119533,-33.48973738,148.99405605,685255.2391562774,6292639.351420496,1335.661985665984,far-field,D20171215,2017-12-15,0.19924198,0
D10122119536,-33.48970987,148.99393902,685244.4235090902,6292642.611056058,1339.4823947379728,far-field,D20171215,2017-12-15,0.3361326,0
D10122119540,-33.48967399,148.9937863,685230.3094213839,6292646.862575422,1344.5921188955265,far-field,D20171215,2017-12-15,0.720868,0
D10122119541,-33.48966511,148.99374854,685226.8197317861,6292647.9147217395,1345.8783548801737,far-field,D20171215,2017-12-15,0.49249405,0
D10122119542,-33.48965683,148.99371326,685223.5592015334,6292648.89590327,1347.086060797818,far-field,D20171215,2017-12-15,0.559453,0
D10122119550,-33.48959173,148.99343589,685197.9250237658,6292656.610203351,1356.8415285632516,far-field,D20171215,2017-12-15,0.27712545,0
D10122119554,-33.48956007,148.99330096,685185.4549352071,6292660.361929805,1361.7512232536942,far-field,D20171215,2017-12-15,0.13094531,0
D10122119558,-33.48952831,148.99316561,685172.9460249497,6292664.125478638,1366.7832811182354,far-field,D20171215,2017-12-15,0.5300981,0
D10122119559,-33.48952018,148.99313096,685169.7437041418,6292665.08888307,1368.0885051599832,far-field,D20171215,2017-12-15,0.51025563,0
D10122119560,-33.489512,148.99309613,685166.5247638541,6292666.05815234,1369.4083388534389,far-field,D20171215,2017-12-15,0.7111326,0
D10122119562,-33.48949551,148.99302587,685160.0314070873,6292668.0121744685,1372.0907416482037,far-field,D20171215,2017-12-15,0.3233502,0
D10122119604,-33.48909785,148.99133456,685003.7230716557,6292715.127097325,1444.861460424997,far-field,D20171215,2017-12-15,0.5497176,0
D10122119611,-33.48902908,148.99104218,684976.7016646827,6292723.274536485,1458.9287984566938,far-field,D20171215,2017-12-15,0.65487516,0
D10122119613,-33.48900923,148.99095779,684968.9024367312,6292725.626219487,1463.0652441078228,far-field,D20171215,2017-12-15,0.37737814,0
D10122218983,-33.49515532,149.01654773,687333.4642060471,6291998.146874098,1945.5941216871843,far-field,D20171215,2017-12-15,0.48246136,0
D10122218987,-33.49512284,149.01640922,687320.6647812478,6292001.998836039,1935.470675829501,far-field,D20171215,2017-12-15,0.93541914,1
D10122218988,-33.49511464,149.01637428,687317.4360605802,6292002.971259623,1932.9235154666296,far-field,D20171215,2017-12-15,0.5752824,0
D10122219004,-33.49497512,149.01577976,687262.4978043092,6292019.516572626,1889.9779076840405,far-field,D20171215,2017-12-15,0.63443816,0
D10122219489,-33.49029239,148.99585585,685421.2904142195,6292574.589087296,1273.397457645532,far-field,D20171215,2017-12-15,0.06279726,0
D10122219494,-33.49024617,148.99565916,685403.1129330161,6292580.066087701,1277.5421234463868,far-field,D20171215,2017-12-15,0.3138377,0
D10122219499,-33.49019617,148.99544659,685383.4679534422,6292585.9906050535,1282.3277305267748,far-field,D20171215,2017-12-15,0.3549346,0
D10122219513,-33.49005977,148.99486655,685329.8624893965,6292602.152745515,1296.944695018634,far-field,D20171215,2017-12-15,0.7453924,0
D10122219518,-33.49001596,148.99468007,685312.6284730679,6292607.344079406,1302.115897511619,far-field,D20171215,2017-12-15,0.7381094,0
D10122219523,-33.48996769,148.99447476,685293.654292907,6292613.063595835,1308.0760680562967,far-field,D20171215,2017-12-15,0.82216114,1
D10122219524,-33.48995703,148.99442946,685289.4678104164,6292614.326621978,1309.428927995683,far-field,D20171215,2017-12-15,0.9707937,1
D10122219533,-33.48986131,148.99402279,685251.884660519,6292625.667537635,1322.1621349401414,far-field,D20171215,2017-12-15,0.53857017,0
D10122219535,-33.48984345,148.99394674,685244.8562663388,6292627.783881113,1324.6544037834583,far-field,D20171215,2017-12-15,0.7026605,0
D10122219536,-33.48983447,148.99390853,685241.3249848104,6292628.847925866,1325.920892261168,far-field,D20171215,2017-12-15,0.63793105,0
D10122219538,-33.48981652,148.99383215,685234.2661150723,6292630.974831038,1328.4795444268018,far-field,D20171215,2017-12-15,0.17969678,0
D10122219539,-33.48980755,148.99379399,685230.7394560478,6292632.037673609,1329.7715572174227,far-field,D20171215,2017-12-15,0.41862366,0
D10122219540,-33.48979859,148.99375582,685227.2118458309,6292633.099423754,1331.0714847741824,far-field,D20171215,2017-12-15,0.3709869,0
D10122219546,-33.48974587,148.99353142,685206.473238069,6292639.346320631,1338.8980457798266,far-field,D20171215,2017-12-15,0.74442625,0
D10122219548,-33.48972917,148.99346029,685199.899514264,6292641.325211455,1341.4411277353117,far-field,D20171215,2017-12-15,0.55863553,0
D10122219550,-33.48971357,148.9933938,685193.7545872153,6292643.173832696,1343.844506222391,far-field,D20171215,2017-12-15,0.31264862,0
D10122219557,-33.48965851,148.99315911,685172.0647911228,6292649.6985112075,1352.5365763596214,far-field,D20171215,2017-12-15,0.39186978,0
D10122219558,-33.4896505,148.99312498,685168.9105372758,6292650.647680318,1353.8278510872854,far-field,D20171215,2017-12-15,0.43229786,0
D10122219560,-33.48963448,148.9930567,685162.6001695207,6292652.546051042,1356.4309580435338,far-field,D20171215,2017-12-15,0.6851962,0
D10122219576,-33.48949491,148.99246255,685107.6896995545,6292669.083636197,1380.2219258939604,far-field,D20171215,2017-12-15,0.9780767,1
D10122219579,-33.48946782,148.99234728,685097.036621877,6292672.293387478,1385.06656995382,far-field,D20171215,2017-12-15,0.53656363,0
D10122219612,-33.48914433,148.99097193,684969.9289377839,6292710.619074058,1448.252138378265,far-field,D20171215,2017-12-15,0.12016944,0
D10122318961,-33.49548375,149.0173853,687410.5775224797,6291960.2128144745,2001.8248119892298,far-field,D20171215,2017-12-15,0.6371879,0
D10122318979,-33.49531498,149.01666666,687344.1703108322,6291980.226494361,1948.2361401526036,far-field,D20171215,2017-12-15,0.6999108,0
D10122318999,-33.49514603,149.01594649,687277.6210801576,6292000.262427056,1895.5506292072453,far-field,D20171215,2017-12-15,0.88399225,1
D10122319002,-33.49511884,149.01583069,687266.920299657,6292003.486687832,1887.1817517717418,far-field,D20171215,2017-12-15,0.34415874,0
D10122319024,-33.49491413,149.01495902,687186.3713939997,6292027.761026682,1825.1528315798312,far-field,D20171215,2017-12-15,0.991305,1
D10122319495,-33.49036238,148.99559297,685396.7149129184,6292567.297189191,1264.3950768106538,far-field,D20171215,2017-12-15,0.53723246,0
D10122319496,-33.49035267,148.99555168,685392.899036641,6292568.447747266,1265.317128765138,far-field,D20171215,2017-12-15,0.69322234,0
D10122319500,-33.49031323,148.99538397,685377.3998617259,6292573.121056385,1269.1840795299709,far-field,D20171215,2017-12-15,0.6154875,0
D10122319518,-33.49014179,148.99465474,685310.0066933904,6292593.435351407,1288.2245128654006,far-field,D20171215,2017-12-15,0.043920927,0
D10122319535,-33.4899694,148.99392198,685242.2872901091,6292613.860814253,1310.9031041866203,far-field,D20171215,2017-12-15,0.30075803,0
D10122319537,-33.48995068,148.99384234,685234.927158484,6292616.078928918,1313.572007575658,far-field,D20171215,2017-12-15,0.251412,0
D10122319538,-33.48994142,148.99380294,685231.2859041812,6292617.176144902,1314.9068543363016,far-field,D20171215,2017-12-15,0.20050535,0
D10122319557,-33.4897812,148.99312059,685168.2243022415,6292636.161500098,1339.510267987518,far-field,D20171215,2017-12-15,0.28225327,0
D10122319558,-33.48977319,148.99308647,685165.0709818152,6292637.110650305,1340.8134131449608,far-field,D20171215,2017-12-15,0.32914686,0
D10122319597,-33.48941248,148.99155187,685023.2458685753,6292679.848719977,1406.2129618601618,far-field,D20171215,2017-12-15,0.8521849,1
D10122418960,-33.49562345,149.01741884,687413.3926548172,6291944.66006056,1998.6681561232995,far-field,D20171215,2017-12-15,0.6359245,0
D10122418961,-33.4956142,149.01737945,687409.7527630122,6291945.756994849,1995.6873587442467,far-field,D20171215,2017-12-15,0.5652497,0
D10122418962,-33.49560464,149.01733878,687405.9946104056,6291946.890617358,1992.613033740308,far-field,D20171215,2017-12-15,0.30826396,0
D10122418972,-33.49550618,149.01691973,687367.2717307492,6291958.56622348,1961.1111492050309,far-field,D20171215,2017-12-15,0.8151754,1
D10122418974,-33.49548613,149.0168344,687359.3866886176,6291960.943770943,1954.7368652583452,far-field,D20171215,2017-12-15,0.11043401,0
D10122418989,-33.49535694,149.01628383,687308.5100039835,6291976.264444875,1913.9416973761533,far-field,D20171215,2017-12-15,0.3266201,0
D10122418990,-33.49534842,149.01624753,687305.1556189448,6291977.274806483,1911.2734086153746,far-field,D20171215,2017-12-15,0.4630648,0
D10122419002,-33.49524366,149.01580116,687263.9077029524,6291989.697947343,1878.6860629735831,far-field,D20171215,2017-12-15,0.44626933,0
D10122419499,-33.4904507,148.9954081,685379.3488906501,6292557.833168197,1254.0033117379426,far-field,D20171215,2017-12-15,0.22064507,0
D10122419500,-33.49044044,148.99536448,685375.3176906813,6292559.048874032,1255.0326551244582,far-field,D20171215,2017-12-15,0.45972058,0
D10122419501,-33.49043012,148.99532063,685371.2652466097,6292560.271642697,1256.0814544485252,far-field,D20171215,2017-12-15,0.5466706,0
D10122419521,-33.49024064,148.99451462,685296.7763619114,6292582.72354663,1277.6822771466334,far-field,D20171215,2017-12-15,0.91030025,1
D10122419535,-33.4900953,148.99389696,685239.6942674719,6292599.943755617,1297.168037308222,far-field,D20171215,2017-12-15,0.7452437,0
D10122419537,-33.49007574,148.99381379,685232.0079346076,6292602.261321567,1299.9772750128816,far-field,D20171215,2017-12-15,0.32996434,0
D10122419544,-33.49000942,148.99353169,685205.9369844629,6292610.119384002,1309.8246887680723,far-field,D20171215,2017-12-15,0.24435197,0
D10122419545,-33.49,148.99349162,685202.2338154358,6292611.2355279485,1311.2632690046114,far-field,D20171215,2017-12-15,0.39127526,0
D10122419553,-33.48993583,148.99321818,685176.9629150142,6292618.839630241,1321.3282419522045,far-field,D20171215,2017-12-15,0.36964923,0
D10122419557,-33.48990391,148.99308214,685164.3902843513,6292622.62214487,1326.5022197679218,far-field,D20171215,2017-12-15,0.39774078,0
D10122419592,-33.4895888,148.99174119,685040.4620498942,6292659.95812382,1383.1973058180117,far-field,D20171215,2017-12-15,0.6154132,0
D10122518962,-33.49573514,149.01733316,687405.1911194087,6291932.428837207,1986.563614786153,far-field,D20171215,2017-12-15,0.3782699,0
D10122518974,-33.49561826,149.01683569,687359.2217822978,6291946.288752447,1949.003055095401,far-field,D20171215,2017-12-15,0.28069264,0
D10122518989,-33.49548385,149.01626309,687306.3095532975,6291962.228074521,1906.3450758558934,far-field,D20171215,2017-12-15,0.29681927,0
D10122518998,-33.49540426,149.01592403,687274.9779732699,6291971.666296506,1881.3946437207974,far-field,D20171215,2017-12-15,0.59497625,0
D10122519002,-33.49536827,149.0157707,687260.8091565494,6291975.93417258,1870.190100010496,far-field,D20171215,2017-12-15,0.5034929,0
D10122519025,-33.49514859,149.01483557,687174.3964353611,6292001.983059591,1802.9867249733081,far-field,D20171215,2017-12-15,0.82989,1
D10122519490,-33.49066529,148.99576019,685411.6067320255,6292533.407122187,1231.5908506285502,far-field,D20171215,2017-12-15,0.92501485,1
D10122519500,-33.49056952,148.99535284,685373.9609409232,6292544.755294485,1240.6932238332092,far-field,D20171215,2017-12-15,0.7059304,0
D10122519514,-33.49043428,148.99477769,685320.8075946212,6292560.780021375,1255.532896410344,far-field,D20171215,2017-12-15,0.7721462,1
D10122519526,-33.49031595,148.99427456,685274.3100055018,6292574.800630664,1270.3654970973496,far-field,D20171215,2017-12-15,0.9362366,1
D10122519552,-33.49006654,148.99321383,685176.2803616008,6292604.352269183,1307.0013806071836,far-field,D20171215,2017-12-15,0.66223246,0
D10122519553,-33.49005847,148.99317945,685173.103021501,6292605.308540201,1308.304180267238,far-field,D20171215,2017-12-15,0.32268134,0
D10122519555,-33.49004261,148.99311187,685166.8573867617,6292607.187922884,1310.8854368935858,far-field,D20171215,2017-12-15,0.68318963,0
D10122519592,-33.48971331,148.99171035,685037.3314870166,6292646.205545587,1370.372491970019,far-field,D20171215,2017-12-15,0.5279429,0
D10122519606,-33.48957569,148.99112526,684983.2585789259,6292662.5100151915,1398.3485270017554,far-field,D20171215,2017-12-15,0.6302021,0
D10122618981,-33.49568118,149.01654241,687331.8367538692,6291939.840710903,1921.215794239038,far-field,D20171215,2017-12-15,0.8507729,1
D10122618983,-33.49566407,149.01646947,687325.0965734817,6291941.869827127,1915.7562415633176,far-field,D20171215,2017-12-15,0.37968192,0
D10122618997,-33.49554037,149.01594245,687276.396218738,6291956.538998844,1876.6247166198332,far-field,D20171215,2017-12-15,0.2331302,0
D10122618999,-33.49552214,149.01586481,687269.2217396591,6291958.700761403,1870.9078779450922,far-field,D20171215,2017-12-15,0.10612366,0
D10122619000,-33.49551294,149.01582562,687265.6003043836,6291959.791734552,1868.0268958246027,far-field,D20171215,2017-12-15,0.6591112,0
D10122619003,-33.49548525,149.0157077,687254.7036684676,6291963.075257892,1859.378058111839,far-field,D20171215,2017-12-15,0.7230232,0
D10122619514,-33.49056118,148.99475689,685318.6044465789,6292546.744547205,1241.4974812288622,far-field,D20171215,2017-12-15,0.8745541,1
D10122619520,-33.49050376,148.99451268,685296.0353918107,6292553.5482318755,1248.525629681458,far-field,D20171215,2017-12-15,0.9754756,1
D10122619527,-33.49043085,148.99420284,685267.4011199743,6292562.186799663,1258.028287943601,far-field,D20171215,2017-12-15,0.8784929,1
D10122619528,-33.49041941,148.99415428,685262.9134072975,6292563.542133495,1259.5769230990134,far-field,D20171215,2017-12-15,0.83732164,1
D10122619538,-33.49031615,148.99371541,685222.3545410533,6292575.776576251,1274.2555246096517,far-field,D20171215,2017-12-15,0.425981,0
D10122619543,-33.49026748,148.99350845,685203.2279196181,6292581.54321855,1281.6024212971165,far-field,D20171215,2017-12-15,0.38518134,0
D10122619552,-33.49018951,148.99317649,685172.5489264503,6292590.7821032135,1293.9332065148067,far-field,D20171215,2017-12-15,0.34653687,0
D10122619554,-33.49017323,148.99310714,685166.1397307426,6292592.711220175,1296.5934370909642,far-field,D20171215,2017-12-15,0.53544885,0
D10122619555,-33.49016533,148.99307344,685163.0252160276,6292593.647422507,1297.8954228160003,far-field,D20171215,2017-12-15,0.390978,0
D10122619557,-33.49014928,148.99300505,685156.704728434,6292595.549314236,1300.5605983101827,far-field,D20171215,2017-12-15,0.8527051,1
D10122619566,-33.49007483,148.99268795,685127.3989236061,6292604.371186906,1313.2843661755558,far-field,D20171215,2017-12-15,0.5646552,0
D10122619590,-33.48985782,148.99176448,685042.0536431741,6292630.08355791,1353.6240426128252,far-field,D20171215,2017-12-15,0.89261293,1
D10122619621,-33.48955311,148.99046901,684922.3287595848,6292666.183590407,1417.7727645386483,far-field,D20171215,2017-12-15,0.29503566,0
D10122619622,-33.48954261,148.99042442,684918.2078470867,6292667.427443845,1420.1264431865402,far-field,D20171215,2017-12-15,0.33048454,0
D10122718966,-33.49596039,149.01716967,687389.5152978494,6291907.744782962,1963.0630766710844,far-field,D20171215,2017-12-15,0.47250298,0
D10122718982,-33.49580232,149.01649696,687327.352837865,6291926.488825467,1912.0269983553922,far-field,D20171215,2017-12-15,0.8518133,1
D10122718983,-33.49579356,149.0164596,687323.9005019778,6291927.527723272,1909.2165344430907,far-field,D20171215,2017-12-15,0.6097652,0
D10122719000,-33.49564047,149.0158075,687263.6420141566,6291945.6818730105,1860.6112110338804,far-field,D20171215,2017-12-15,0.68192625,0
D10122719506,-33.49076712,148.99507216,685347.4596084321,6292523.343716865,1218.411577800381,far-field,D20171215,2017-12-15,0.7913942,1
D10122719520,-33.49062848,148.99448269,685292.9830140469,6292539.770914351,1234.8131839163766,far-field,D20171215,2017-12-15,0.9763674,1
D10122719530,-33.49052064,148.99402458,685250.6463019734,6292552.547736153,1249.212195483939,far-field,D20171215,2017-12-15,0.2057818,0
D10122719550,-33.49032996,148.99321356,685175.6942938768,6292575.140713469,1278.0362590018774,far-field,D20171215,2017-12-15,0.43995243,0
D10122719554,-33.49029594,148.99306869,685162.3057280337,6292579.171864167,1283.6150035981295,far-field,D20171215,2017-12-15,0.59690845,0
D10122719555,-33.49028757,148.99303303,685159.0100992438,6292580.163683298,1285.0073902765732,far-field,D20171215,2017-12-15,0.34445602,0
D10122719556,-33.49027924,148.99299756,685155.7320390698,6292581.1507264655,1286.400500658349,far-field,D20171215,2017-12-15,0.94634366,1
D10122719557,-33.49027096,148.99296227,685152.4705970434,6292582.131902579,1287.7932288553436,far-field,D20171215,2017-12-15,0.7573573,1
D10122719558,-33.49026289,148.99292791,685149.2951209333,6292583.0881303195,1289.15735250854,far-field,D20171215,2017-12-15,0.9869946,1
D10122719583,-33.49004678,148.99200783,685064.2631563887,6292608.6948555205,1328.2474722393922,far-field,D20171215,2017-12-15,0.65896255,0
D10122818965,-33.49609641,149.01718773,687390.9000927337,6291892.6280895285,1959.040985991478,far-field,D20171215,2017-12-15,0.7595868,1
D10122818971,-33.49604114,149.01695232,687369.1467519607,6291899.182442708,1940.981475484626,far-field,D20171215,2017-12-15,0.9247176,1
D10122819009,-33.49567776,149.01540544,687226.2052335737,6291942.272115918,1824.9125183132269,far-field,D20171215,2017-12-15,0.1993163,0
D10122819010,-33.49566697,149.01535953,687221.9628520776,6291943.551522974,1821.5418726083376,far-field,D20171215,2017-12-15,0.50966114,0
D10122819505,-33.49090309,148.99508999,685348.8264863784,6292508.233430585,1203.3375204053707,far-field,D20171215,2017-12-15,0.6671373,0
D10122819515,-33.49080486,148.99467231,685310.226143811,6292519.872608203,1214.6622569159754,far-field,D20171215,2017-12-15,0.47502974,0
D10122819530,-33.49064442,148.99399063,685247.2280392661,6292538.881717622,1235.7631794787833,far-field,D20171215,2017-12-15,0.1386742,0
D10122819546,-33.49048973,148.99333279,685186.4326214101,6292557.21021444,1259.0394422425188,far-field,D20171215,2017-12-15,0.4292509,0
D10122819548,-33.49047156,148.99325545,685179.2850633273,6292559.363191436,1261.955833536994,far-field,D20171215,2017-12-15,0.4799346,0
D10122819550,-33.4904535,148.99317863,685172.1855853132,6292561.50303665,1264.8909026213332,far-field,D20171215,2017-12-15,0.43400714,0
D10122819554,-33.49041791,148.99302714,685158.1852653181,6292565.72010042,1270.783113944324,far-field,D20171215,2017-12-15,0.44953924,0
D10122819555,-33.49040922,148.99299013,685154.764883316,6292566.749813476,1272.2434770397037,far-field,D20171215,2017-12-15,0.2818817,0
D10122819556,-33.49040058,148.99295334,685151.3648360947,6292567.773588009,1273.703608605826,far-field,D20171215,2017-12-15,0.75245243,0
D10122819558,-33.49038373,148.99288159,685144.7338636703,6292569.770183548,1276.5748235327121,far-field,D20171215,2017-12-15,0.68995243,0
D10122819569,-33.4902892,148.9924791,685107.5366206716,6292580.971114978,1293.2514286636756,far-field,D20171215,2017-12-15,0.16944115,0
D10122918967,-33.49620608,149.01709353,687381.9113687163,6291880.636245971,1946.4550521072945,far-field,D20171215,2017-12-15,0.9526605,1
D10122919008,-33.49581678,149.01543611,687228.7554575468,6291926.800016365,1821.105706301632,far-field,D20171215,2017-12-15,0.46001783,0
D10122919009,-33.49580609,149.01539068,687224.5574659182,6291928.067469178,1817.7472207998912,far-field,D20171215,2017-12-15,0.25676277,0
D10122919497,-33.49110951,148.99540729,685377.8690561728,6292484.775644231,1180.9597204007036,far-field,D20171215,2017-12-15,0.36400118,0
D10122919505,-33.49103107,148.99507373,685347.0428445586,6292494.07008482,1189.1360678825422,far-field,D20171215,2017-12-15,0.9685642,1
D10122919550,-33.49057782,148.99314695,685168.9772062749,6292547.773061358,1251.6380811986382,far-field,D20171215,2017-12-15,0.693148,0
D10122919554,-33.49054132,148.99299163,685154.6229688071,6292552.0978695,1257.735293341943,far-field,D20171215,2017-12-15,0.4051724,0
D10122919555,-33.49053226,148.9929531,685151.0621444986,6292553.171324668,1259.2714779376984,far-field,D20171215,2017-12-15,0.32097206,0
D10122919556,-33.49052331,148.99291498,685147.5391814861,6292554.231848518,1260.7987796963753,far-field,D20171215,2017-12-15,0.15502378,0
D10122919559,-33.49049761,148.99280556,685137.4268529646,6292557.277069544,1265.2330182288724,far-field,D20171215,2017-12-15,0.6629013,0
D10123019005,-33.49597662,149.01555537,687239.4919324348,6291908.859199364,1824.0346576519416,far-field,D20171215,2017-12-15,0.7966706,1
D10123019006,-33.49596627,149.01551136,687235.4251531353,6291910.086390249,1820.7499851069174,far-field,D20171215,2017-12-15,0.75118905,0
D10123019028,-33.4957321,149.01451555,687143.4062421437,6291937.851402644,1747.536871451374,far-field,D20171215,2017-12-15,0.49234542,0
D10123019030,-33.4957127,149.014433,687135.7780716836,6291940.151669289,1741.5670323964603,far-field,D20171215,2017-12-15,0.40487516,0
D10123019032,-33.4956938,149.01435255,687128.3439381083,6291942.392694483,1735.7641726080399,far-field,D20171215,2017-12-15,0.53128713,0
D10123019503,-33.49118066,148.99514931,685353.7466381083,6292477.346255409,1172.592000649925,far-field,D20171215,2017-12-15,0.25624257,0
D10123019504,-33.49117095,148.99510801,685349.9298650554,6292478.4968158305,1173.6376839207753,far-field,D20171215,2017-12-15,0.60471165,0
D10123019509,-33.49112284,148.9949034,685331.0206627762,6292484.197425346,1179.003846015225,far-field,D20171215,2017-12-15,0.7769768,1
D10123019550,-33.49070179,148.99311383,685165.6357790022,6292534.084467869,1238.4615771544784,far-field,D20171215,2017-12-15,0.55677766,0
D10123019553,-33.4906738,148.99299474,685154.6298408718,6292537.400912484,1243.1661148897028,far-field,D20171215,2017-12-15,0.8654132,1
D10123019554,-33.49066453,148.9929553,685150.9849143659,6292538.499279506,1244.7436669685053,far-field,D20171215,2017-12-15,0.5014863,0
D10123019555,-33.49065535,148.99291623,685147.3741749442,6292539.587004412,1246.3155816800693,far-field,D20171215,2017-12-15,0.60166466,0
D10123019556,-33.49064655,148.99287878,685143.9131520349,6292540.629697507,1247.8312258815993,far-field,D20171215,2017-12-15,0.2372176,0
D10123019557,-33.49063779,148.99284151,685140.4687684297,6292541.667632384,1249.3483928914998,far-field,D20171215,2017-12-15,0.50252676,0
D10123019558,-33.49062907,148.99280437,685137.0363782621,6292542.700898267,1250.8676946981566,far-field,D20171215,2017-12-15,0.35255647,0
D10123019559,-33.49062037,148.99276734,685133.6141657757,6292543.7317487495,1252.391511778219,far-field,D20171215,2017-12-15,0.2861177,0
D10123019582,-33.49041337,148.99188642,685052.2017948055,6292568.258265807,1291.0347499725597,far-field,D20171215,2017-12-15,0.23008323,0
D10123119007,-33.49608335,149.01544879,687229.3594710694,6291897.215596123,1810.228355421267,far-field,D20171215,2017-12-15,0.25334424,0
D10123119015,-33.49600108,149.01509883,687197.0210752722,6291906.970441472,1784.1380062360213,far-field,D20171215,2017-12-15,0.9253121,1
D10123119502,-33.49131978,148.99518037,685356.3360685995,6292461.863015278,1157.1943656895044,far-field,D20171215,2017-12-15,0.14722057,0
D10123119504,-33.49130022,148.9950972,685348.6498705222,6292464.180680658,1159.2937155509226,far-field,D20171215,2017-12-15,0.252824,0
D10123119505,-33.49129042,148.99505551,685344.7970565872,6292465.341916429,1160.364987350975,far-field,D20171215,2017-12-15,0.23431927,0
D10123119508,-33.4912612,148.99493126,685333.314417931,6292468.804188626,1163.6358282683377,far-field,D20171215,2017-12-15,0.91914386,1
D10123119509,-33.49125142,148.99488965,685329.4689913748,6292469.963057326,1164.756138790243,far-field,D20171215,2017-12-15,0.8084126,1
D10123119522,-33.49110243,148.994257,685271.0025770213,6292487.615024457,1183.3713490158782,far-field,D20171215,2017-12-15,0.47629312,0
D10123119553,-33.49079775,148.99296154,685151.2810458278,6292523.714675514,1230.05660337591,far-field,D20171215,2017-12-15,0.22733353,0
D10123119556,-33.49077018,148.99284421,685140.4377562206,6292526.981388146,1234.8204237203263,far-field,D20171215,2017-12-15,0.15063912,0
D10123119557,-33.49076115,148.9928058,685136.8880263766,6292528.051297512,1236.398979353376,far-field,D20171215,2017-12-15,0.5159037,0
D10123119559,-33.49074318,148.99272933,685129.8208940083,6292530.180507259,1239.567889158045,far-field,D20171215,2017-12-15,0.3755202,0
D10123119560,-33.49073424,148.99269127,685126.3034915046,6292531.239807665,1241.1580109555462,far-field,D20171215,2017-12-15,0.54050237,0
D10123119582,-33.49053273,148.99183391,685047.0686693396,6292555.115441687,1279.2643709398535,far-field,D20171215,2017-12-15,0.2248811,0
D10123219014,-33.49614041,149.01513083,687199.6942370511,6291891.461573213,1780.6085028426398,far-field,D20171215,2017-12-15,0.8906064,1
D10123219015,-33.49612914,149.01508294,687195.2689432399,6291892.797771787,1777.0334636510547,far-field,D20171215,2017-12-15,0.5776605,0
D10123219505,-33.49141863,148.99504022,685343.1030623941,6292451.151331272,1146.1419658679608,far-field,D20171215,2017-12-15,0.33152497,0
D10123219506,-33.49140863,148.99499772,685339.175417017,6292452.3361907825,1147.2533084737436,far-field,D20171215,2017-12-15,0.89291024,1
D10123219513,-33.49133307,148.99467672,685309.5101794597,6292461.288703989,1156.0863507389272,far-field,D20171215,2017-12-15,0.7122473,0
D10123219516,-33.4912985,148.99452994,685295.945520455,6292465.38445331,1160.3807839712697,far-field,D20171215,2017-12-15,0.4252378,0
D10123219517,-33.49128623,148.99447783,685291.1297709467,6292466.8381845355,1161.942797356948,far-field,D20171215,2017-12-15,0.6371879,0
D10123219518,-33.49127405,148.99442616,685286.3547117581,6292468.281147094,1163.5125299593726,far-field,D20171215,2017-12-15,0.11957491,0
D10123219520,-33.49124985,148.99432346,685276.8637153796,6292471.148179023,1166.6885895554105,far-field,D20171215,2017-12-15,0.9849881,1
D10123219522,-33.49122717,148.99422715,685267.9632142857,6292473.835232351,1169.7339672737244,far-field,D20171215,2017-12-15,0.8964774,1
D10123219553,-33.49092198,148.99292948,685148.0375881582,6292509.995352934,1216.9213846487035,far-field,D20171215,2017-12-15,0.3754459,0
D10123219554,-33.49091265,148.9928898,685144.3704992871,6292511.10079983,1218.5381260231684,far-field,D20171215,2017-12-15,0.1724138,0
D10123219556,-33.49089413,148.99281102,685137.0899131716,6292513.295129245,1221.7768197648484,far-field,D20171215,2017-12-15,0.5243014,0
D10123219557,-33.49088492,148.99277183,685133.4680959797,6292514.3863902725,1223.402027196737,far-field,D20171215,2017-12-15,0.5512039,0
D10123219558,-33.49087574,148.99273276,685129.8573642416,6292515.47410897,1225.0315407513385,far-field,D20171215,2017-12-15,0.38830262,0
D10123219560,-33.49085746,148.99265499,685122.6701076266,6292517.640010538,1228.3039138088168,far-field,D20171215,2017-12-15,0.4557075,0
D10123319014,-33.49626843,149.01511478,687197.927322185,6291877.293628162,1773.599193113323,far-field,D20171215,2017-12-15,0.73877823,0
D10123319505,-33.49154656,148.99502378,685341.3028142401,6292436.993850384,1131.9517341562237,far-field,D20171215,2017-12-15,0.51761293,0
D10123319506,-33.49153648,148.99498091,685337.3409659745,6292438.188241875,1133.0774295601482,far-field,D20171215,2017-12-15,0.82959276,1
D10123319507,-33.49152627,148.99493752,685333.331077274,6292439.397976784,1134.231869890288,far-field,D20171215,2017-12-15,0.7167806,0
D10123319516,-33.49142395,148.99450301,685293.1759297587,6292451.520717851,1146.5808117887736,far-field,D20171215,2017-12-15,0.7552021,0
D10123319517,-33.49141178,148.99445138,685288.4045739389,6292452.962501425,1148.14250706375,far-field,D20171215,2017-12-15,0.26612663,0
D10123319518,-33.49140017,148.99440205,685283.8457320007,6292454.33807461,1149.6508586214613,far-field,D20171215,2017-12-15,0.62291914,0
D10123319520,-33.491376,148.9942995,685274.3686226719,6292457.201510027,1152.8469469275187,far-field,D20171215,2017-12-15,0.8810196,1
D10123319522,-33.49135307,148.9942021,685265.36738759,6292459.91823144,1155.9499525537365,far-field,D20171215,2017-12-15,0.5968341,0
D10123319523,-33.49134167,148.99415372,685260.8963632105,6292461.268809436,1157.5176985188227,far-field,D20171215,2017-12-15,0.42204222,0
D10123319538,-33.49118783,148.99349984,685200.4676074017,6292479.496088722,1180.2900442430832,far-field,D20171215,2017-12-15,0.43809453,0
D10123319553,-33.49104614,148.99289716,685144.7701287748,6292496.284255941,1203.8195617566437,far-field,D20171215,2017-12-15,0.5899227,0
D10123319559,-33.49098962,148.99265672,685122.5494796063,6292502.981003222,1213.8566678923014,far-field,D20171215,2017-12-15,0.41684008,0
D10123419507,-33.49165168,148.99491046,685330.5494426978,6292425.538917506,1120.343518506017,far-field,D20171215,2017-12-15,0.15769917,0
D10123419516,-33.49155005,148.99447884,685290.6614100153,6292437.579971606,1132.705607273799,far-field,D20171215,2017-12-15,0.78091556,1
D10123419517,-33.4915378,148.99442686,685285.857710632,6292439.031250804,1134.2897204479623,far-field,D20171215,2017-12-15,0.48513675,0
D10123419518,-33.49152566,148.99437535,685281.0974463389,6292440.469489895,1135.879282803239,far-field,D20171215,2017-12-15,0.6591112,0
D10123419523,-33.49146806,148.99413079,685258.4964880033,6292447.293683577,1143.6868535050583,far-field,D20171215,2017-12-15,0.49375743,0
D10123419524,-33.49145667,148.99408239,685254.023589211,6292448.643185376,1145.2823550567048,far-field,D20171215,2017-12-15,0.5125595,0
D10123419525,-33.49144528,148.99403402,685249.5534767853,6292449.992631489,1146.8944433014246,far-field,D20171215,2017-12-15,0.45838287,0
D10123419559,-33.4911124,148.99261858,685118.7442195797,6292489.433316743,1201.1218468067173,far-field,D20171215,2017-12-15,0.31056777,0
D10123419560,-33.49110308,148.99257895,685115.0817606219,6292490.537554588,1202.8282587665094,far-field,D20171215,2017-12-15,0.7621879,1
D10123419565,-33.49105654,148.99238095,685096.7832642762,6292496.051801113,1211.4960861276945,far-field,D20171215,2017-12-15,0.63666767,0
D10123519507,-33.49177712,148.9948835,685327.7770421978,6292411.676352052,1106.4579865511491,far-field,D20171215,2017-12-15,0.82082343,1
D10123519511,-33.49173418,148.99470107,685310.9178306285,6292416.763987262,1111.5513868096205,far-field,D20171215,2017-12-15,0.42271104,0
D10123519519,-33.49164114,148.99430605,685274.4122552123,6292427.787025243,1123.4540824008322,far-field,D20171215,2017-12-15,0.34891498,0
D10123519557,-33.49125385,148.99265988,685122.2805356972,6292473.673503471,1184.9927985363938,far-field,D20171215,2017-12-15,0.99056184,1
D10123519564,-33.49118863,148.99238242,685096.6386637506,6292481.401021181,1197.1255114297953,far-field,D20171215,2017-12-15,0.38889715,0
D10123519565,-33.49117914,148.99234208,685092.910596783,6292482.525369234,1198.9299023073008,far-field,D20171215,2017-12-15,0.3827289,0
D10123519567,-33.49115977,148.99225971,685085.2982610113,6292484.820324246,1202.6442000128925,far-field,D20171215,2017-12-15,0.57907254,0
D10123519568,-33.49115022,148.99221908,685081.5433734445,6292485.951838731,1204.49094473485,far-field,D20171215,2017-12-15,0.6473692,0
D10123519569,-33.4911407,148.9921786,685077.8023587652,6292487.079757335,1206.341306088628,far-field,D20171215,2017-12-15,0.70548457,0
D10123619516,-33.49180447,148.99443986,685286.4973532629,6292409.435577247,1104.6881731117908,far-field,D20171215,2017-12-15,0.16163793,0
D10123619521,-33.49174413,148.99418375,685262.829126598,6292416.584260534,1112.7927233692726,far-field,D20171215,2017-12-15,0.30150118,0
D10123619528,-33.49166595,148.99385173,685232.1455880906,6292425.846757477,1124.0171945739028,far-field,D20171215,2017-12-15,0.8864447,1
D10123619529,-33.49165534,148.99380665,685227.9795175553,6292427.1038230155,1125.6023906559317,far-field,D20171215,2017-12-15,0.8363555,1
D10123619562,-33.49133023,148.99242432,685100.2304421526,6292465.623512773,1180.9551830220278,far-field,D20171215,2017-12-15,0.8787158,1
D10123619563,-33.49132079,148.99238418,685096.5208586763,6292466.741961028,1182.748641128044,far-field,D20171215,2017-12-15,0.7755648,1
D10123619564,-33.491311,148.99234255,685092.6735734615,6292467.901878764,1184.6191448227808,far-field,D20171215,2017-12-15,0.24583828,0
D10123619565,-33.49130121,148.99230091,685088.8253582426,6292469.061812758,1186.500505620147,far-field,D20171215,2017-12-15,0.34148335,0
D10123718950,-33.49732929,149.01738944,687406.9835274519,6291755.542271359,1931.0292816440217,far-field,D20171215,2017-12-15,0.5831599,0
D10123718951,-33.49732092,149.01735375,687403.6855814487,6291756.534935191,1928.1467893861518,far-field,D20171215,2017-12-15,0.32639715,0
D10123719514,-33.49195208,148.99450708,685292.428618658,6292392.946290179,1088.0414477523723,far-field,D20171215,2017-12-15,0.60887337,0
D10123719515,-33.49194066,148.9944586,685287.9483800601,6292394.29927883,1089.5155223592672,far-field,D20171215,2017-12-15,0.24346016,0
D10123719521,-33.49186891,148.99415403,685259.8017835387,6292402.799798062,1099.1874359235396,far-field,D20171215,2017-12-15,0.2636742,0
D10123719545,-33.49162253,148.99310687,685163.028318483,6292431.991145142,1137.5888819123732,far-field,D20171215,2017-12-15,0.6149673,0
D10123719547,-33.49160332,148.99302516,685155.4770208863,6292434.267237273,1140.9060036732585,far-field,D20171215,2017-12-15,0.41579965,0
D10123719566,-33.49141372,148.99221914,685080.9880624688,6292456.730825051,1175.9738108602724,far-field,D20171215,2017-12-15,0.12158145,0
D10123719568,-33.49139412,148.9921358,685073.2861056626,6292459.053007355,1179.8324806996666,far-field,D20171215,2017-12-15,0.16869798,0
D10123719569,-33.49138432,148.99209414,685069.4360551676,6292460.214078304,1181.7774093200142,far-field,D20171215,2017-12-15,0.3530767,0
D10123818950,-33.49745034,149.017344,687402.5006926623,6291742.200379139,1922.9959408124835,far-field,D20171215,2017-12-15,0.35500893,0
D10123818951,-33.49744244,149.01731029,687399.3857011036,6291743.137344291,1920.2624999324328,far-field,D20171215,2017-12-15,0.40078774,0
D10123819514,-33.49207673,148.99447681,685289.3504105943,6292379.177233458,1074.3594378293433,far-field,D20171215,2017-12-15,0.8628864,1
D10123819515,-33.49206531,148.99442832,685284.8692490452,6292380.530238821,1075.8478084040562,far-field,D20171215,2017-12-15,0.8875595,1
D10123819518,-33.49203099,148.9942826,685271.4026563937,6292384.596342143,1080.4304197929082,far-field,D20171215,2017-12-15,0.4554102,0
D10123819519,-33.49201867,148.99423029,685266.5684685946,6292386.055964722,1082.1153283404399,far-field,D20171215,2017-12-15,0.49895957,0
D10123819520,-33.49200634,148.99417797,685261.7333716158,6292387.516711618,1083.8223168385302,far-field,D20171215,2017-12-15,0.85887337,1
D10123819523,-33.49197008,148.99402409,685247.5126990462,6292391.8124855235,1088.9626005397845,far-field,D20171215,2017-12-15,0.22725922,0
D10123819524,-33.49195937,148.99397859,685243.3078334209,6292393.08139777,1090.5153501561426,far-field,D20171215,2017-12-15,0.7953329,1
D10123819568,-33.49151642,148.99209565,685069.295187584,6292445.562118769,1167.492192092802,far-field,D20171215,2017-12-15,0.27630797,0
D10123819569,-33.49150701,148.9920556,685065.5939078127,6292446.677067981,1169.3800290694064,far-field,D20171215,2017-12-15,0.30120394,0
D10123819573,-33.49146992,148.99189783,685051.013397798,6292451.071524601,1176.9131371827123,far-field,D20171215,2017-12-15,0.46417955,0
D10123918950,-33.49757267,149.01730398,687398.5186851491,6291728.706748797,1915.473389642393,far-field,D20171215,2017-12-15,0.6374108,0
D10123918951,-33.49756501,149.01727127,687395.4960910205,6291729.615291671,1912.8102818767088,far-field,D20171215,2017-12-15,0.61117715,0
D10123919519,-33.49214325,148.99419974,685263.4644320069,6292372.295163888,1068.5303321938557,far-field,D20171215,2017-12-15,0.66119206,0
D10123919525,-33.49207379,148.99390481,685236.208715815,6292380.524455743,1078.5162126380064,far-field,D20171215,2017-12-15,0.58739597,0
D10123919531,-33.49200965,148.99363233,685211.0275909385,6292388.123636892,1088.318953520776,far-field,D20171215,2017-12-15,0.7846314,1
D10123919532,-33.49199944,148.99358891,685207.0149235653,6292389.333373147,1089.9303292323705,far-field,D20171215,2017-12-15,0.97495544,1
D10123919547,-33.49185147,148.99295977,685148.8727966965,6292406.865236081,1114.7895808855897,far-field,D20171215,2017-12-15,0.6779132,0
D10123919568,-33.49164018,148.99206161,685065.8688910626,6292431.8984252345,1154.898614279985,far-field,D20171215,2017-12-15,0.48602855,0
D10124019519,-33.49226753,148.99416791,685260.2421096963,6292358.569915941,1055.0011866618925,far-field,D20171215,2017-12-15,0.5260107,0
D10124019524,-33.4922084,148.99391692,685237.0471468464,6292365.575217111,1063.5469891555256,far-field,D20171215,2017-12-15,0.34965813,0
D10124019525,-33.49219683,148.9938678,685232.5077685372,6292366.945957021,1065.2756755826879,far-field,D20171215,2017-12-15,0.50118905,0
D10124019532,-33.4921215,148.99354777,685202.9323603066,6292375.87091338,1076.976085963488,far-field,D20171215,2017-12-15,0.93935794,1
D10124019576,-33.49168684,148.99169973,685032.1449990254,6292427.369361533,1158.389430737657,far-field,D20171215,2017-12-15,0.58152497,0
D10124019577,-33.49167733,148.99165929,685028.4076984313,6292428.496081542,1160.4135361736417,far-field,D20171215,2017-12-15,0.40576693,0
D10124119520,-33.49237956,148.99408409,685252.2152097605,6292346.295949342,1043.2357392127576,far-field,D20171215,2017-12-15,0.1377824,0
D10124119522,-33.49235552,148.99398205,685242.7853117636,6292349.14403156,1046.7288377291459,far-field,D20171215,2017-12-15,0.7248068,0
D10124119523,-33.49234293,148.99392864,685237.8495066802,6292350.635545782,1048.590220234532,far-field,D20171215,2017-12-15,0.24293995,0
D10124119524,-33.49233059,148.9938763,685233.0125874378,6292352.097423598,1050.4359104145628,far-field,D20171215,2017-12-15,0.18943222,0
D10124119529,-33.49227361,148.9936343,685210.6483579972,6292358.848188866,1059.2329436071855,far-field,D20171215,2017-12-15,0.51181626,0
D10124119531,-33.49225239,148.99354415,685202.3171999367,6292361.36228421,1062.6220029049894,far-field,D20171215,2017-12-15,0.9285821,1
D10124119536,-33.49220265,148.99333269,685182.7751619816,6292367.255595029,1070.803150345372,far-field,D20171215,2017-12-15,0.664239,0
D10124119578,-33.49178901,148.99157398,685020.2433541939,6292416.263403569,1150.6746761346083,far-field,D20171215,2017-12-15,0.72361773,0
D10124119581,-33.49176038,148.99145223,685008.9917187319,6292419.6554018855,1156.9213520650212,far-field,D20171215,2017-12-15,0.86251485,1
D10124119583,-33.49174135,148.9913713,685001.5124940597,6292421.910020621,1161.1207621490173,far-field,D20171215,2017-12-15,0.42233947,0
D10124119584,-33.49173189,148.99133104,684997.7918113604,6292423.030863054,1163.2230006928683,far-field,D20171215,2017-12-15,0.5008175,0
D10124219522,-33.49247906,148.9939471,685239.2747042818,6292335.506409923,1033.396017500715,far-field,D20171215,2017-12-15,0.18943222,0
D10124219523,-33.49246634,148.99389316,685234.2899376123,6292337.013285125,1035.2978100890134,far-field,D20171215,2017-12-15,0.16312426,0
D10124219525,-33.49244066,148.99378422,685224.2224207702,6292340.055534508,1039.2066249254458,far-field,D20171215,2017-12-15,0.4876635,0
D10124219529,-33.49239473,148.99358918,685206.1979969544,6292345.497075388,1046.427238817801,far-field,D20171215,2017-12-15,0.511742,0
D10124219530,-33.49238347,148.99354137,685201.7796840639,6292346.8310855,1048.2413700263212,far-field,D20171215,2017-12-15,0.5915577,0
D10124219531,-33.49237223,148.99349362,685197.3669024046,6292348.162768548,1050.0696967671731,far-field,D20171215,2017-12-15,0.18958086,0
D10124219538,-33.49230413,148.99320404,685170.6054143544,6292356.231510195,1061.5117772846465,far-field,D20171215,2017-12-15,0.71098393,0
D10124219578,-33.49191106,148.99153278,685016.1554944019,6292402.802092118,1138.765664457581,far-field,D20171215,2017-12-15,0.30387932,0
D10124219580,-33.49189115,148.99144811,685008.3306505103,6292405.160972746,1143.1460872505265,far-field,D20171215,2017-12-15,0.33420035,0
D10124219581,-33.49188125,148.99140606,685004.4445913436,6292406.333803279,1145.338273064199,far-field,D20171215,2017-12-15,0.7500743,0
D10124219583,-33.49186159,148.99132245,684996.7177014917,6292408.6630606465,1149.7246478077275,far-field,D20171215,2017-12-15,0.3498068,0
D10124219584,-33.49185181,148.99128088,684992.8759842172,6292409.821723253,1151.9208880032413,far-field,D20171215,2017-12-15,0.5167212,0
D10124219585,-33.49184243,148.99124096,684989.1867267976,6292410.933084815,1154.0379042768827,far-field,D20171215,2017-12-15,0.7927319,1
D10124219587,-33.49182399,148.99116253,684981.9385407077,6292413.117803674,1158.224411764325,far-field,D20171215,2017-12-15,0.63837695,0
D10124319521,-33.49261565,148.99396755,685240.8838171205,6292320.322709104,1018.1332111509272,far-field,D20171215,2017-12-15,0.25059453,0
D10124319522,-33.49260279,148.99391298,685235.8408202253,6292321.8462354615,1020.0545486278081,far-field,D20171215,2017-12-15,0.2673157,0
D10124319523,-33.49258989,148.99385825,685230.7830406306,6292323.374480526,1022.0054172012872,far-field,D20171215,2017-12-15,0.21596314,0
D10124319524,-33.49257712,148.99380409,685225.777944451,6292324.887289043,1023.9596252727702,far-field,D20171215,2017-12-15,0.3089328,0
D10124319525,-33.49256449,148.99375047,685220.8227229647,6292326.383605687,1025.9155347886403,far-field,D20171215,2017-12-15,0.18675683,0
D10124319529,-33.49251939,148.99355896,685203.1245476112,6292331.72679809,1033.0817458230288,far-field,D20171215,2017-12-15,0.5755054,0
D10124319530,-33.49250814,148.99351116,685198.7071486986,6292333.059680279,1034.913415203017,far-field,D20171215,2017-12-15,0.56681037,0
D10124319531,-33.49249713,148.99346442,685194.3877279569,6292334.364053775,1036.7222335586887,far-field,D20171215,2017-12-15,0.102928065,0
D10124319580,-33.49201265,148.9914046,685004.0293453416,6292391.764767633,1131.4550399563652,far-field,D20171215,2017-12-15,0.3932075,0
D10124319587,-33.49194534,148.99111838,684977.5781230925,6292399.739363508,1146.7277410088457,far-field,D20171215,2017-12-15,0.39722058,0
D10124319588,-33.49193614,148.99107921,684973.9581723656,6292400.829421302,1148.8525208684548,far-field,D20171215,2017-12-15,0.5329221,0
D10124419522,-33.49272774,148.99388398,685232.8800715815,6292308.041628225,1006.5485146197025,far-field,D20171215,2017-12-15,0.39209273,0
D10124419523,-33.49271462,148.99382833,685227.7372856259,6292309.595911232,1008.5531192325034,far-field,D20171215,2017-12-15,0.28857017,0
D10124419524,-33.49270165,148.99377329,685222.6508569648,6292311.132468304,1010.5592498650375,far-field,D20171215,2017-12-15,0.5720868,0
D10124419525,-33.49268965,148.99372236,685217.9442425276,6292312.554118233,1012.4367096838512,far-field,D20171215,2017-12-15,0.13525565,0
D10124419528,-33.4926554,148.99357692,685204.5035919874,6292316.611869041,1017.9078099964014,far-field,D20171215,2017-12-15,0.7291914,0
D10124419531,-33.49262215,148.9934357,685191.4529042507,6292320.551174117,1023.3757993262875,far-field,D20171215,2017-12-15,0.7734096,1
D10124419536,-33.49256997,148.99321398,685170.9628296745,6292326.733359551,1032.2629287689915,far-field,D20171215,2017-12-15,0.7358056,0
D10124419564,-33.49230247,148.99207626,685065.8204420161,6292358.427458007,1083.356423134127,far-field,D20171215,2017-12-15,0.8761147,1
D10124419583,-33.49210363,148.99123133,684987.7362194655,6292381.984408133,1126.7591931716101,far-field,D20171215,2017-12-15,0.6263377,0
D10124419584,-33.49209419,148.99119119,684984.026658629,6292383.102814103,1128.9255503449663,far-field,D20171215,2017-12-15,0.8509215,1
D10124419587,-33.49206671,148.99107427,684973.2213902485,6292386.358632441,1135.2857440679743,far-field,D20171215,2017-12-15,0.434676,0
D10124519523,-33.49284034,148.99380254,685225.0731683846,6292295.700182774,994.9660659385389,far-field,D20171215,2017-12-15,0.4160969,0
D10124519524,-33.49282756,148.99374834,685220.0643909012,6292297.214169326,996.9614886425423,far-field,D20171215,2017-12-15,0.11385255,0
D10124519528,-33.49278186,148.9935543,685202.1324725327,6292302.628415497,1004.2903957779112,far-field,D20171215,2017-12-15,0.2736326,0
D10124519529,-33.49277045,148.99350584,685197.6541039026,6292303.980219021,1006.1664649012837,far-field,D20171215,2017-12-15,0.3882283,0
D10124519530,-33.49275919,148.993458,685193.2330220928,6292305.314279622,1008.0359575390725,far-field,D20171215,2017-12-15,0.53314507,0
D10124519564,-33.49242606,148.99204154,685062.3313504544,6292344.783828018,1070.9308757187287,far-field,D20171215,2017-12-15,0.899673,1
D10124519567,-33.49239622,148.99191467,685050.606659384,6292348.319193692,1077.2321836430679,far-field,D20171215,2017-12-15,0.5074316,0
D10124519568,-33.49238635,148.99187269,685046.7270679716,6292349.488590891,1079.3393130563886,far-field,D20171215,2017-12-15,0.82216114,1
D10124519569,-33.49237651,148.99183086,685042.8613492043,6292350.654392147,1081.4504911246868,far-field,D20171215,2017-12-15,0.5971314,0
D10124519585,-33.49220898,148.99111901,684977.0757746956,6292370.501812881,1119.009761461031,far-field,D20171215,2017-12-15,0.4740636,0
D10124519586,-33.49219956,148.99107892,684973.3708206468,6292371.617907878,1121.2112877615355,far-field,D20171215,2017-12-15,0.19314803,0
D10124519606,-33.4920127,148.99028409,684899.9159259949,6292393.756303034,1166.662086520732,far-field,D20171215,2017-12-15,0.5255648,0
D10124519609,-33.49198439,148.99016366,684888.7862526949,6292397.11032212,1173.8322834086182,far-field,D20171215,2017-12-15,0.7909483,1
D10124519610,-33.49197472,148.99012255,684884.9870373653,6292398.255923365,1176.2968158898796,far-field,D20171215,2017-12-15,0.4780767,0
D10124519611,-33.49196491,148.99008087,684881.1351567662,6292399.418063924,1178.8045003988648,far-field,D20171215,2017-12-15,0.64945006,0
D10124519612,-33.49195517,148.99003945,684877.3072846532,6292400.571977027,1181.30394401468,far-field,D20171215,2017-12-15,0.9242717,1
D10124619519,-33.49301643,148.9939905,685242.1623318447,6292275.837101136,973.6846219332422,far-field,D20171215,2017-12-15,0.9655172,1
D10124619523,-33.49296601,148.99377656,685222.3915098663,6292281.810337553,981.4024829127609,far-field,D20171215,2017-12-15,0.6591112,0
D10124619526,-33.49293111,148.99362841,685208.7004894287,6292285.94501552,986.9632305589193,far-field,D20171215,2017-12-15,0.36199465,0
D10124619530,-33.49288559,148.99343512,685190.8378904248,6292291.33794165,994.4792658981352,far-field,D20171215,2017-12-15,0.56220275,0
D10124619566,-33.49252898,148.99191896,685050.7227082936,6292333.589084493,1062.9461816858347,far-field,D20171215,2017-12-15,0.32446492,0
D10124619568,-33.49250875,148.99183297,685042.7759611586,6292335.985836528,1067.2995860206004,far-field,D20171215,2017-12-15,0.6192033,0
D10124619569,-33.4924983,148.99178855,685038.6708946042,6292337.223900942,1069.5666940671392,far-field,D20171215,2017-12-15,0.7584721,1
D10124619585,-33.49233322,148.991087,684973.8372262395,6292356.781243775,1106.9639766632192,far-field,D20171215,2017-12-15,0.76055294,1
D10124619587,-33.49231437,148.99100681,684966.426419683,6292359.014557071,1111.419247887421,far-field,D20171215,2017-12-15,0.43482462,0
D10124619604,-33.49215291,148.99032013,684902.9664459599,6292378.143464483,1151.000750438337,far-field,D20171215,2017-12-15,0.8235731,1
D10124619609,-33.49210644,148.99012247,684884.6995147686,6292383.648945164,1162.844163258069,far-field,D20171215,2017-12-15,0.986846,1
D10124619610,-33.49209608,148.99007846,684880.6323155662,6292384.876229422,1165.5086311696243,far-field,D20171215,2017-12-15,0.77244353,1
D10124719520,-33.49312923,148.99390992,685234.4349196337,6292263.471949022,962.013654588085,far-field,D20171215,2017-12-15,0.9261296,1
D10124719524,-33.49307961,148.99369937,685214.9773972107,6292269.350403579,969.7776491530683,far-field,D20171215,2017-12-15,0.6041171,0
D10124719526,-33.49305558,148.99359738,685205.5521920151,6292272.197254328,973.6681625576098,far-field,D20171215,2017-12-15,0.36964923,0
D10124719527,-33.49304376,148.99354718,685200.9130395441,6292273.59763269,975.6130379441674,far-field,D20171215,2017-12-15,0.30640605,0
D10124719528,-33.49303188,148.99349676,685196.2535723628,6292275.005055113,977.5876191200233,far-field,D20171215,2017-12-15,0.12366231,0
D10124719529,-33.49302071,148.99344932,685191.8694782945,6292276.328421255,979.4630841801841,far-field,D20171215,2017-12-15,0.3745541,0
D10124719530,-33.49300959,148.99340211,685187.5066470866,6292277.645830122,981.3475670251973,far-field,D20171215,2017-12-15,0.41215813,0
D10124719531,-33.49299849,148.99335494,685183.1474887978,6292278.960947671,983.2467826100096,far-field,D20171215,2017-12-15,0.53715813,0
D10124719552,-33.49279006,148.9924688,685101.2555325318,6292303.655886859,1022.0337620705636,far-field,D20171215,2017-12-15,0.8557521,1
D10124719557,-33.49274236,148.99226593,685082.5073650075,6292309.307448436,1031.7043213545926,far-field,D20171215,2017-12-15,0.78567183,1
D10124719559,-33.49272274,148.99218252,685074.7990675347,6292311.631980359,1035.762438782931,far-field,D20171215,2017-12-15,0.9470125,1
D10124719565,-33.49266163,148.99192278,685050.7953189042,6292318.8720115945,1048.6962202961656,far-field,D20171215,2017-12-15,0.55566293,0
D10124719572,-33.4925865,148.99160359,685021.2975522077,6292327.772733811,1065.1870268136965,far-field,D20171215,2017-12-15,0.8718044,1
D10124719573,-33.49257555,148.99155707,685016.9984286566,6292329.0699809715,1067.643458103749,far-field,D20171215,2017-12-15,0.8389566,1
D10124719587,-33.49243772,148.9909711,684962.845994873,6292345.399276746,1099.6755310674027,far-field,D20171215,2017-12-15,0.7712545,1
D10124719588,-33.49242784,148.9909291,684958.9645592258,6292346.569782844,1102.0472816305723,far-field,D20171215,2017-12-15,0.7172265,0
D10124719591,-33.49239836,148.99080373,684947.3784436354,6292350.062425433,1109.18369418556,far-field,D20171215,2017-12-15,0.33732164,0
D10124719592,-33.4923886,148.99076224,684943.5441362874,6292351.218708765,1111.5647437913954,far-field,D20171215,2017-12-15,0.48015755,0
D10124719593,-33.49237887,148.99072089,684939.7227724796,6292352.371414164,1113.9473232344853,far-field,D20171215,2017-12-15,0.6057521,0
D10124719614,-33.4921755,148.98985613,684859.8054678671,6292376.465013573,1165.7800830254823,far-field,D20171215,2017-12-15,0.2372176,0
D10124819517,-33.49328873,148.99402761,685245.0302342668,6292245.5740476465,943.2893860111458,far-field,D20171215,2017-12-15,0.6605232,0
D10124819520,-33.49325315,148.99387659,685231.074057577,6292249.789292562,948.6938626991687,far-field,D20171215,2017-12-15,0.6143728,0
D10124819524,-33.49320455,148.99367032,685212.0120642541,6292255.546989121,956.3856361019841,far-field,D20171215,2017-12-15,0.80090666,1
D10124819525,-33.49319162,148.99361545,685206.941373113,6292257.0787999295,958.4911967586054,far-field,D20171215,2017-12-15,0.49108204,0
D10124819526,-33.49317898,148.99356185,685201.9880645875,6292258.576181697,960.5727862810072,far-field,D20171215,2017-12-15,0.43571642,0
D10124819527,-33.4931665,148.99350887,685197.0920210505,6292260.054711075,962.6516946331578,far-field,D20171215,2017-12-15,0.42583233,0
D10124819528,-33.49315459,148.99345832,685192.4205451019,6292261.465690807,964.6566154916776,far-field,D20171215,2017-12-15,0.17442033,0
D10124819529,-33.49314361,148.99341171,685188.1131715509,6292262.766504126,966.5232264960256,far-field,D20171215,2017-12-15,0.2537158,0
D10124819530,-33.4931325,148.99336449,685183.7493957722,6292264.0828204565,968.4304137352244,far-field,D20171215,2017-12-15,0.6501189,0
D10124819531,-33.49312139,148.9933173,685179.3884063583,6292265.399081224,970.3548045771797,far-field,D20171215,2017-12-15,0.5715666,0
D10124819558,-33.49285485,148.99218404,685074.6590831856,6292296.978890765,1021.5644157302755,far-field,D20171215,2017-12-15,0.39447087,0
D10124819567,-33.49276104,148.99178542,685037.8209027417,6292308.092853397,1041.7173118211067,far-field,D20171215,2017-12-15,0.13726218,0
D10124819572,-33.49270688,148.99155534,685016.5582191868,6292314.509187654,1053.814958911444,far-field,D20171215,2017-12-15,0.4690844,0
D10124819589,-33.4925395,148.9908437,684950.7920475415,6292334.33942988,1093.229129526987,far-field,D20171215,2017-12-15,0.49791914,0
D10124819613,-33.49230602,148.98985095,684859.0466627855,6292362.0001953645,1152.8057397891855,far-field,D20171215,2017-12-15,0.60054994,0
D10124819614,-33.49229618,148.98980913,684855.181850128,6292363.165902372,1155.4228904874476,far-field,D20171215,2017-12-15,0.47242865,0
D10124918965,-33.49866811,149.01635859,687308.3214266147,6291608.933927434,1798.5223454144866,far-field,D20171215,2017-12-15,0.42769024,0
D10124918966,-33.49865972,149.0163228,687305.0142761245,6291609.9289579615,1795.518852074806,far-field,D20171215,2017-12-15,0.089253865,0
D10124919525,-33.49331355,148.99357373,685202.8052370308,6292243.631791625,945.6414807313032,far-field,D20171215,2017-12-15,0.8317479,1
D10124919528,-33.49327763,148.99342126,685188.7150465143,6292247.8872669265,951.7017167091448,far-field,D20171215,2017-12-15,0.43571642,0
D10124919530,-33.49325539,148.99332683,685179.9884795386,6292250.522098819,955.5487321245755,far-field,D20171215,2017-12-15,0.428805,0
D10124919531,-33.49324411,148.99327892,685175.5609594577,6292251.858495213,957.5274222027945,far-field,D20171215,2017-12-15,0.8317479,1
D10124919557,-33.49298621,148.99218245,685074.2317282867,6292282.41451912,1007.5354794117671,far-field,D20171215,2017-12-15,0.8908294,1
D10124919560,-33.49295625,148.99205509,685062.4618453551,6292285.964084384,1013.9008969203246,far-field,D20171215,2017-12-15,0.5396849,0
D10124919563,-33.49292382,148.99191729,685049.7271785026,6292289.80616379,1020.9116287182638,far-field,D20171215,2017-12-15,0.5273484,0
D10124919566,-33.49289141,148.99177963,685037.0054679955,6292293.645758374,1028.0407125586175,far-field,D20171215,2017-12-15,0.47019917,0
D10124919567,-33.49288061,148.99173373,685032.7636498233,6292294.925273527,1030.4442069965646,far-field,D20171215,2017-12-15,0.42092746,0
D10124919572,-33.49282713,148.99150655,685011.7690002836,6292301.261018645,1042.5385625683607,far-field,D20171215,2017-12-15,0.8222354,1
D10124919581,-33.49273831,148.99112893,684976.8713496162,6292311.783935977,1063.330541426109,far-field,D20171215,2017-12-15,0.382283,0
D10124919582,-33.49272883,148.99108859,684973.143317481,6292312.907131325,1065.600533736824,far-field,D20171215,2017-12-15,0.60924494,0
D10124919589,-33.49266041,148.99079768,684946.2588848479,6292321.013104355,1082.2499772866208,far-field,D20171215,2017-12-15,0.83107907,1
D10124919613,-33.49242766,148.98980803,684854.8001057516,6292348.587356435,1142.2449807569687,far-field,D20171215,2017-12-15,0.75,0
D10124919614,-33.49241792,148.98976659,684850.9703934964,6292349.741295543,1144.861842990635,far-field,D20171215,2017-12-15,0.35017836,0
D10125018965,-33.4987873,149.01630532,687303.1153101663,6291595.8123978255,1790.5749083266082,far-field,D20171215,2017-12-15,0.514343,0
D10125019521,-33.49348588,148.99374588,685218.4333748334,6292224.213932427,924.533096229138,far-field,D20171215,2017-12-15,0.72666466,0
D10125019526,-33.49342266,148.99347763,685193.6437256939,6292231.703513152,934.9972953400617,far-field,D20171215,2017-12-15,0.6227705,0
D10125019527,-33.4934116,148.99343067,685189.3040161903,6292233.013823914,936.889957977929,far-field,D20171215,2017-12-15,0.9526605,1
D10125019528,-33.49340048,148.99338342,685184.9374881834,6292234.331303928,938.8116400633977,far-field,D20171215,2017-12-15,0.2608502,0
D10125019548,-33.49319395,148.99250568,685103.8223625785,6292258.800591531,977.6922787604875,far-field,D20171215,2017-12-15,0.8333829,1
D10125019567,-33.49300099,148.9916855,685028.0261713872,6292281.661696738,1019.0580708389634,far-field,D20171215,2017-12-15,0.35567775,0
D10125019581,-33.492859,148.991082,684972.2540734652,6292298.483640233,1052.2650805959825,far-field,D20171215,2017-12-15,0.76895064,1
D10125019589,-33.49278035,148.9907476,684941.3505609469,6292307.80158126,1071.5830937180358,far-field,D20171215,2017-12-15,0.72057074,0
D10125019590,-33.4927704,148.99070528,684937.4395547649,6292308.980412288,1074.0718943330983,far-field,D20171215,2017-12-15,0.73729193,0
D10125019591,-33.49276049,148.99066317,684933.5479748291,6292310.154431624,1076.5589800331477,far-field,D20171215,2017-12-15,0.51203924,0
D10125019598,-33.49269304,148.99037633,684907.0396260141,6292318.145472523,1093.7461874484434,far-field,D20171215,2017-12-15,0.8886742,1
D10125118963,-33.4989267,149.01633805,687305.855848218,6291580.294401345,1789.978933713716,far-field,D20171215,2017-12-15,0.40078774,0
D10125118964,-33.49891792,149.01630061,687302.3962478031,6291581.335659695,1786.8101694701475,far-field,D20171215,2017-12-15,0.9074019,1
D10125119521,-33.49360796,148.99370479,685214.3554492231,6292210.74916955,911.612998662737,far-field,D20171215,2017-12-15,0.85099584,1
D10125119524,-33.49357071,148.99354671,685199.7468952544,6292215.162167579,917.7919275752847,far-field,D20171215,2017-12-15,0.3480975,0
D10125119527,-33.49353539,148.99339677,685185.8905417899,6292219.346588041,923.8461415404214,far-field,D20171215,2017-12-15,0.7647146,1
D10125119566,-33.49313315,148.99168725,685027.9075187497,6292267.002654099,1005.0556628529293,far-field,D20171215,2017-12-15,0.34185493,0
D10125119572,-33.49306989,148.99141849,685003.0703386617,6292274.497078545,1019.6675680139492,far-field,D20171215,2017-12-15,0.8747771,1
D10125119591,-33.49288063,148.99061392,684928.7163671376,6292296.919244656,1065.9781017741318,far-field,D20171215,2017-12-15,0.45251188,0
D10125119596,-33.49283105,148.99040312,684909.235314603,6292302.793080881,1078.7066896722288,far-field,D20171215,2017-12-15,0.39432225,0
D10125119598,-33.49281282,148.99032558,684902.0694453001,6292304.952868916,1083.446493330863,far-field,D20171215,2017-12-15,0.6217301,0
D10125119602,-33.49277658,148.99017135,684887.8162080317,6292309.246517168,1092.963343756132,far-field,D20171215,2017-12-15,0.17835909,0
D10125119604,-33.49275805,148.99009252,684880.5311073561,6292311.441855747,1097.8743833532012,far-field,D20171215,2017-12-15,0.5822681,0
D10125119605,-33.49274864,148.99005251,684876.8335796726,6292312.556662783,1100.379229232406,far-field,D20171215,2017-12-15,0.43140605,0
D10125119610,-33.49270125,148.98985094,684858.2054213325,6292318.171088265,1113.114921106876,far-field,D20171215,2017-12-15,0.4033145,0
D10125219524,-33.49369426,148.99351179,685196.2391487373,6292201.523369994,904.7440781154809,far-field,D20171215,2017-12-15,0.6755351,0
D10125219527,-33.49366092,148.99337021,685183.1553603489,6292205.473294242,910.5277039901882,far-field,D20171215,2017-12-15,0.42947385,0
D10125219528,-33.49364982,148.99332306,685178.7980932815,6292206.788375672,912.4907642698403,far-field,D20171215,2017-12-15,0.5822681,0
D10125219539,-33.49353371,148.99282969,685133.2042061876,6292220.544772694,934.1109077465675,far-field,D20171215,2017-12-15,0.27608502,0
D10125219552,-33.49340078,148.9922647,685080.9914680892,6292236.293951655,961.1693196703009,far-field,D20171215,2017-12-15,0.98885256,1
D10125219569,-33.49322188,148.99150453,685010.7413099689,6292257.488704395,1001.1199178486507,far-field,D20171215,2017-12-15,0.5903686,0
D10125219576,-33.49315081,148.99120246,684982.8257695616,6292265.908557875,1018.0266449082734,far-field,D20171215,2017-12-15,0.4351962,0
D10125219578,-33.49313112,148.99111874,684975.0888339698,6292268.241326025,1022.8092985972854,far-field,D20171215,2017-12-15,0.3823573,0
D10125219590,-33.49301324,148.99061755,684928.7715900212,6292282.206954455,1052.2846853018068,far-field,D20171215,2017-12-15,0.38807967,0
D10125219591,-33.49300288,148.99057353,684924.7035099003,6292283.434277408,1054.9408304624537,far-field,D20171215,2017-12-15,0.21953031,0
D10125219592,-33.49299247,148.99052931,684920.6169521927,6292284.667499768,1057.6198130573655,far-field,D20171215,2017-12-15,0.75029725,0
D10125219595,-33.49296165,148.99039832,684908.511569436,6292288.318713311,1065.614690828437,far-field,D20171215,2017-12-15,0.38689062,0
D10125219599,-33.49292369,148.99023687,684893.5911708924,6292292.815976664,1075.5886982275779,far-field,D20171215,2017-12-15,0.4968787,0
D10125219602,-33.49289652,148.99012125,684882.906112334,6292296.035003515,1082.8113275667267,far-field,D20171215,2017-12-15,0.5187277,0
D10125219604,-33.49287815,148.99004308,684875.6820047194,6292298.211419718,1087.732248539207,far-field,D20171215,2017-12-15,0.51010704,0
D10125219605,-33.49286891,148.9900038,684872.0519483137,6292299.306072382,1090.217228696417,far-field,D20171215,2017-12-15,0.33813912,0
D10125318965,-33.49915444,149.01618582,687291.2215768283,6291555.313752269,1770.6260412735649,far-field,D20171215,2017-12-15,0.13451248,0
D10125319519,-33.49387494,148.99371949,685215.1525311919,6292181.116088172,882.0903668482277,far-field,D20171215,2017-12-15,0.44396552,0
D10125319520,-33.49386331,148.99367011,685210.5892094835,6292182.4939395925,884.0103337723236,far-field,D20171215,2017-12-15,0.6035226,0
D10125319523,-33.49382824,148.99352121,685196.8290059459,6292186.648798112,889.9293898990345,far-field,D20171215,2017-12-15,0.85664386,1
D10125319527,-33.4937856,148.99334005,685180.0875046306,6292191.700685283,897.3855940168826,far-field,D20171215,2017-12-15,0.8023187,1
D10125319528,-33.49377528,148.99329621,685176.0361282085,6292192.923360411,899.2319174357535,far-field,D20171215,2017-12-15,0.5338139,0
D10125319536,-33.49369072,148.99293687,685142.8284214177,6292202.941869127,914.9598069535682,far-field,D20171215,2017-12-15,0.533368,0
D10125319553,-33.493513,148.99218169,685073.0397505078,6292223.997333454,951.2940228888671,far-field,D20171215,2017-12-15,0.50252676,0
D10125319567,-33.4933644,148.99155032,685014.6925930924,6292241.602266064,984.7902253612538,far-field,D20171215,2017-12-15,0.24739893,0
D10125319569,-33.49334421,148.99146449,685006.7606977145,6292243.99427058,989.5448975217961,far-field,D20171215,2017-12-15,0.8997473,1
D10125319570,-33.49333409,148.99142149,685002.7869041413,6292245.1931942515,991.9449103594903,far-field,D20171215,2017-12-15,0.3718787,0
D10125319573,-33.49330333,148.99129073,684990.702839385,6292248.837450888,999.3122093417555,far-field,D20171215,2017-12-15,0.5763971,0
D10125319574,-33.49329331,148.99124814,684986.7669244324,6292250.024547329,1001.7345719012394,far-field,D20171215,2017-12-15,0.5564804,0
D10125319576,-33.49327368,148.99116467,684979.0531036505,6292252.35021992,1006.5130307449664,far-field,D20171215,2017-12-15,0.27021402,0
D10125319577,-33.49326382,148.99112276,684975.1800276687,6292253.518356077,1008.9284019132899,far-field,D20171215,2017-12-15,0.34230083,0
D10125319578,-33.49325393,148.9910807,684971.2930774566,6292254.690084877,1011.3623388327976,far-field,D20171215,2017-12-15,0.3945452,0
D10125319590,-33.49313759,148.990586,684925.5756373267,6292268.473353475,1040.7528785429029,far-field,D20171215,2017-12-15,0.72881985,0
D10125319591,-33.49312747,148.990543,684921.6018254566,6292269.672242779,1043.3724291438357,far-field,D20171215,2017-12-15,0.6255202,0
D10125319592,-33.49311713,148.99049907,684917.5420698228,6292270.897184635,1046.0589820939133,far-field,D20171215,2017-12-15,0.24152794,0
D10125319595,-33.49308657,148.99036919,684905.539286377,6292274.517584421,1054.060503503983,far-field,D20171215,2017-12-15,0.5002229,0
D10125319599,-33.49304699,148.99020092,684889.9886740975,6292279.2066459805,1064.5559276945364,far-field,D20171215,2017-12-15,0.38859987,0
D10125319600,-33.49303724,148.99015945,684886.156227191,6292280.361762963,1067.1641807828128,far-field,D20171215,2017-12-15,0.30395362,0
D10125319601,-33.49302776,148.99011913,684882.4300574515,6292281.4848877415,1069.708404453341,far-field,D20171215,2017-12-15,0.3804994,0
D10125319602,-33.49301844,148.99007947,684878.7648705401,6292282.589091918,1072.2183885010613,far-field,D20171215,2017-12-15,0.6608204,0
D10125319604,-33.4929998,148.99000021,684871.4400693323,6292284.797389086,1077.2591980366415,far-field,D20171215,2017-12-15,0.66996133,0
D10125319605,-33.49299049,148.98996059,684867.7785754738,6292285.90040876,1079.7897001345264,far-field,D20171215,2017-12-15,0.4233056,0
D10125418964,-33.49928676,149.01618829,687291.1659524122,6291540.6355286855,1767.769499659697,far-field,D20171215,2017-12-15,0.30120394,0
D10125419519,-33.49399554,148.99367215,685210.4970641725,6292167.82660476,869.4686837932528,far-field,D20171215,2017-12-15,0.351739,0
D10125419520,-33.49398373,148.99362203,685205.8653754932,6292169.225736195,871.4498550022761,far-field,D20171215,2017-12-15,0.91981274,1
D10125419536,-33.49381434,148.99290228,685139.3512722307,6292189.294702871,902.2627600678668,far-field,D20171215,2017-12-15,0.5496433,0
D10125419546,-33.49370993,148.99245859,685098.3484954864,6292201.664822187,923.3506650365435,far-field,D20171215,2017-12-15,0.3718787,0
D10125419547,-33.49369952,148.99241435,685094.2601325038,6292202.89815641,925.5355630046606,far-field,D20171215,2017-12-15,0.85233355,1
D10125419549,-33.49367833,148.99232432,685085.9401742769,6292205.408615467,930.027170540888,far-field,D20171215,2017-12-15,0.1423157,0
D10125419569,-33.4934668,148.99142556,685002.8826769384,6292230.469023607,977.9728861822564,far-field,D20171215,2017-12-15,0.92456895,1
D10125419576,-33.49339824,148.99113405,684975.9430484723,6292238.591686498,994.6482049126781,far-field,D20171215,2017-12-15,0.14900416,0
D10125419588,-33.49328374,148.99064708,684930.9400081761,6292252.157157762,1023.6211897141591,far-field,D20171215,2017-12-15,0.4315547,0
D10125419589,-33.49327369,148.99060434,684926.9902126379,6292253.3478236105,1026.2278482384786,far-field,D20171215,2017-12-15,0.50750595,0
D10125419599,-33.49316944,148.99016137,684886.0535003773,6292265.697989281,1053.8243681172783,far-field,D20171215,2017-12-15,0.63532996,0
D10125419600,-33.49315988,148.99012073,684882.2977738214,6292266.830556046,1056.406325159928,far-field,D20171215,2017-12-15,0.6842301,0
D10125419601,-33.49315054,148.99008099,684878.625201946,6292267.937120874,1058.938238580468,far-field,D20171215,2017-12-15,0.71878713,0
D10125518964,-33.49941125,149.01615737,687288.0249777067,6291526.885896498,1762.1615174966967,far-field,D20171215,2017-12-15,0.59274673,0
D10125519517,-33.49413671,148.99371228,685213.9249587522,6292152.099878008,853.4370871916007,far-field,D20171215,2017-12-15,0.83999705,1
D10125519547,-33.49382143,148.99237256,685090.1177119875,6292189.453449425,913.5342001814596,far-field,D20171215,2017-12-15,0.9455262,1
D10125519553,-33.49375652,148.99209681,685064.6348167475,6292197.143489429,927.6610921765399,far-field,D20171215,2017-12-15,0.4968787,0
D10125519554,-33.49374558,148.99205031,685060.3375944209,6292198.439614321,930.0966191632393,far-field,D20171215,2017-12-15,0.3289239,0
D10125519555,-33.49373463,148.9920038,685056.0394631883,6292199.736864034,932.5487246079239,far-field,D20171215,2017-12-15,0.78544885,1
D10125519586,-33.49343077,148.99071185,684936.6453413981,6292235.73679369,1006.2648229422023,far-field,D20171215,2017-12-15,0.83278835,1
D10125519587,-33.49342101,148.99067036,684932.8110795738,6292236.893074876,1008.7985374870644,far-field,D20171215,2017-12-15,0.9230083,1
D10125519588,-33.49341123,148.99062876,684928.9666388569,6292238.051768435,1011.3479210058381,far-field,D20171215,2017-12-15,0.66550237,0
D10125519589,-33.49340141,148.990587,684925.1074160622,6292239.2151813675,1013.9168960586054,far-field,D20171215,2017-12-15,0.4351962,0
D10125519593,-33.49336166,148.99041804,684909.4931200903,6292243.9243593495,1024.4089027149741,far-field,D20171215,2017-12-15,0.43058857,0
D10125519594,-33.49335063,148.99037116,684905.1607438289,6292245.231070923,1027.3470166491586,far-field,D20171215,2017-12-15,0.28589478,0
D10125519596,-33.49332881,148.99027851,684896.5986129122,6292247.815895383,1033.1895130507482,far-field,D20171215,2017-12-15,0.6341409,0
D10125618965,-33.49952659,149.01608747,687281.2821509303,6291514.221326742,1753.2888679084297,far-field,D20171215,2017-12-15,0.550981,0
D10125619514,-33.49428706,148.99379145,685220.9606313426,6292135.285444075,835.894428201765,far-field,D20171215,2017-12-15,0.9976219,1
D10125619518,-33.49424368,148.99360715,685203.9290587403,6292140.425044898,843.1682650935887,far-field,D20171215,2017-12-15,0.22116528,0
D10125619523,-33.49418986,148.99337851,685182.7999125187,6292146.8014935255,852.6221753669847,far-field,D20171215,2017-12-15,0.46588883,0
D10125619531,-33.49410772,148.99302937,685150.534941101,6292156.533466783,867.9382319091236,far-field,D20171215,2017-12-15,0.5844233,0
D10125619552,-33.4938886,148.99209822,685064.4846784362,6292182.4939211,913.6271423737045,far-field,D20171215,2017-12-15,0.7284483,0
D10125619554,-33.49386719,148.99200724,685056.0769320403,6292185.030446168,918.441166728416,far-field,D20171215,2017-12-15,0.96239597,1
D10125619586,-33.49355636,148.99068554,684933.9336208698,6292221.856345769,994.4925196138677,far-field,D20171215,2017-12-15,0.82691735,1
D10125619587,-33.49354696,148.99064556,684930.238899383,6292222.970012768,996.9567312158584,far-field,D20171215,2017-12-15,0.8824316,1
D10125619593,-33.49348988,148.99040277,684907.8016194912,6292229.732578457,1012.1080628136294,far-field,D20171215,2017-12-15,0.47800237,0
D10125619594,-33.49347928,148.99035773,684903.6392976262,6292230.98832591,1014.9545220677606,far-field,D20171215,2017-12-15,0.6182372,0
D10125718958,-33.49971556,149.01633112,687303.5121084463,6291492.825453643,1771.6481017072224,far-field,D20171215,2017-12-15,0.8841409,1
D10125719512,-33.4944284,148.99383227,685224.4522412878,6292119.538627735,819.8469177607984,far-field,D20171215,2017-12-15,1.0,1
D10125719518,-33.49436341,148.99355615,685198.9354121815,6292127.23856814,830.8201056128884,far-field,D20171215,2017-12-15,0.39298454,0
D10125719523,-33.4943106,148.99333177,685178.1999536238,6292133.495400427,840.2541283680057,far-field,D20171215,2017-12-15,0.38674197,0
D10125719525,-33.49428991,148.99324383,685170.0731984917,6292135.946758408,844.0735635083289,far-field,D20171215,2017-12-15,0.65725327,0
D10125719551,-33.49402067,148.99209961,685064.3327017489,6292167.845497107,899.6144655725203,far-field,D20171215,2017-12-15,0.24583828,0
D10125719554,-33.49398934,148.99196646,685052.0279035616,6292171.557309047,906.7305859229074,far-field,D20171215,2017-12-15,0.9807521,1
D10125719585,-33.49369,148.99069353,684934.3917409494,6292207.022061063,980.6567588908545,far-field,D20171215,2017-12-15,0.29823127,0
D10125719589,-33.49365236,148.9905334,684919.5934468958,6292211.481532177,990.6433845226709,far-field,D20171215,2017-12-15,0.29875147,0
D10125719593,-33.49361389,148.9903698,684904.4744930834,6292216.039206282,1000.9914048626496,far-field,D20171215,2017-12-15,0.65636146,0
D10125819519,-33.49447378,148.99346535,685190.2637616576,6292115.161101959,820.1969647333111,far-field,D20171215,2017-12-15,0.52251786,0
D10125819523,-33.49443234,148.99328922,685173.987183556,6292120.070932817,827.7559498817294,far-field,D20171215,2017-12-15,0.87314206,1
D10125819549,-33.49416444,148.99215062,685068.7661980047,6292151.8111002,882.9812045111,far-field,D20171215,2017-12-15,0.47287455,0
D10125819584,-33.49382219,148.9906954,684934.2843079786,6292192.359481262,967.2335800903751,far-field,D20171215,2017-12-15,0.598915,0
D10125919517,-33.49461699,148.99351405,685194.4835841976,6292099.192859954,803.7644927097089,far-field,D20171215,2017-12-15,0.32639715,0
D10125919519,-33.49459554,148.99342291,685186.0611582319,6292101.734224664,807.6261689966093,far-field,D20171215,2017-12-15,0.60753566,0
D10125919523,-33.49455427,148.99324751,685169.8520663042,6292106.623894514,815.2725266830115,far-field,D20171215,2017-12-15,0.2929548,0
D10125919524,-33.49454392,148.99320352,685165.7868523437,6292107.850161529,817.2339619115048,far-field,D20171215,2017-12-15,0.50029725,0
D10125919554,-33.49423584,148.99189412,685044.7818575203,6292144.350618769,883.0027628628209,far-field,D20171215,2017-12-15,0.8749257,1
D10125919582,-33.49396186,148.99072915,684937.1230582893,6292176.810586963,951.8482035267332,far-field,D20171215,2017-12-15,0.57000595,0
D10125919583,-33.49395275,148.99069041,684933.5429511708,6292177.889886457,954.2797979465821,far-field,D20171215,2017-12-15,0.38674197,0
D10125919584,-33.49394355,148.99065128,684929.9267983255,6292178.979860205,956.7442607592968,far-field,D20171215,2017-12-15,0.49204814,0
D10125919589,-33.49389754,148.99045551,684911.8348945765,6292184.431030853,969.1992230753045,far-field,D20171215,2017-12-15,0.4406956,0
D10125919590,-33.49388836,148.99041647,684908.2270570082,6292185.518617958,971.7082869361934,far-field,D20171215,2017-12-15,0.16542806,0
D10126018782,-33.50181052,149.02356657,687971.2155601707,6291247.4162265435,2416.9570611210384,far-field,D20171215,2017-12-15,0.99078476,1
D10126019517,-33.49474007,148.99347717,685190.7947652135,6292085.609679278,790.943066957016,far-field,D20171215,2017-12-15,0.23944709,0
D10126019553,-33.49436906,148.99190035,685045.077160247,6292129.566034207,868.8720165461793,far-field,D20171215,2017-12-15,0.9476813,1
D10126019555,-33.49434836,148.99181238,685036.947615669,6292132.018441165,873.7960413040537,far-field,D20171215,2017-12-15,0.94173604,1
D10126019583,-33.49407444,148.99064769,684929.3148248155,6292164.471174634,943.7659399484596,far-field,D20171215,2017-12-15,0.39900416,0
D10126019588,-33.49402809,148.9904505,684911.0917341427,6292169.9625802515,956.4112348805075,far-field,D20171215,2017-12-15,0.31123662,0
D10126019593,-33.49398356,148.99026096,684893.5755453615,6292175.238490164,968.7606575564848,far-field,D20171215,2017-12-15,0.6623811,0
D10126119521,-33.49482149,148.99326322,685170.7425805953,6292076.962400781,785.966223735592,far-field,D20171215,2017-12-15,0.21343638,0
D10126119550,-33.49452191,148.99199004,685053.0852265527,6292112.455735529,850.1104779571499,far-field,D20171215,2017-12-15,0.9895957,1
D10126119583,-33.49419672,148.99060742,684925.3130923148,6292150.98266676,933.1867657307452,far-field,D20171215,2017-12-15,0.24888526,0
D10126119585,-33.49417769,148.9905265,684917.8349946633,6292153.237211911,938.4088191158788,far-field,D20171215,2017-12-15,0.17263675,0
D10126119586,-33.49416823,148.99048625,684914.1153395441,6292154.358008788,941.0190863837972,far-field,D20171215,2017-12-15,0.22725922,0
D10126119587,-33.4941588,148.99044613,684910.407698617,6292155.475245671,943.6297074856163,far-field,D20171215,2017-12-15,0.5130054,0
D10126119588,-33.49414961,148.99040706,684906.7971058663,6292156.563995166,946.1809840640756,far-field,D20171215,2017-12-15,0.41661713,0
D10126219512,-33.49503594,148.99361474,685202.9465360855,6292052.553531058,756.3769180410935,far-field,D20171215,2017-12-15,0.97406363,1
D10126219516,-33.49499526,148.99344182,685186.9667027062,6292057.3733792845,763.7545379194091,far-field,D20171215,2017-12-15,0.4685642,0
D10126219517,-33.49498431,148.99339532,685182.6695784287,6292058.670671328,765.789560786378,far-field,D20171215,2017-12-15,0.5570749,0
D10126219519,-33.494963,148.9933048,685174.3044940494,6292061.19539549,769.810055436671,far-field,D20171215,2017-12-15,0.33189654,0
D10126219550,-33.49464354,148.99194703,685048.830134742,6292099.044239735,838.7510424841968,far-field,D20171215,2017-12-15,0.97800237,1
D10126219554,-33.49460213,148.99177104,685032.5664716528,6292103.9502535965,848.7593867593923,far-field,D20171215,2017-12-15,0.9800832,1
D10126219558,-33.49456073,148.99159511,685016.3083470757,6292108.855023342,858.9839769760076,far-field,D20171215,2017-12-15,0.8130202,1
D10126219585,-33.49429895,148.99048193,684913.4359230434,6292139.8694758965,928.2638324585495,far-field,D20171215,2017-12-15,0.23498811,0
D10126219586,-33.49428929,148.99044085,684909.639579921,6292141.013929412,930.9590475570697,far-field,D20171215,2017-12-15,0.18497324,0
D10126219588,-33.49427144,148.99036491,684902.62168731,6292143.1287322175,935.964456404164,far-field,D20171215,2017-12-15,0.4480529,0
D10126219589,-33.49426266,148.99032755,684899.1691088675,6292144.168964881,938.4380058905265,far-field,D20171215,2017-12-15,0.27177468,0
D10126319512,-33.49515732,148.99357071,685198.5970130237,6292039.171636632,743.8543250808302,far-field,D20171215,2017-12-15,0.97755647,1
D10126319520,-33.49507088,148.99320349,685164.6617182428,6292049.412794507,760.1513039668032,far-field,D20171215,2017-12-15,0.6950803,0
D10126319521,-33.49506051,148.99315941,685160.5882088994,6292050.641438971,762.1942881098187,far-field,D20171215,2017-12-15,0.6094679,0
D10126319550,-33.49476531,148.99190465,685044.6332905875,6292085.616093488,827.4398509800934,far-field,D20171215,2017-12-15,0.97651607,1
D10126319579,-33.49447992,148.99069126,684932.5005686075,6292119.427703,901.576851832499,far-field,D20171215,2017-12-15,0.7175981,0
D10126319587,-33.49440401,148.99036836,684902.6602903497,6292128.421197218,922.8040096654216,far-field,D20171215,2017-12-15,0.5067628,0
D10126319588,-33.49439503,148.99033017,684899.131024494,6292129.485088181,925.3519905249289,far-field,D20171215,2017-12-15,0.47554994,0
D10126319589,-33.49438606,148.99029199,684895.6026658014,6292130.547851044,927.9062000460641,far-field,D20171215,2017-12-15,0.45600477,0
D10126319591,-33.49436812,148.99021566,684888.5487336991,6292132.67331934,933.0359645747279,far-field,D20171215,2017-12-15,0.6627527,0
D10126418752,-33.50257317,149.02457102,688062.885006685,6291161.020742444,2508.8238045609305,far-field,D20171215,2017-12-15,0.73119795,0
D10126419515,-33.49524369,148.99337804,685180.511549935,6292029.937468397,737.9423936902662,far-field,D20171215,2017-12-15,0.882283,1
D10126419579,-33.49460292,148.990654,684928.7769823422,6292105.853987198,890.9656801136914,far-field,D20171215,2017-12-15,0.55633175,0
D10126419580,-33.4945936,148.99061437,684925.1146553573,6292106.958158944,893.5693207590216,far-field,D20171215,2017-12-15,0.5128567,0
D10126419591,-33.49449273,148.99018519,684885.4526644755,6292118.908949709,922.3053402961169,far-field,D20171215,2017-12-15,0.75899225,1
D10126419593,-33.49447474,148.99010867,684878.3811921144,6292121.040294181,927.5301205685588,far-field,D20171215,2017-12-15,0.25750595,0
D10126419594,-33.49446577,148.99007048,684874.8519056446,6292122.103067319,930.1478660120221,far-field,D20171215,2017-12-15,0.3563466,0
D10126518735,-33.50284672,149.02517545,688118.4477548595,6291129.589165458,2565.172003669754,far-field,D20171215,2017-12-15,0.7170779,0
D10126518752,-33.50269769,149.02454023,688059.7550074619,6291147.267748366,2506.0023413006047,far-field,D20171215,2017-12-15,0.7916171,1
D10126519515,-33.49536024,148.99331368,685174.2834435258,6292017.12747096,726.5875888770602,far-field,D20171215,2017-12-15,0.7085315,0
D10126519579,-33.49472568,148.99061581,684924.9675063805,6292092.308542437,880.5154145562051,far-field,D20171215,2017-12-15,0.38532996,0
D10126519580,-33.49471637,148.99057618,684921.3051630479,6292093.41160401,883.1477431664113,far-field,D20171215,2017-12-15,0.54027945,0
D10126519582,-33.49469774,148.99049694,684913.9823536349,6292095.618796185,888.4384963009595,far-field,D20171215,2017-12-15,0.7089031,0
D10126519593,-33.49459858,148.99007498,684874.9875967783,6292107.367048215,917.1679734347042,far-field,D20171215,2017-12-15,0.2728894,0
D10126519594,-33.49458928,148.9900354,684871.3298674773,6292108.468892256,919.9091513498885,far-field,D20171215,2017-12-15,0.40911117,0
D10126618746,-33.5028768,149.024742,688078.1129116113,6291127.039321721,2524.9401710851857,far-field,D20171215,2017-12-15,0.90680736,1
D10126618749,-33.50285036,149.02462931,688067.7006462328,6291130.175719143,2514.4317486694486,far-field,D20171215,2017-12-15,0.7147741,0
D10126619515,-33.49547766,148.99325293,685168.388913037,6292004.214548809,715.1649231934746,far-field,D20171215,2017-12-15,0.30766943,0
D10126619516,-33.49546711,148.99320811,685164.2470518514,6292005.464477483,717.2730460277926,far-field,D20171215,2017-12-15,0.49650714,0
D10126619548,-33.49514455,148.99183689,685037.5303264516,6292043.680984475,790.5214289200453,far-field,D20171215,2017-12-15,0.9303656,1
D10126619576,-33.49487633,148.99069621,684932.1172615117,6292075.458877226,862.2493821338808,far-field,D20171215,2017-12-15,0.9386147,1
D10126619579,-33.49484844,148.99057756,684921.1524648538,6292078.763203308,870.1698281589903,far-field,D20171215,2017-12-15,0.31093937,0
D10126619580,-33.49483913,148.99053793,684917.4901264433,6292079.8662636615,872.8322440630884,far-field,D20171215,2017-12-15,0.3585018,0
D10126619582,-33.4948205,148.99045868,684910.1663977425,6292082.073471211,878.1833566346427,far-field,D20171215,2017-12-15,0.20109989,0
D10126619584,-33.49480231,148.99038132,684903.0173357876,6292084.228511229,883.4398818461972,far-field,D20171215,2017-12-15,0.35441437,0
D10126619593,-33.4947208,148.99003445,684870.961928868,6292093.885638012,907.3855103377974,far-field,D20171215,2017-12-15,0.35865042,0
D10126619594,-33.49471134,148.98999421,684867.2432220168,6292095.006399853,910.2027362992193,far-field,D20171215,2017-12-15,0.77898335,1
D10126718746,-33.50300198,149.02471397,688075.2378868649,6291113.208136119,2522.5609240402796,far-field,D20171215,2017-12-15,0.92761594,1
D10126718752,-33.50294919,149.02448897,688054.4484882912,6291119.470245048,2501.5519656834417,far-field,D20171215,2017-12-15,0.88354635,1
D10126719514,-33.49560599,148.99323859,685166.7832158963,6291990.008935561,701.6357834106363,far-field,D20171215,2017-12-15,0.2705113,0
D10126719515,-33.49559593,148.99319582,685162.8307872063,6291991.200866874,703.6698548774547,far-field,D20171215,2017-12-15,0.591632,0
D10126719516,-33.49558611,148.99315407,685158.9726169483,6291992.364361484,705.6730450494605,far-field,D20171215,2017-12-15,0.42873067,0
D10126719521,-33.49553663,148.99294367,685139.5292569805,6291998.226895031,716.0271815052101,far-field,D20171215,2017-12-15,0.8921671,1
D10126719547,-33.49527617,148.99183638,685037.2027994229,6292029.08585018,777.0244820126995,far-field,D20171215,2017-12-15,0.96083534,1
D10126719551,-33.49523673,148.9916687,685021.7071633516,6292033.75856833,787.114764984492,far-field,D20171215,2017-12-15,0.99881095,1
D10126719575,-33.49500689,148.99069124,684931.3777607086,6292060.989244748,849.6869156482408,far-field,D20171215,2017-12-15,0.8156956,1
D10126719576,-33.49499767,148.990652,684927.751474685,6292062.0816337215,852.3203178701422,far-field,D20171215,2017-12-15,0.9342301,1
D10126719578,-33.49497925,148.99057361,684920.5072200169,6292064.264029166,857.6070575890697,far-field,D20171215,2017-12-15,0.4580113,0
D10126819549,-33.49537863,148.99171188,685025.41712481,6292017.945524831,771.0785718664573,far-field,D20171215,2017-12-15,0.9754756,1
D10126819550,-33.49536883,148.99167019,685021.5644626891,6292019.106638347,773.6286102963495,far-field,D20171215,2017-12-15,0.99665576,1
D10126819575,-33.49512822,148.99064697,684927.0064263259,6292047.613216849,839.8473246288178,far-field,D20171215,2017-12-15,0.9014566,1
D10126819576,-33.495119,148.99060776,684923.38293244,6292048.7055509295,842.5115922689621,far-field,D20171215,2017-12-15,0.9190696,1
D10126819579,-33.49509137,148.9904902,684912.5188864053,6292051.979093187,850.5492415985058,far-field,D20171215,2017-12-15,0.61377823,0
D10126819591,-33.49498285,148.99002841,684869.8434957068,6292064.836291061,882.8242108105895,far-field,D20171215,2017-12-15,0.84126043,1
D10126919511,-33.49587515,148.99326287,685168.4658222587,6291960.117006411,672.1136329436998,far-field,D20171215,2017-12-15,0.9220422,1
D10126919518,-33.49580605,148.99296909,685141.3173169419,6291968.304107843,686.64205217155,far-field,D20171215,2017-12-15,0.6605232,0
D10126919549,-33.49550186,148.99167564,685021.7877140156,6292004.344514217,759.9407281346463,far-field,D20171215,2017-12-15,0.76620096,1
D10126919576,-33.49524074,148.9905652,684919.1696218816,6292035.281005388,832.7079337129513,far-field,D20171215,2017-12-15,0.6701843,0
D10127019507,-33.4960331,148.99337447,685178.4983441671,6291942.401917075,652.6207328882058,far-field,D20171215,2017-12-15,0.99145365,1
D10127019510,-33.49600475,148.99325386,685167.3526417385,6291945.761043767,658.3906813170044,far-field,D20171215,2017-12-15,0.9997771,1
D10127019511,-33.4959953,148.99321366,685163.6377157364,6291946.8807437755,660.3483155912581,far-field,D20171215,2017-12-15,0.9919738,1
D10127019512,-33.49598554,148.99317218,685159.8045221041,6291948.037104026,662.3870161734961,far-field,D20171215,2017-12-15,0.9253864,1
D10127019513,-33.49597543,148.99312919,685155.8317762408,6291949.234970612,664.5182209572016,far-field,D20171215,2017-12-15,0.38072234,0
D10127019514,-33.4959653,148.99308612,685151.851639132,6291950.43519618,666.6725835268403,far-field,D20171215,2017-12-15,0.7552021,0
D10127019518,-33.49592523,148.99291578,685136.1103724134,6291955.182717195,675.3770647519459,far-field,D20171215,2017-12-15,0.5077289,0
D10127019545,-33.49566535,148.99181052,685033.9717509996,6291985.973718156,738.2746632843342,far-field,D20171215,2017-12-15,0.9238258,1
D10127019563,-33.49548992,148.99106456,684965.0362792129,6292006.758074047,786.0846713995046,far-field,D20171215,2017-12-15,0.994352,1
D10127019576,-33.49536244,148.99052251,684914.9443280831,6292021.861125747,823.0380015624783,far-field,D20171215,2017-12-15,0.97235435,1
D10127019577,-33.49535284,148.9904817,684911.1729913981,6292022.998447211,825.8875967284529,far-field,D20171215,2017-12-15,0.4986623,0
D10127119510,-33.49612266,148.99319519,685161.6503690591,6291932.79006787,647.1481661380914,far-field,D20171215,2017-12-15,0.96142983,1
D10127119511,-33.49611317,148.99315484,685157.9215960931,6291933.914469379,649.1579698821026,far-field,D20171215,2017-12-15,0.84884065,1
D10127119513,-33.496094,148.99307331,685150.3873357598,6291936.18581913,653.2703480856644,far-field,D20171215,2017-12-15,0.46232164,0
D10127119514,-33.49608431,148.99303212,685146.5809405389,6291937.3338941075,655.3746270408141,far-field,D20171215,2017-12-15,0.3900862,0
D10127119518,-33.49604585,148.99286852,685131.4624901762,6291941.890840275,663.8988511706345,far-field,D20171215,2017-12-15,0.90613854,1
D10127119542,-33.49581562,148.99188936,685040.977093043,6291969.168880071,720.0682004724077,far-field,D20171215,2017-12-15,0.33100477,0
D10127119574,-33.49550384,148.99056358,684918.4594743056,6292006.10733846,807.6060482187868,far-field,D20171215,2017-12-15,0.48417062,0
D10127119576,-33.49548422,148.99048017,684910.7513937475,6292008.431749167,813.4719831193314,far-field,D20171215,2017-12-15,0.17835909,0
D10127119577,-33.49547441,148.99043848,684906.8987458863,6292009.5939254165,816.4181886621991,far-field,D20171215,2017-12-15,0.5047563,0
D10127119578,-33.49546526,148.99039951,684903.297414901,6292010.678062182,819.1785818483562,far-field,D20171215,2017-12-15,0.505648,0
D10127219511,-33.49623204,148.99310021,685152.5926601215,6291920.829819893,637.8702882768803,far-field,D20171215,2017-12-15,0.95927465,1
D10127219512,-33.49622284,148.99306109,685148.9775546289,6291921.919863612,639.8775422648861,far-field,D20171215,2017-12-15,0.21365933,0
D10127219513,-33.49621359,148.99302172,685145.3393269951,6291923.015896795,641.9127763071442,far-field,D20171215,2017-12-15,0.21700357,0
D10127219542,-33.49593697,148.99184518,685036.6139542153,6291955.790516866,709.4817834574461,far-field,D20171215,2017-12-15,0.8114596,1
D10127219545,-33.495908,148.99172199,685025.2298039057,6291959.222832443,717.22920593075,far-field,D20171215,2017-12-15,0.3823573,0
D10127219571,-33.49565556,148.99064851,684926.027779975,6291989.130942306,789.1152568175462,far-field,D20171215,2017-12-15,0.19166172,0
D10127219572,-33.49564575,148.99060678,684922.1714249824,6291990.293196393,792.0513640735702,far-field,D20171215,2017-12-15,0.61704814,0
D10127219574,-33.49562613,148.99052337,684914.4633580706,6291992.61761071,797.9497191433461,far-field,D20171215,2017-12-15,0.49851367,0
D10127219578,-33.49558809,148.99036158,684899.5120101324,6291997.12438276,809.494906202966,far-field,D20171215,2017-12-15,0.65487516,0
D10127319511,-33.49635403,148.99305875,685148.4807356895,6291907.375673845,626.0085657644765,far-field,D20171215,2017-12-15,0.5753567,0
D10127319512,-33.49634471,148.99301912,685144.8185057436,6291908.479933713,628.0808247186699,far-field,D20171215,2017-12-15,0.2700654,0
D10127319513,-33.4963354,148.99297949,685141.1562537381,6291909.5830831975,630.1684288940133,far-field,D20171215,2017-12-15,0.43668252,0
D10127319517,-33.49629783,148.99281966,685126.3862268439,6291914.034599598,638.753397565914,far-field,D20171215,2017-12-15,0.60746133,0
D10127319571,-33.49577695,148.9906045,684921.6805069519,6291975.747795283,779.7557246492338,far-field,D20171215,2017-12-15,0.5249703,0
D10127319572,-33.49576726,148.9905633,684917.8731451258,6291976.895795892,782.6911003589809,far-field,D20171215,2017-12-15,0.34021997,0
D10127319574,-33.49574789,148.99048092,684910.2602559747,6291979.190647883,788.5872986254876,far-field,D20171215,2017-12-15,0.81562126,1
D10127418747,-33.50384595,149.02438126,688042.5013619275,6291020.218097334,2495.2039864967687,far-field,D20171215,2017-12-15,0.6657996,0
D10127419507,-33.49651409,148.9931792,685159.3310005009,6291889.410821044,605.7859077169383,far-field,D20171215,2017-12-15,0.9953924,1
D10127419512,-33.49646748,148.99298093,685141.0087549296,6291894.933451668,616.1760934273739,far-field,D20171215,2017-12-15,0.26330262,0
D10127419560,-33.49600402,148.99100996,684958.8694907291,6291949.844117948,738.7351245280154,far-field,D20171215,2017-12-15,0.8637039,1
D10127419561,-33.49599446,148.99096928,684955.1101803984,6291950.976790621,741.5648686115602,far-field,D20171215,2017-12-15,0.984022,1
D10127419571,-33.49589775,148.99055802,684917.1050073067,6291962.434476699,770.7182446307844,far-field,D20171215,2017-12-15,0.7013971,0
D10127419572,-33.49588806,148.99051683,684913.298579548,6291963.582457909,773.6901640912006,far-field,D20171215,2017-12-15,0.23669739,0
D10127419575,-33.49585948,148.99039529,684902.0668602778,6291966.96843613,782.5102500003436,far-field,D20171215,2017-12-15,0.47436088,0
D10127518763,-33.50383591,149.0237766,687986.3476944391,6291022.42738623,2439.0460315782975,far-field,D20171215,2017-12-15,0.7158888,0
D10127518776,-33.50372222,149.02329199,687941.5713073406,6291035.91326108,2393.3849815109297,far-field,D20171215,2017-12-15,0.5349287,0
D10127519510,-33.49661079,148.99303002,685145.2645535294,6291878.953440132,599.6489134516013,far-field,D20171215,2017-12-15,0.53723246,0
D10127519516,-33.4965494,148.99276909,685121.1519812758,6291886.22687442,613.981017379053,far-field,D20171215,2017-12-15,0.61519027,0
D10127519547,-33.49624777,148.99148642,685002.6194984677,6291921.9639637405,693.4711190664756,far-field,D20171215,2017-12-15,0.9776308,1
D10127519569,-33.4960375,148.99059215,684919.9788230155,6291946.876031788,755.9716581208702,far-field,D20171215,2017-12-15,0.3365785,0
D10127618763,-33.50395413,149.02371926,687980.7648612703,6291009.421129522,2434.51821242969,far-field,D20171215,2017-12-15,0.8124257,1
D10127619504,-33.49679846,148.99326756,685166.9349226921,6291857.7178152315,573.2116840964645,far-field,D20171215,2017-12-15,0.9928656,1
D10127619567,-33.49617635,148.99062247,684922.5005489113,6291931.424181275,741.5479856825392,far-field,D20171215,2017-12-15,0.5160523,0
D10127619574,-33.49611136,148.99034599,684896.9505909263,6291939.123977724,761.9364035460402,far-field,D20171215,2017-12-15,0.51850474,0
D10127619586,-33.49600383,148.98988838,684854.6619610316,6291951.863896511,796.4966072561195,far-field,D20171215,2017-12-15,0.8671968,1
D10127718757,-33.50412896,149.02390302,687997.4586964863,6290989.700120181,2452.8500785708884,far-field,D20171215,2017-12-15,0.8287753,1
D10127718763,-33.5040729,149.0236642,687975.3926729922,6290996.349745583,2430.279955533717,far-field,D20171215,2017-12-15,0.7743014,1
D10127719505,-33.49691527,148.99320387,685160.7686235053,6291844.877783114,562.5579899078814,far-field,D20171215,2017-12-15,0.9696046,1
D10127719508,-33.49688253,148.9930648,685147.9172474263,6291848.756665681,570.0209891195493,far-field,D20171215,2017-12-15,0.29860285,0
D10127719511,-33.49684924,148.99292339,685134.8496218392,6291852.700698348,577.8304395145896,far-field,D20171215,2017-12-15,0.5762485,0
D10127719541,-33.4965438,148.9916251,685014.8744372426,6291888.888341597,658.4658852676245,far-field,D20171215,2017-12-15,0.89751786,1
D10127719542,-33.49653429,148.99158462,685011.1336322604,6291890.015136139,661.2024876815925,far-field,D20171215,2017-12-15,0.7025119,0
D10127719549,-33.49646929,148.99130809,684985.5792181964,6291897.7163737975,680.2060407913558,far-field,D20171215,2017-12-15,0.17739299,0
D10127719550,-33.49645997,148.99126845,684981.9160481666,6291898.820589002,682.9725257368431,far-field,D20171215,2017-12-15,0.3302616,0
D10127719552,-33.49644074,148.99118667,684974.3586830301,6291901.098900176,688.7122230293488,far-field,D20171215,2017-12-15,0.6467004,0
D10127719567,-33.49629721,148.99057624,684917.94816429,6291918.103763852,732.8208824344412,far-field,D20171215,2017-12-15,0.55224437,0
D10127719569,-33.49627862,148.99049715,684910.6393422029,6291920.306256682,738.6863576708764,far-field,D20171215,2017-12-15,0.8971462,1
D10127719570,-33.49626937,148.9904578,684907.0029520381,6291921.402163173,741.6166972312045,far-field,D20171215,2017-12-15,0.81324315,1
D10127719571,-33.49626015,148.99041858,684903.3785758071,6291922.494509732,744.5452073872149,far-field,D20171215,2017-12-15,0.61333233,0
D10127818823,-33.50358043,149.02100785,687729.6714461253,6291055.7730719745,2180.605790877494,far-field,D20171215,2017-12-15,0.5574465,0
D10127819504,-33.49704876,148.99321122,685161.1671865612,6291830.061240089,548.2458894488941,far-field,D20171215,2017-12-15,0.9997771,1
D10127819507,-33.49701748,148.99307829,685148.883192965,6291833.767260474,555.4492342122073,far-field,D20171215,2017-12-15,0.5341112,0
D10127819508,-33.49700657,148.99303197,685144.602805404,6291835.059783094,558.0078197058971,far-field,D20171215,2017-12-15,0.67367715,0
D10127819511,-33.49697366,148.99289217,685131.6839747861,6291838.95879919,565.8722109777615,far-field,D20171215,2017-12-15,0.48573127,0
D10127819516,-33.49691616,148.99264799,685109.1194695157,6291845.770938251,580.1077218678593,far-field,D20171215,2017-12-15,0.31131095,0
D10127819538,-33.49669567,148.99171066,685022.5006838689,6291871.894097813,639.8728897624368,far-field,D20171215,2017-12-15,0.9862515,1
D10127819541,-33.49666609,148.9915849,685010.8791478423,6291875.398629945,648.4327172059395,far-field,D20171215,2017-12-15,0.6803656,0
D10127819542,-33.49665629,148.99154321,685007.026542649,6291876.559740303,651.2948685374616,far-field,D20171215,2017-12-15,0.46187574,0
D10127819570,-33.49639071,148.9904136,684902.6381818737,6291908.024892129,733.0152572606452,far-field,D20171215,2017-12-15,0.25943816,0
D10127918750,-33.50444179,149.02411317,688016.3056286166,6290954.627553318,2474.9974217062845,far-field,D20171215,2017-12-15,0.85701543,1
D10127918767,-33.50427099,149.02338614,687949.1314278598,6290974.8861157,2406.126388842925,far-field,D20171215,2017-12-15,0.6560642,0
D10127918807,-33.50384877,149.02158984,687783.1610127848,6291024.961821596,2236.3060173454833,far-field,D20171215,2017-12-15,0.8307075,1
D10127919507,-33.49714101,148.99304331,685145.3700814233,6291820.130771212,543.6067458489872,far-field,D20171215,2017-12-15,0.64989597,0
D10127919511,-33.49709765,148.9928591,685128.3473662965,6291825.267884977,554.1217001423379,far-field,D20171215,2017-12-15,0.38993758,0
D10127919550,-33.49670172,148.9911761,684972.8213022725,6291872.17627837,664.6489276622395,far-field,D20171215,2017-12-15,0.83999705,1
D10127919568,-33.49653079,148.99044911,684905.639512673,6291892.427395943,718.5097942978999,far-field,D20171215,2017-12-15,0.5483056,0
D10127919570,-33.49651205,148.99036938,684898.2715641742,6291894.647655026,724.5860968086494,far-field,D20171215,2017-12-15,0.32795778,0
D10127919584,-33.49638529,148.98982998,684848.424810738,6291909.665817707,766.4567636840186,far-field,D20171215,2017-12-15,0.79615045,1
D10127919586,-33.49636766,148.98975496,684841.4920905452,6291911.754547556,772.3783210757763,far-field,D20171215,2017-12-15,0.46150416,0
D10127919587,-33.49635889,148.98971763,684838.0423577849,6291912.79359962,775.3330030123673,far-field,D20171215,2017-12-15,0.43965518,0
D10128019503,-33.49730414,148.99317672,685157.4178200739,6291801.802339372,522.4116501481207,far-field,D20171215,2017-12-15,0.9953924,1
D10128019506,-33.49727404,148.99304875,685145.5921847206,6291805.3686494045,529.5727262081842,far-field,D20171215,2017-12-15,0.8626635,1
D10128019507,-33.49726397,148.99300594,685141.6361363305,6291806.561755873,532.0108899403629,far-field,D20171215,2017-12-15,0.89335614,1
D10128019510,-33.49723244,148.99287192,685129.251427461,6291810.297421172,539.7775891411276,far-field,D20171215,2017-12-15,0.34467897,0
D10128019511,-33.49722123,148.99282432,685124.8527619567,6291811.625487868,542.5847366216796,far-field,D20171215,2017-12-15,0.6939655,0
D10128019546,-33.49686182,148.99129675,684983.6903335749,6291854.206842475,643.6483471217763,far-field,D20171215,2017-12-15,0.9796373,1
D10128019549,-33.4968324,148.99117166,684972.1307180622,6291857.692390571,652.7058616296608,far-field,D20171215,2017-12-15,0.76768726,1
D10128019564,-33.49669117,148.99057088,684916.6121548887,6291874.424996011,697.4754800152659,far-field,D20171215,2017-12-15,0.78069264,1
D10128019565,-33.49668169,148.99053056,684912.886148535,6291875.548140207,700.5496506607342,far-field,D20171215,2017-12-15,0.7155172,0
D10128019566,-33.49667217,148.9904901,684909.1472189367,6291876.675968235,703.6432583767097,far-field,D20171215,2017-12-15,0.4968044,0
D10128019567,-33.49666263,148.9904495,684905.3953235425,6291877.806262165,706.7545035962473,far-field,D20171215,2017-12-15,0.73119795,0
D10128019568,-33.49665313,148.99040912,684901.6637827,6291878.931726739,709.8578515221401,far-field,D20171215,2017-12-15,0.4622473,0
D10128019584,-33.49650516,148.98977958,684843.4872037511,6291896.462584877,759.1761513827078,far-field,D20171215,2017-12-15,0.8940993,1
D10128118744,-33.50473678,149.02424777,688028.1721841147,6290921.67027581,2490.404340463776,far-field,D20171215,2017-12-15,0.7581748,1
D10128119506,-33.497397,148.99301134,685141.8545268913,6291791.799705477,518.0491403639329,far-field,D20171215,2017-12-15,0.7000595,0
D10128119514,-33.49731303,148.99265451,685108.8801550588,6291801.748254854,539.419366596783,far-field,D20171215,2017-12-15,0.5078775,0
D10128119539,-33.49705276,148.99154842,685006.6668431696,6291832.583770602,613.2666400989268,far-field,D20171215,2017-12-15,0.8231272,1
D10128119547,-33.49697431,148.99121487,684975.8434340525,6291841.87820035,637.3654823751945,far-field,D20171215,2017-12-15,0.9234542,1
D10128119548,-33.49696451,148.99117318,684971.9908392411,6291843.039297173,640.4270989690366,far-field,D20171215,2017-12-15,0.8011296,1
D10128119549,-33.4969547,148.99113148,684968.1373357591,6291844.201519191,643.5007483760024,far-field,D20171215,2017-12-15,0.9133472,1
D10128119563,-33.4968224,148.99056875,684916.1351095298,6291859.875998665,685.9348670231775,far-field,D20171215,2017-12-15,0.85991377,1
D10128119564,-33.49681314,148.99052936,684912.495048031,6291860.973088585,688.9675729775063,far-field,D20171215,2017-12-15,0.53217894,0
D10128119566,-33.49679454,148.9904502,684905.1797867998,6291863.176812996,695.0842904327604,far-field,D20171215,2017-12-15,0.59735435,0
D10128119567,-33.4967852,148.99041048,684901.5092326053,6291864.283358364,698.1653965162268,far-field,D20171215,2017-12-15,0.3859245,0
D10128119568,-33.49677589,148.99037087,684897.848834035,6291865.386379415,701.2449988477241,far-field,D20171215,2017-12-15,0.19418846,0
D10128218751,-33.50479291,149.02392576,687998.1350205089,6290916.029287288,2461.239942779737,far-field,D20171215,2017-12-15,0.84148335,1
D10128219506,-33.4975193,148.99297117,685137.8618516795,6291778.308876071,506.818824694257,far-field,D20171215,2017-12-15,0.7942925,1
D10128219510,-33.49747859,148.99279815,685121.8732308075,6291783.132142098,517.2267072463161,far-field,D20171215,2017-12-15,0.64350474,0
D10128219547,-33.49709656,148.9911745,684971.8325045574,6291828.393213749,628.2662155672001,far-field,D20171215,2017-12-15,0.71908444,0
D10128219549,-33.49707699,148.99109128,684964.142126228,6291830.711790996,634.476072712601,far-field,D20171215,2017-12-15,0.7606272,1
D10128219561,-33.49696269,148.99060514,684919.2177120997,6291844.25363924,671.5226794113297,far-field,D20171215,2017-12-15,0.68326396,0
D10128219562,-33.49695367,148.99056675,684915.6700571075,6291845.322333563,674.5000416930521,far-field,D20171215,2017-12-15,0.7254013,0
D10128219563,-33.49694462,148.99052825,684912.1122450395,6291846.394549441,677.4935064117072,far-field,D20171215,2017-12-15,0.56368905,0
D10128219564,-33.49693555,148.99048964,684908.5442546112,6291847.469177909,680.5021662673844,far-field,D20171215,2017-12-15,0.523038,0
D10128219567,-33.49690797,148.99037228,684897.6989125198,6291850.736812908,689.6913074577363,far-field,D20171215,2017-12-15,0.62983054,0
D10128318743,-33.50498522,149.02418402,688021.7120902294,6290894.234737219,2487.3245072204745,far-field,D20171215,2017-12-15,0.92865634,1
D10128318746,-33.50495813,149.02406855,688011.0432041696,6290897.448206311,2476.3344837751547,far-field,D20171215,2017-12-15,0.80804104,1
D10128318751,-33.50491119,149.02386863,687992.5716003428,6290903.016003123,2457.3096027258807,far-field,D20171215,2017-12-15,0.74576396,0
D10128319559,-33.49710271,148.99064038,684922.1940298758,6291828.663269372,657.2700190891441,far-field,D20171215,2017-12-15,0.29815695,0
D10128319560,-33.49709394,148.99060306,684918.7452635218,6291829.702334278,660.186820936451,far-field,D20171215,2017-12-15,0.4037604,0
D10128319561,-33.49708512,148.99056551,684915.275233422,6291830.747352583,663.1280446652913,far-field,D20171215,2017-12-15,0.41022593,0
D10128418793,-33.50457419,149.02187497,687808.0830569976,6290943.999273102,2269.2128463436075,far-field,D20171215,2017-12-15,0.58538944,0
D10128418823,-33.50429019,149.02066549,687696.3318211668,6290977.682854808,2154.3773503756665,far-field,D20171215,2017-12-15,0.32862663,0
D10128419502,-33.49780504,148.99306572,685146.0379196773,6291746.45290907,474.16588374620375,near-field,D20171215,2017-12-15,0.9442628,1
D10128419510,-33.4977231,148.99271743,685113.8528380343,6291756.161126304,495.6924902648341,near-field,D20171215,2017-12-15,0.5275713,0
D10128419511,-33.49771262,148.99267286,685109.7341587837,6291757.402827653,498.5431640836962,near-field,D20171215,2017-12-15,0.28530023,0
D10128419532,-33.49748979,148.99172606,685022.2413084765,6291783.802413205,563.4873788681887,far-field,D20171215,2017-12-15,0.3736623,0
D10128419533,-33.49747918,148.991681,685018.0773585285,6291785.059364515,566.7605258999399,far-field,D20171215,2017-12-15,0.42092746,0
D10128419539,-33.49741753,148.99141895,684993.861444776,6291792.363317599,586.0684206286178,far-field,D20171215,2017-12-15,0.33732164,0
D10128419558,-33.49723279,148.99063337,684921.2660161518,6291814.250498088,646.4229075914614,far-field,D20171215,2017-12-15,0.30120394,0
D10128419559,-33.49722384,148.99059531,684917.748884177,6291815.3108429015,649.4293284992716,far-field,D20171215,2017-12-15,0.7494798,0
D10128419585,-33.49698471,148.98957791,684823.7302449723,6291843.641993739,732.0454895054243,far-field,D20171215,2017-12-15,0.7829964,1
D10128519510,-33.49784649,148.99268184,685110.2834191038,6291742.541239843,484.8672740214925,near-field,D20171215,2017-12-15,0.43928358,0
D10128519513,-33.49781618,148.99255297,685098.3746727114,6291746.13238842,493.33599571454243,near-field,D20171215,2017-12-15,0.7332788,0
D10128519532,-33.49761261,148.99168809,685018.4521012667,6291770.24995297,554.0752687893136,far-field,D20171215,2017-12-15,0.73246133,0
D10128519539,-33.49753773,148.99136996,684989.0539818901,6291779.121041572,577.846765326743,far-field,D20171215,2017-12-15,0.21655767,0
D10128519558,-33.49735383,148.99058792,684916.7857622921,6291800.908729082,638.7872484437187,far-field,D20171215,2017-12-15,0.8539685,1
D10128519560,-33.49733563,148.99051046,684909.6276451614,6291803.065071207,644.9894590269781,far-field,D20171215,2017-12-15,0.5388674,0
D10128619508,-33.49799281,148.99274364,685115.7136514089,6291726.204765983,467.7929159941395,near-field,D20171215,2017-12-15,0.5191736,0
D10128619558,-33.49747509,148.99054338,684912.3895996932,6291787.540939536,631.2988655305574,far-field,D20171215,2017-12-15,0.87485135,1
D10128619560,-33.49745669,148.99046506,684905.1520146105,6291789.720990501,637.6477511955162,far-field,D20171215,2017-12-15,0.6996136,0
D10128619562,-33.49743883,148.99038905,684898.1279005277,6291791.8370359205,643.8345915222102,far-field,D20171215,2017-12-15,0.33568668,0
D10128719522,-33.49796769,148.992077,685053.8298440467,6291730.179649072,501.27191371884123,far-field,D20171215,2017-12-15,0.94143873,1
D10128719539,-33.49778333,148.99129381,684981.4562481098,6291752.020908013,560.3925696339255,far-field,D20171215,2017-12-15,0.19166172,0
D10128719558,-33.49759644,148.99049919,684908.0257749343,6291774.162543937,624.0086850823487,far-field,D20171215,2017-12-15,0.89268726,1
D10128719559,-33.49758723,148.99046003,684904.4070087868,6291775.253677651,627.2194125903843,far-field,D20171215,2017-12-15,0.42984542,0
D10128719560,-33.49757805,148.99042095,684900.7956108851,6291776.341340547,630.4289588365476,far-field,D20171215,2017-12-15,0.35597503,0
D10128819501,-33.49831662,148.99299968,685138.8125807575,6291689.838878232,425.0222057562077,near-field,D20171215,2017-12-15,0.2905767,0
D10128819509,-33.49823853,148.9926676,685108.1255495772,6291699.091212722,447.09276026193095,near-field,D20171215,2017-12-15,0.9875892,1
D10128819517,-33.4981511,148.99229621,685073.8060796381,6291709.44933014,473.1392512076822,near-field,D20171215,2017-12-15,0.5076546,0
D10128819518,-33.49813917,148.99224555,685069.1246850851,6291710.862676268,476.7911610361842,near-field,D20171215,2017-12-15,0.86623067,1
D10128819535,-33.49795089,148.99144584,684995.224739702,6291733.168223423,537.0510781166589,far-field,D20171215,2017-12-15,0.2846314,0
D10128819536,-33.49794026,148.99140068,684991.0515609531,6291734.427560164,540.582226990861,far-field,D20171215,2017-12-15,0.3709126,0
D10128819538,-33.497919,148.99131037,684982.7061295913,6291736.946210252,547.6797193910463,far-field,D20171215,2017-12-15,0.65182817,0
D10128819539,-33.49790837,148.99126521,684978.5329478772,6291738.205541427,551.246184729853,far-field,D20171215,2017-12-15,0.20697087,0
D10128819557,-33.49772915,148.99050326,684908.1216281332,6291759.438370522,612.956728932921,far-field,D20171215,2017-12-15,0.53983355,0
D10128919501,-33.49844381,148.9929801,685136.7225254007,6291675.769028867,413.25561406064827,near-field,D20171215,2017-12-15,0.15160523,0
D10128919509,-33.49836579,148.99264834,685106.0651203757,6291685.013025178,435.74899444827315,near-field,D20171215,2017-12-15,0.8175535,1
D10128919511,-33.4983437,148.99255447,685097.3907668983,6291687.630172359,442.3279368224521,near-field,D20171215,2017-12-15,0.73662305,0
D10128919515,-33.49829993,148.99236857,685080.2121273127,6291692.815693311,455.6104631304987,near-field,D20171215,2017-12-15,0.7962247,1
D10128919516,-33.49828809,148.99231829,685075.5658556941,6291694.218384555,459.25756986991456,near-field,D20171215,2017-12-15,0.6824465,0
D10128919528,-33.49815036,148.99173346,685021.5228541633,6291710.535061617,503.17912334695967,far-field,D20171215,2017-12-15,0.16089477,0
D10128919531,-33.49811846,148.99159792,685008.9977998935,6291714.314318208,513.7061817120916,far-field,D20171215,2017-12-15,0.16654281,0
D10128919535,-33.49807594,148.99141726,684992.3032598837,6291719.351715414,527.9153926000267,far-field,D20171215,2017-12-15,0.33880797,0
D10128919538,-33.49804405,148.99128178,684979.7837381426,6291723.129717088,538.6958855065444,far-field,D20171215,2017-12-15,0.35344827,0
D10128919539,-33.49803351,148.99123698,684975.6438181831,6291724.378424876,542.2825221490374,far-field,D20171215,2017-12-15,0.25661415,0
D10128919555,-33.4978731,148.99055506,684912.6281514522,6291743.3826701855,598.0797946201229,far-field,D20171215,2017-12-15,0.79763675,1
D10128919559,-33.49783415,148.99038943,684897.3223605712,6291747.997215638,611.93203581452,far-field,D20171215,2017-12-15,0.3782699,0
D10129018728,-33.50594963,149.02436562,688036.4964557814,6290786.95600515,2517.789729511575,far-field,D20171215,2017-12-15,0.5931183,0
D10129019499,-33.49859192,148.99304942,685142.847530263,6291659.220613155,395.7101986346303,near-field,D20171215,2017-12-15,0.35344827,0
D10129019500,-33.49858186,148.99300668,685138.898025335,6291660.41248749,398.55314542616486,near-field,D20171215,2017-12-15,0.41810346,0
D10129019501,-33.49857177,148.99296377,685134.9327888741,6291661.60799037,401.42881912875896,near-field,D20171215,2017-12-15,0.6260404,0
D10129019509,-33.49849218,148.99262536,685103.66092624,6291671.037952905,424.8425404306714,near-field,D20171215,2017-12-15,0.6805886,0
D10129019527,-33.49828828,148.99175947,685023.6458665448,6291695.193988221,489.6200302840293,near-field,D20171215,2017-12-15,0.25706005,0
D10129019531,-33.49824458,148.99157385,685006.4930474826,6291700.3711135015,504.2261116321218,far-field,D20171215,2017-12-15,0.7992717,1
D10129019533,-33.49822269,148.99148088,684997.9018513157,6291702.964385485,511.6210514130051,far-field,D20171215,2017-12-15,0.7508175,0
D10129019536,-33.49819037,148.99134356,684985.212314844,6291706.793361098,522.6330861471611,far-field,D20171215,2017-12-15,0.4830559,0
D10129019554,-33.4980072,148.99056501,684913.2673449989,6291728.49387189,586.8171169871102,far-field,D20171215,2017-12-15,0.82959276,1
D10129019555,-33.49799728,148.9905228,684909.3667328907,6291729.669179723,590.3653439201603,far-field,D20171215,2017-12-15,0.93214923,1
D10129019557,-33.49797742,148.99043838,684901.5655486293,6291732.02200843,597.4633672972013,far-field,D20171215,2017-12-15,0.5776605,0
D10129019559,-33.49795756,148.99035397,684893.765290014,6291734.374812831,604.560732400794,far-field,D20171215,2017-12-15,0.31495243,0
D10129019560,-33.49794764,148.99031177,684889.8656026893,6291735.550094739,608.10830048933,far-field,D20171215,2017-12-15,0.7486623,0
D10129119499,-33.49872015,148.99303421,685141.1612686138,6291645.02763487,383.848334619244,near-field,D20171215,2017-12-15,0.33546373,0
D10129119504,-33.49866922,148.99281773,685121.1568189195,6291651.061812127,398.77476335191125,near-field,D20171215,2017-12-15,0.8070006,1
D10129119511,-33.49859433,148.99249955,685091.7545220647,6291659.9344334435,421.6378498325603,near-field,D20171215,2017-12-15,0.8187426,1
D10129119515,-33.49854944,148.9923089,685074.1369972571,6291665.252622409,435.8011830392976,near-field,D20171215,2017-12-15,0.29674494,0
D10129119524,-33.49844967,148.99188514,685034.9782382564,6291677.0724699795,468.33847745517556,near-field,D20171215,2017-12-15,0.46291617,0
D10129119525,-33.49843869,148.99183848,685030.6664697501,6291678.3733137315,472.000219583589,near-field,D20171215,2017-12-15,0.8582788,1
D10129119527,-33.49841678,148.99174541,685022.0660504362,6291680.969004706,479.34767617983033,near-field,D20171215,2017-12-15,0.45318073,0
D10129119531,-33.49837309,148.99155982,685004.9160226084,6291686.144965902,494.1605564331881,near-field,D20171215,2017-12-15,0.79496133,1
D10129119533,-33.49835078,148.99146508,684996.1612835778,6291688.787969073,501.80080914253523,far-field,D20171215,2017-12-15,0.6996136,0
D10129119534,-33.49833958,148.99141752,684991.7663554371,6291690.114796655,505.6551099104169,far-field,D20171215,2017-12-15,0.6652051,0
D10129119536,-33.49831734,148.99132304,684983.0356173136,6291692.749561332,513.3470242477003,far-field,D20171215,2017-12-15,0.32684305,0
D10129119558,-33.49809133,148.99036249,684894.2723521679,6291719.525160602,593.4926492080444,far-field,D20171215,2017-12-15,0.29956895,0
D10129219500,-33.49883725,148.99297178,685135.1115645838,6291632.153181863,375.4378544826242,near-field,D20171215,2017-12-15,0.9314061,1
D10129219503,-33.49880642,148.99284072,685123.0006022918,6291635.805941188,384.67360608529657,near-field,D20171215,2017-12-15,0.82587695,1
D10129219504,-33.49879579,148.99279557,685118.8284089556,6291637.065318117,387.90077434668063,near-field,D20171215,2017-12-15,0.92546076,1
D10129219506,-33.49877454,148.99270527,685110.4839980204,6291639.5829574615,394.4194341737825,near-field,D20171215,2017-12-15,0.84296966,1
D10129219519,-33.49863083,148.99209486,685054.0774765755,6291656.608626458,440.48748056699367,near-field,D20171215,2017-12-15,0.8179994,1
D10129219523,-33.49858679,148.99190776,685036.7879591355,6291661.826153757,455.20113100578607,near-field,D20171215,2017-12-15,0.84497625,1
D10129219525,-33.49856505,148.99181543,685028.2559470499,6291664.40167908,462.54998723463376,near-field,D20171215,2017-12-15,0.40442926,0
D10129219529,-33.49852251,148.99163466,685011.5513260392,6291669.441528251,477.09038914316255,near-field,D20171215,2017-12-15,0.33427468,0
D10129219534,-33.49846715,148.99139952,684989.8225041165,6291675.999967489,496.28668829489743,near-field,D20171215,2017-12-15,0.17546076,0
D10129219557,-33.49822535,148.99037209,684894.8792212182,6291704.645859532,582.3355028610268,far-field,D20171215,2017-12-15,0.6762039,0
D10129318728,-33.50631461,149.02423701,688023.758640676,6290746.714174544,2512.346670454642,far-field,D20171215,2017-12-15,0.4551873,0
D10129319496,-33.499003,148.99311619,685148.1754715205,6291613.514572872,352.7912593237406,near-field,D20171215,2017-12-15,0.065324016,0
D10129319498,-33.49898293,148.99303086,685140.2903299491,6291615.892513659,358.74942180395203,near-field,D20171215,2017-12-15,0.9742122,1
D10129319500,-33.49896301,148.99294618,685132.4652559762,6291618.252653671,364.7501028293253,near-field,D20171215,2017-12-15,0.5995838,0
D10129319501,-33.49895283,148.99290288,685128.4639939577,6291619.458831176,367.8502728812371,near-field,D20171215,2017-12-15,0.60924494,0
D10129319502,-33.49894223,148.99285783,685124.3010353972,6291620.714705548,371.09900053294433,near-field,D20171215,2017-12-15,0.8887485,1
D10129319503,-33.49893161,148.99281272,685120.1325439307,6291621.972903039,374.3749568901884,near-field,D20171215,2017-12-15,0.95972055,1
D10129319505,-33.4989102,148.99272173,685111.724380392,6291624.509518489,381.0474557722082,near-field,D20171215,2017-12-15,0.74189955,0
D10129319515,-33.49879931,148.99225074,685068.2014214151,6291637.646932337,416.84427350086185,near-field,D20171215,2017-12-15,0.82758623,1
D10129319523,-33.49871198,148.99187977,685033.9209503927,6291647.99307772,446.2789681654702,near-field,D20171215,2017-12-15,0.62120986,0
D10129319533,-33.4986034,148.99141849,684991.2950292183,6291660.856649708,484.0780000778931,near-field,D20171215,2017-12-15,0.8294441,1
D10129319534,-33.49859213,148.99137064,684986.8733189505,6291662.1917553805,488.0644837262196,near-field,D20171215,2017-12-15,0.4342301,0
D10129319553,-33.49839099,148.99051601,684907.8983896759,6291686.020674206,559.9007325443469,far-field,D20171215,2017-12-15,0.7112069,0
D10129419496,-33.49912883,148.99309088,685145.5559411128,6291599.605767112,342.03151309552186,near-field,D20171215,2017-12-15,0.14982164,0
D10129419497,-33.49911878,148.99304816,685141.6082983181,6291600.796499097,345.0779117238998,near-field,D20171215,2017-12-15,0.87618905,1
D10129419499,-33.49909868,148.99296271,685133.7120809947,6291603.177975928,351.23716809269456,near-field,D20171215,2017-12-15,0.7459126,0
D10129419501,-33.49907784,148.99287412,685125.5257034852,6291605.647111446,357.71168903617297,near-field,D20171215,2017-12-15,0.9137931,1
D10129419504,-33.49904599,148.99273879,685113.0202252143,6291609.420591951,367.7672853695751,near-field,D20171215,2017-12-15,0.904132,1
D10129419505,-33.49903537,148.99269368,685108.851737585,6291610.6787847355,371.1610692348435,near-field,D20171215,2017-12-15,0.9004162,1
D10129419510,-33.49897734,148.99244729,685086.0835670925,6291617.553612279,390.03676680582146,near-field,D20171215,2017-12-15,0.9721314,1
D10129419531,-33.49875057,148.99148385,684997.0543476559,6291644.419639034,468.1467278927746,near-field,D20171215,2017-12-15,0.36154875,0
D10129419532,-33.49873931,148.99143605,684992.6372698925,6291645.753549641,472.16309036176006,near-field,D20171215,2017-12-15,0.36883175,0
D10129419547,-33.49857595,148.99074211,684928.5116657261,6291665.106497573,530.5360180225665,far-field,D20171215,2017-12-15,0.24829073,0
D10129518729,-33.5065654,149.02418236,688018.1389509563,6290719.001531109,2512.095653789982,far-field,D20171215,2017-12-15,0.3854043,0
D10129519498,-33.49923412,148.99297829,685134.8711271364,6291588.130498664,337.93179064549537,near-field,D20171215,2017-12-15,0.6478151,0
D10129519499,-33.49922406,148.99293551,685130.9179349116,6291589.32244246,341.10250685768904,near-field,D20171215,2017-12-15,0.5985434,0
D10129519510,-33.4991001,148.99240905,685082.2693570863,6291604.008308237,381.63928547106815,near-field,D20171215,2017-12-15,0.7175981,0
D10129519524,-33.49894533,148.99175168,685021.5235632665,6291622.34406745,435.29420762139466,near-field,D20171215,2017-12-15,0.52445006,0
D10129519546,-33.49871054,148.9907541,684929.3393112485,6291650.159720471,519.3501245376948,far-field,D20171215,2017-12-15,0.5301724,0
D10129519547,-33.49869965,148.99070782,684925.062657707,6291651.449859074,523.3039250353206,far-field,D20171215,2017-12-15,0.22510405,0
D10129619491,-33.49942438,148.99322712,685157.5842275668,6291566.587493187,307.55789692002395,near-field,D20171215,2017-12-15,0.38748515,0
D10129619497,-33.49936754,148.99298535,685135.2428923806,6291573.322232753,325.42565086940186,near-field,D20171215,2017-12-15,0.5332937,0
D10129619498,-33.49935794,148.99294449,685131.4671104166,6291574.459739102,328.51254476328285,near-field,D20171215,2017-12-15,0.7372176,0
D10129619499,-33.49934806,148.99290248,685127.585079548,6291575.630346636,331.7061200967516,near-field,D20171215,2017-12-15,0.73840666,0
D10129619507,-33.49925968,148.99252708,685092.8955367345,6291586.101059726,361.0199862409781,near-field,D20171215,2017-12-15,0.99464923,1
D10129619508,-33.49924719,148.99247406,685087.9961345426,6291587.580729663,365.26091178750255,near-field,D20171215,2017-12-15,0.8823573,1
D10129619523,-33.49907733,148.99175272,685021.3392213617,6291607.70402122,424.83502799622414,near-field,D20171215,2017-12-15,0.6371136,0
D10129619524,-33.49906642,148.99170638,685017.057064883,6291608.99652696,428.7319420367776,near-field,D20171215,2017-12-15,0.25557372,0
D10129619529,-33.4990125,148.99147734,684995.8920627562,6291615.384419352,447.99251788543614,near-field,D20171215,2017-12-15,0.40457788,0
D10129619544,-33.49885539,148.99080968,684934.1950139136,6291633.997460489,504.60406132987254,far-field,D20171215,2017-12-15,0.48313022,0
D10129619545,-33.49884453,148.99076357,684929.9340988775,6291635.283971748,508.5767551918109,far-field,D20171215,2017-12-15,0.50795186,0
D10129619547,-33.4988232,148.99067294,684921.559160891,6291637.810905379,516.4067351845202,far-field,D20171215,2017-12-15,0.35961652,0
D10129619550,-33.4987934,148.99054624,684909.8510185285,6291641.341400035,527.3999377748304,far-field,D20171215,2017-12-15,0.24019025,0
D10129718726,-33.50685859,149.02430811,688029.1868651863,6290686.259883042,2529.5103140110486,far-field,D20171215,2017-12-15,0.74643284,0
D10129718727,-33.50684916,149.02426795,688025.4763708364,6290687.378432965,2525.6486162878064,far-field,D20171215,2017-12-15,0.71105826,0
D10129719489,-33.49956291,148.99325611,685159.9825413738,6291551.173411362,293.2589178299144,near-field,D20171215,2017-12-15,0.98342746,1
D10129719506,-33.49939262,148.99253211,685093.0797845135,6291571.349649538,349.5475775582824,near-field,D20171215,2017-12-15,0.99249405,1
D10129719524,-33.49918854,148.99166545,685012.9943946195,6291595.526969766,421.8230464127735,near-field,D20171215,2017-12-15,0.80217004,1
D10129719526,-33.49916688,148.99157346,685004.4938561618,6291598.092998673,429.5590300051228,near-field,D20171215,2017-12-15,0.23729192,0
D10129719529,-33.49913528,148.99143917,684992.0844432081,6291601.836742461,440.8566813951754,near-field,D20171215,2017-12-15,0.84423304,1
D10129719532,-33.49910381,148.99130546,684979.728631754,6291605.565019361,452.1765291508692,near-field,D20171215,2017-12-15,0.7564655,1
D10129719544,-33.498978,148.99077081,684930.3228030008,6291620.46986297,498.20934983000467,near-field,D20171215,2017-12-15,0.22324614,0
D10129719546,-33.49895688,148.99068109,684922.0319783234,6291622.971887609,506.04006409272984,far-field,D20171215,2017-12-15,0.6186088,0
D10129818737,-33.50688441,149.02385667,687987.1918425859,6290684.214769594,2488.8728554351105,far-field,D20171215,2017-12-15,0.6701843,0
D10129818760,-33.50667455,149.02296251,687904.5774430173,6290709.10759476,2402.873363507296,far-field,D20171215,2017-12-15,0.36660227,0
D10129819489,-33.49968232,148.99320378,685154.8663086827,6291538.024776904,285.2496327041177,near-field,D20171215,2017-12-15,0.14291023,0
D10129819494,-33.49963673,148.99300978,685136.9392889298,6291543.426698016,300.2399986738824,near-field,D20171215,2017-12-15,0.8917212,1
D10129819497,-33.49960874,148.99289069,685125.9345005683,6291546.743163597,309.64378361683754,near-field,D20171215,2017-12-15,0.56562126,0
D10129819499,-33.49958833,148.99280392,685117.9163472354,6291549.161362344,316.5837104372239,near-field,D20171215,2017-12-15,0.898261,1
D10129819501,-33.4995679,148.99271707,685109.8908002079,6291551.581914885,323.5981431956484,near-field,D20171215,2017-12-15,0.73431927,0
D10129819506,-33.49951192,148.99247933,685087.9220624072,6291558.213984767,343.1178584818972,near-field,D20171215,2017-12-15,0.9726516,1
D10129819511,-33.499452,148.99222496,685064.4166244853,6291565.312594705,364.4227169171858,near-field,D20171215,2017-12-15,0.8459423,1
D10129819512,-33.49943985,148.99217339,685059.651222524,6291566.751959709,368.76012226228175,near-field,D20171215,2017-12-15,0.83063316,1
D10129819521,-33.49934263,148.99176039,685021.4871233362,6291578.269795204,403.4897686412301,near-field,D20171215,2017-12-15,0.37745243,0
D10129819541,-33.49913264,148.99086807,684939.0300778493,6291603.147641379,480.1632582159619,near-field,D20171215,2017-12-15,0.6976813,0
D10129918787,-33.5065299,149.02178589,687795.5808488217,6290727.279551195,2292.4890730290977,far-field,D20171215,2017-12-15,0.49056184,0
D10129918788,-33.50652073,149.02174685,687791.9738044263,6290728.367148574,2288.7338749363034,far-field,D20171215,2017-12-15,0.40063912,0
D10129918790,-33.50650243,149.02166886,687784.7679880881,6290730.5377403945,2281.232655316213,far-field,D20171215,2017-12-15,0.5433264,0
D10129919487,-33.49982022,148.99323013,685157.0206815802,6291522.685270596,271.5797067853147,near-field,D20171215,2017-12-15,0.68549347,0
D10129919488,-33.49981135,148.99319235,685153.5295227128,6291523.736336272,274.52148394165675,near-field,D20171215,2017-12-15,0.4024227,0
D10129919489,-33.49980226,148.99315366,685149.9542857488,6291524.81342161,277.5519901373873,near-field,D20171215,2017-12-15,0.30789238,0
D10129919494,-33.49975672,148.99295987,685132.0466931085,6291530.2094151545,292.97650697563097,near-field,D20171215,2017-12-15,0.7921373,1
D10129919497,-33.49972731,148.9928348,685120.4893544847,6291533.694017349,303.1289148227718,near-field,D20171215,2017-12-15,0.8760404,1
D10129919502,-33.49967619,148.99261749,685100.4084221752,6291539.750713147,321.0863721686929,near-field,D20171215,2017-12-15,0.45362663,0
D10129919506,-33.4996313,148.99242687,685082.7939132194,6291545.068875123,337.09194806086293,near-field,D20171215,2017-12-15,0.9398038,1
D10129919523,-33.49944604,148.99163987,685010.0697275704,6291567.017020648,403.4948766247952,near-field,D20171215,2017-12-15,0.6935939,0
D10129919537,-33.499298,148.99101082,684951.9409049455,6291584.555520453,458.20995942878875,near-field,D20171215,2017-12-15,0.8587247,1
D10129919542,-33.49924556,148.99078797,684931.3478771313,6291590.768112221,477.94103651656417,near-field,D20171215,2017-12-15,0.17947385,0
D10130018746,-33.50705407,149.02345672,687949.6691968936,6290666.124846099,2456.154807655783,far-field,D20171215,2017-12-15,0.305217,0
D10130018750,-33.50701422,149.02328708,687933.9957181141,6290670.851429757,2439.8239372801004,far-field,D20171215,2017-12-15,0.74606127,0
D10130018785,-33.50666307,149.02179236,687795.894123493,6290712.499775917,2295.954098210575,far-field,D20171215,2017-12-15,0.36437276,0
D10130018787,-33.50664355,149.02170926,687788.2162321517,6290714.814915717,2287.9569758773587,far-field,D20171215,2017-12-15,0.61102855,0
D10130018791,-33.50660559,149.02154761,687773.280805634,6290719.317171997,2272.4012883976425,far-field,D20171215,2017-12-15,0.7992717,1
D10130019488,-33.49993171,148.99314403,685148.7838463215,6291510.475192126,267.10134862055725,near-field,D20171215,2017-12-15,0.45823425,0
D10130019489,-33.49992244,148.99310457,685145.1374585344,6291511.573611185,270.28726048822193,near-field,D20171215,2017-12-15,0.63882285,0
D10130019490,-33.4999132,148.99306524,685141.503084081,6291512.668469979,273.47855822958303,near-field,D20171215,2017-12-15,0.6679548,0
D10130019501,-33.49980492,148.99260485,685098.9599377977,6291525.497695889,311.7771906888797,near-field,D20171215,2017-12-15,0.67672414,0
D10130019503,-33.49978318,148.99251246,685090.4224878836,6291528.073389752,319.54569961366593,near-field,D20171215,2017-12-15,0.93608797,1
D10130019513,-33.49967246,148.9920422,685046.9674125093,6291541.190572815,359.1223384790331,near-field,D20171215,2017-12-15,0.9876635,1
D10130019519,-33.49961075,148.99177989,685022.7281147826,6291548.501746088,381.53033978549144,near-field,D20171215,2017-12-15,0.7207194,0
D10130019537,-33.49942008,148.99096972,684947.8626254896,6291571.090678649,452.6857601754072,near-field,D20171215,2017-12-15,0.7118014,0
D10130019538,-33.49940989,148.99092643,684943.8623156354,6291572.297870623,456.55280445629603,near-field,D20171215,2017-12-15,0.05588585,0
D10130118792,-33.50670612,149.02141525,687760.7672026723,6290708.408358412,2262.579376983095,far-field,D20171215,2017-12-15,0.8599881,1
D10130119485,-33.50008103,148.99321886,685155.4180450663,6291493.782742543,250.0920071917323,near-field,D20171215,2017-12-15,0.7352111,0
D10130119499,-33.49994528,148.99264151,685102.0670325852,6291509.867008613,298.34568955113184,near-field,D20171215,2017-12-15,0.94240487,1
D10130119500,-33.49993464,148.99259632,685097.8911978801,6291511.127559295,302.14594559733166,near-field,D20171215,2017-12-15,0.591632,0
D10130119505,-33.49988042,148.99236595,685076.6035296519,6291517.551282872,321.5172903929398,near-field,D20171215,2017-12-15,0.78812426,1
D10130119511,-33.4998147,148.9920868,685050.8082822204,6291525.337261285,345.2318458908924,near-field,D20171215,2017-12-15,0.76753867,1
D10130119538,-33.49953236,148.99088696,684939.9346616301,6291558.786871163,451.29931125912316,near-field,D20171215,2017-12-15,0.07379608,0
D10130219479,-33.50026884,148.993457,685177.1429045432,6291472.530448097,219.81002694528613,near-field,D20171215,2017-12-15,0.8964031,1
D10130219499,-33.50006534,148.99259191,685097.2031510854,6291496.641394524,292.16744683374094,near-field,D20171215,2017-12-15,0.62574315,0
D10130219500,-33.50005491,148.99254758,685093.106774959,6291497.877121037,295.8978623987786,near-field,D20171215,2017-12-15,0.6484096,0
D10130219505,-33.50000161,148.99232114,685072.1823017435,6291504.191801076,315.16760665429376,near-field,D20171215,2017-12-15,0.7256986,0
D10130219510,-33.49994683,148.99208843,685050.6784242308,6291510.681742999,335.30195558441596,near-field,D20171215,2017-12-15,0.88852555,1
D10130319481,-33.50037256,148.99333776,685165.8436912528,6291461.241191581,219.10597522632997,near-field,D20171215,2017-12-15,0.9939804,1
D10130319493,-33.50024749,148.99280621,685116.7252833024,6291476.059442693,263.8001141035165,near-field,D20171215,2017-12-15,0.8381391,1
D10130319494,-33.50023755,148.99276397,685112.8220507022,6291477.237110214,267.35556362284933,near-field,D20171215,2017-12-15,0.6579221,0
D10130319516,-33.50000875,148.99179156,685022.965157813,6291504.344563488,352.33012561066766,near-field,D20171215,2017-12-15,0.42501485,0
D10130419474,-33.50056702,148.99360431,685190.1937671588,6291439.200702231,186.34410890364836,near-field,D20171215,2017-12-15,0.9394322,1
D10130419479,-33.50051723,148.99339262,685170.6323746551,6291445.10003295,204.1420697078574,near-field,D20171215,2017-12-15,0.75059456,0
D10130419481,-33.50049589,148.99330192,685162.2511734364,6291447.62842014,211.76828191547673,near-field,D20171215,2017-12-15,0.9292509,1
D10130419485,-33.50045321,148.9931206,685145.4961916078,6291452.685029302,227.01545055515308,near-field,D20171215,2017-12-15,0.72666466,0
D10130419486,-33.50044272,148.99307599,685141.3739533193,6291453.927930884,230.7658697476714,near-field,D20171215,2017-12-15,0.90480083,1
D10130419508,-33.50021114,148.99209188,685050.4362498441,6291481.364821898,316.527930452958,near-field,D20171215,2017-12-15,0.4635107,0
D10130419514,-33.50014892,148.99182747,685026.0030884389,6291488.736312989,340.4024586083206,near-field,D20171215,2017-12-15,0.67115045,0
D10130519465,-33.50077345,148.99392207,685219.2759767299,6291415.74130364,149.33569264285467,near-field,D20171215,2017-12-15,0.84973246,1
D10130519466,-33.50076338,148.99387929,685215.3228864174,6291416.934394828,152.89249659002442,near-field,D20171215,2017-12-15,0.1993906,0
D10130519471,-33.50071441,148.99367101,685196.0766171932,6291422.736758016,170.38986593228722,near-field,D20171215,2017-12-15,0.4379459,0
D10130519482,-33.50060816,148.99321913,685154.3202476362,6291435.325941705,208.37980479282456,near-field,D20171215,2017-12-15,0.8841409,1
D10130519485,-33.50057661,148.99308506,685141.9314281213,6291439.063953473,219.75848545932917,near-field,D20171215,2017-12-15,0.89305884,1
D10130519486,-33.50056612,148.99304047,685137.8110535722,6291440.3068181,223.5803026435075,near-field,D20171215,2017-12-15,0.8376932,1
D10130519488,-33.50054513,148.99295127,685129.5684647417,6291442.793686569,231.27686111338562,near-field,D20171215,2017-12-15,0.8923157,1
D10130519492,-33.50050415,148.99277708,685113.4722841164,6291447.648994651,246.48025505675625,near-field,D20171215,2017-12-15,0.87061536,1
D10130519495,-33.50047418,148.99264967,685101.6988317262,6291451.199855363,257.7269550729488,near-field,D20171215,2017-12-15,0.8483204,1
D10130519500,-33.50042003,148.99241959,685080.4380949694,6291457.615313768,278.26376435435265,near-field,D20171215,2017-12-15,0.69411415,0
D10130519507,-33.5003433,148.99209365,685050.3193306138,6291466.705726173,307.7556630770658,near-field,D20171215,2017-12-15,0.255871,0
D10130519508,-33.50033284,148.9920492,685046.2118777769,6291467.944974012,311.80718129159885,near-field,D20171215,2017-12-15,0.77571344,1
D10130519511,-33.50030176,148.99191709,685034.0040797606,6291471.627226607,323.88450991101683,near-field,D20171215,2017-12-15,0.60879904,0
D10130519532,-33.50008764,148.99100697,684949.9030302913,6291496.994954211,408.2019513662961,near-field,D20171215,2017-12-15,0.6128864,0
D10130519533,-33.50007691,148.99096139,684945.6911432045,6291498.26611421,412.463746584815,near-field,D20171215,2017-12-15,0.41490784,0
D10130619471,-33.5008345,148.99362157,685191.2274390404,6291409.507573519,164.1988687873332,near-field,D20171215,2017-12-15,0.834349,1
D10130619480,-33.50075038,148.99326367,685158.155355402,6291419.474900468,194.47831294372995,near-field,D20171215,2017-12-15,0.86467004,1
D10130619495,-33.50059377,148.99259806,685096.649231745,6291438.029948194,253.46185343275044,near-field,D20171215,2017-12-15,0.7141796,0
D10130619502,-33.50051844,148.992278,685067.073854039,6291446.954672458,282.64340604803516,near-field,D20171215,2017-12-15,0.76070154,1
D10130619504,-33.50049703,148.99218703,685058.6676938894,6291449.491212672,291.0020367486843,near-field,D20171215,2017-12-15,0.72012484,0
D10130619507,-33.50046503,148.99205109,685046.106048414,6291453.282337349,303.53743144222926,near-field,D20171215,2017-12-15,0.17717004,0
D10130619508,-33.50045471,148.9920072,685042.0503308778,6291454.50505949,307.59439432423534,near-field,D20171215,2017-12-15,0.9522889,1
D10130619512,-33.50041318,148.99183072,685025.7425091078,6291459.425295113,323.95550657111164,near-field,D20171215,2017-12-15,0.7331302,0
D10130619533,-33.50020136,148.99093024,684942.5322835561,6291484.520711303,408.29041453614906,near-field,D20171215,2017-12-15,0.47005054,0
D10130719456,-33.50109813,148.99418265,685242.7936324342,6291379.270516846,106.68251842810415,near-field,D20171215,2017-12-15,0.71432817,0
D10130719457,-33.50108749,148.99413743,685238.6150829801,6291380.531185539,110.48473879029993,near-field,D20171215,2017-12-15,0.66453624,0
D10130719461,-33.50104675,148.99396425,685222.612376166,6291385.358264901,125.04553029984514,near-field,D20171215,2017-12-15,0.6857164,0
D10130719467,-33.50099084,148.99372635,685200.6290732039,6291391.983136011,145.043562211606,near-field,D20171215,2017-12-15,0.7335018,0
D10130719491,-33.5007566,148.99273018,685108.5773113663,6291419.7371207215,233.03605381854672,near-field,D20171215,2017-12-15,0.9264269,1
D10130719500,-33.50065975,148.9923187,685070.5542846547,6291431.211437474,271.0026211856661,near-field,D20171215,2017-12-15,0.50401306,0
D10130719501,-33.50064938,148.99227463,685066.4819623074,6291432.440036332,275.0980268813995,near-field,D20171215,2017-12-15,0.8677913,1
D10130719531,-33.50034696,148.99098902,684947.6835651363,6291468.2695602635,396.0351485941212,near-field,D20171215,2017-12-15,0.62470275,0
D10130719532,-33.50033681,148.99094588,684943.6971499005,6291469.472050998,400.1268356710656,near-field,D20171215,2017-12-15,0.59735435,0
D10130719533,-33.50032675,148.99090311,684939.7449178993,6291470.663899902,404.18473984130435,near-field,D20171215,2017-12-15,0.71834123,0
D10130719534,-33.50031669,148.99086035,684935.7936140852,6291471.855729317,408.2432157030647,near-field,D20171215,2017-12-15,0.5692628,0
D10130819453,-33.50124706,148.99425586,685249.2778868828,6291362.62413033,90.18031415399513,buffer,D20171215,2017-12-15,0.97146255,1
D10130819454,-33.50123742,148.99421483,685245.4864912123,6291363.766425228,93.6291159330826,buffer,D20171215,2017-12-15,0.9863258,1
D10130819457,-33.50120784,148.99408905,685233.8637880987,6291367.271294614,104.2038259180433,near-field,D20171215,2017-12-15,0.5453329,0
D10130819473,-33.50105764,148.99345002,685174.8139160397,6291385.068565989,159.24320181093168,near-field,D20171215,2017-12-15,0.7938466,1
D10130819474,-33.50104822,148.99340997,685171.1130839402,6291386.184684662,162.83293512811406,near-field,D20171215,2017-12-15,0.986846,1
D10130819504,-33.50073956,148.992098,685049.8798419649,6291422.75454655,284.45490931603007,near-field,D20171215,2017-12-15,0.41854936,0
D10130819508,-33.50070033,148.99193116,685034.4628029795,6291427.4025457855,300.21705583480866,near-field,D20171215,2017-12-15,0.73944706,0
D10130819510,-33.50068048,148.99184678,685026.665588201,6291429.754308419,308.2026865114574,near-field,D20171215,2017-12-15,0.68326396,0
D10130819512,-33.50066057,148.99176214,685018.8443419295,6291432.113181969,316.2209893963017,near-field,D20171215,2017-12-15,0.29124555,0
D10130819528,-33.50050221,148.99108879,684956.6225482905,6291450.875191028,380.23767470340505,near-field,D20171215,2017-12-15,0.764566,1
D10130819531,-33.50047248,148.99096241,684944.9442297637,6291454.397406548,392.2888579043749,near-field,D20171215,2017-12-15,0.30313614,0
D10130819532,-33.50046255,148.99092019,684941.0428264366,6291455.573859443,396.3167302749258,near-field,D20171215,2017-12-15,0.4649227,0
D10130919449,-33.501404,148.99436319,685258.9149980095,6291345.028537616,70.81065749510073,buffer,D20171215,2017-12-15,0.9804548,1
D10130919450,-33.50139496,148.9943247,685255.3583128228,6291346.099763804,74.04570217236909,buffer,D20171215,2017-12-15,0.9644768,1
D10130919453,-33.5013674,148.99420743,685244.5219598052,6291349.365442297,83.90347581836616,buffer,D20171215,2017-12-15,0.9442628,1
D10130919454,-33.5013581,148.99416783,685240.8627000969,6291350.467477787,87.23175774581192,buffer,D20171215,2017-12-15,0.9887039,1
D10130919460,-33.50130192,148.99392882,685218.7769380468,6291357.12431833,107.62760190589516,near-field,D20171215,2017-12-15,0.92011,1
D10130919466,-33.50124569,148.99368959,685196.670815523,6291363.787044393,128.90590523680368,near-field,D20171215,2017-12-15,0.81049347,1
D10130919468,-33.50122706,148.99361033,685189.3467650539,6291365.994510595,136.0859051949251,near-field,D20171215,2017-12-15,0.917063,1
D10130919469,-33.50121775,148.9935707,685185.6847280262,6291367.097687075,139.69427948297226,near-field,D20171215,2017-12-15,0.71150416,0
D10130919476,-33.50115121,148.99328765,685159.5293746548,6291374.9818750955,165.75123347168113,near-field,D20171215,2017-12-15,0.9123068,1
D10130919493,-33.50097403,148.99253463,685089.9463958824,6291395.974011687,236.4703281630687,near-field,D20171215,2017-12-15,0.47614446,0
D10130919503,-33.5008716,148.99209926,685049.7157900695,6291408.109666783,277.819491564145,near-field,D20171215,2017-12-15,0.42508918,0
D10130919506,-33.50084356,148.99197997,685038.6926612909,6291411.431940398,289.1816620107238,near-field,D20171215,2017-12-15,0.3516647,0
D10130919508,-33.50082463,148.99189941,685031.2484052752,6291413.674870456,296.8611496808565,near-field,D20171215,2017-12-15,0.48558265,0
D10130919509,-33.50081506,148.99185873,685027.4893369625,6291414.808690665,300.741390135174,near-field,D20171215,2017-12-15,0.7907996,1
D10130919512,-33.50078569,148.99173384,685015.9487481929,6291418.288415717,312.6606754059612,near-field,D20171215,2017-12-15,0.5209572,0
D10130919526,-33.50064645,148.99114182,684961.2424640869,6291434.785098674,369.281575342544,near-field,D20171215,2017-12-15,0.33263972,0
D10130919527,-33.50063685,148.991101,684957.4704377372,6291435.9224672895,373.1914060944654,near-field,D20171215,2017-12-15,0.58605826,0
D10130919529,-33.50061756,148.99101897,684949.8903404702,6291438.207875806,381.05021488927935,near-field,D20171215,2017-12-15,0.20570749,0
D10130919530,-33.50060787,148.99097776,684946.0822695377,6291439.355915677,384.99916685234376,near-field,D20171215,2017-12-15,0.21678062,0
D10130919531,-33.50059842,148.99093755,684942.3665939458,6291440.475556501,388.85264626230656,near-field,D20171215,2017-12-15,0.44634363,0
D10131019445,-33.50155753,148.99445614,685267.2233542209,6291327.836766666,52.652204394647526,buffer,D20171215,2017-12-15,0.7584721,1
D10131019449,-33.50152406,148.99431357,685254.0491028335,6291331.803029479,64.63406482581696,buffer,D20171215,2017-12-15,0.95191735,1
D10131019453,-33.50148866,148.99416287,685240.1236296729,6291335.997818425,77.64431484213492,buffer,D20171215,2017-12-15,0.8576843,1
D10131019456,-33.50146164,148.99404787,685229.4970299436,6291339.199543658,87.89685467613252,buffer,D20171215,2017-12-15,0.96581453,1
D10131019458,-33.50144357,148.99397096,685222.3901402066,6291341.3407389745,94.85984806378984,buffer,D20171215,2017-12-15,0.5939358,0
D10131019465,-33.50137857,148.99369438,685196.8327028475,6291349.042702591,120.35551463604445,near-field,D20171215,2017-12-15,0.87856716,1
D10131019481,-33.50122196,148.99302838,685135.290864592,6291367.59871771,183.15801436345134,near-field,D20171215,2017-12-15,0.91676575,1
D10131019491,-33.50111921,148.99259161,685094.9310377073,6291379.772554416,224.80001860756846,near-field,D20171215,2017-12-15,0.507283,0
D10131019494,-33.50108652,148.99245276,685082.1006083611,6291383.64544053,238.0771075189693,near-field,D20171215,2017-12-15,0.32513377,0
D10131019499,-33.50103498,148.99223368,685061.8564269451,6291389.751803676,259.050481440835,near-field,D20171215,2017-12-15,0.880871,1
D10131019506,-33.50096779,148.99194793,685035.4514670738,6291397.712546036,286.44294622267535,near-field,D20171215,2017-12-15,0.6617122,0
D10131019509,-33.50094047,148.99183164,685024.705533325,6291400.949608747,297.5995736477783,near-field,D20171215,2017-12-15,0.91988707,1
D10131019526,-33.50077382,148.99112299,684959.2219914288,6291420.693921238,365.680266526327,near-field,D20171215,2017-12-15,0.3777497,0
D10131019527,-33.50076409,148.99108163,684955.4000775737,6291421.8466684,369.65749099031217,near-field,D20171215,2017-12-15,0.41364446,0
D10131019530,-33.50073488,148.99095741,684943.9213666646,6291425.307368021,381.6039790030192,near-field,D20171215,2017-12-15,0.3472057,0
D10131119441,-33.50171511,148.99456619,685277.1117330116,6291310.165321455,33.05387728108807,buffer,D20171215,2017-12-15,0.6852705,0
D10131119442,-33.5017068,148.9945308,685273.8415141908,6291311.150065184,36.02858881617927,buffer,D20171215,2017-12-15,0.880871,1
D10131119444,-33.50169022,148.99446017,685267.3149253308,6291313.114845529,42.11080682993215,buffer,D20171215,2017-12-15,0.92085314,1
D10131119445,-33.50168208,148.99442547,685264.1084472942,6291314.079501432,45.17536992935186,buffer,D20171215,2017-12-15,0.84728,1
D10131119447,-33.50166538,148.99435431,685257.5328705634,6291316.058528891,51.57093660010975,buffer,D20171215,2017-12-15,0.7559453,1
D10131119448,-33.501657,148.99431864,685254.2367837046,6291317.051528467,54.820289096745405,buffer,D20171215,2017-12-15,0.656956,0
D10131119455,-33.5015948,148.99405386,685229.7697538995,6291324.422005329,79.45010079753635,buffer,D20171215,2017-12-15,0.9968044,1
D10131119456,-33.50158575,148.99401534,685226.2103080763,6291325.494383505,83.07976912033324,buffer,D20171215,2017-12-15,0.94366825,1
D10131119458,-33.50156754,148.99393781,685219.0461248227,6291327.652209117,90.4066594309923,buffer,D20171215,2017-12-15,0.68958086,0
D10131119460,-33.50154943,148.99386074,685211.9244622665,6291329.798118498,97.71378513660189,buffer,D20171215,2017-12-15,0.92783886,1
D10131119461,-33.50154042,148.99382238,685208.3797925508,6291330.865768451,101.35766351440832,near-field,D20171215,2017-12-15,0.85790724,1
D10131119463,-33.50152199,148.99374397,685201.1343136509,6291333.049548388,108.81876725834593,near-field,D20171215,2017-12-15,0.92323124,1
D10131119467,-33.50148112,148.99357022,685185.0789933177,6291337.8920023665,125.39872655991469,near-field,D20171215,2017-12-15,0.5437723,0
D10131119477,-33.50138325,148.99315402,685146.6200252981,6291349.488176937,165.26884593434767,near-field,D20171215,2017-12-15,0.7801724,1
D10131119479,-33.50136319,148.99306873,685138.7387994489,6291351.864946438,173.4564512249536,near-field,D20171215,2017-12-15,0.6149673,0
D10131119481,-33.50134297,148.99298275,685130.7938056851,6291354.260683869,181.7142468418874,near-field,D20171215,2017-12-15,0.8285523,1
D10131119493,-33.50122163,148.99246693,685083.1293848826,6291368.637078082,231.31751108736864,near-field,D20171215,2017-12-15,0.26493758,0
D10131119494,-33.50121095,148.99242153,685078.9341857252,6291369.902433834,235.68703867413117,near-field,D20171215,2017-12-15,0.1405321,0
D10131119495,-33.50120022,148.99237594,685074.7214398559,6291371.173671424,240.07550592615922,near-field,D20171215,2017-12-15,0.2317182,0
D10131119496,-33.5011907,148.99233546,685070.9808673299,6291372.3016080465,243.97217222682795,near-field,D20171215,2017-12-15,0.34557074,0
D10131119497,-33.5011813,148.99229549,685067.287420676,6291373.415325969,247.82006033908843,near-field,D20171215,2017-12-15,0.5164239,0
D10131119501,-33.50114319,148.99213338,685052.3075311772,6291377.930717432,263.4287062701657,near-field,D20171215,2017-12-15,0.71692926,0
D10131119503,-33.50112393,148.99205148,685044.7395122863,6291380.212644919,271.3162447007174,near-field,D20171215,2017-12-15,0.42226517,0
D10131119524,-33.50092241,148.99119434,684965.5346741468,6291404.088769536,353.90868274022796,near-field,D20171215,2017-12-15,0.3657848,0
D10131119526,-33.50090351,148.99111394,684958.1052117026,6291406.328030544,361.6589079075182,near-field,D20171215,2017-12-15,0.62440544,0
D10131219431,-33.50193996,148.99496195,685313.4006876339,6291284.523609909,0.0,core,D20171215,2017-12-15,0.5714179,0
D10131219441,-33.50184,148.99453692,685274.1261584358,6291296.367854018,27.148079358813757,buffer,D20171215,2017-12-15,0.838585,1
D10131219445,-33.50180674,148.99439522,685261.0323335725,6291300.309286799,40.746545043484254,buffer,D20171215,2017-12-15,0.53715813,0
D10131219446,-33.50179855,148.99436033,685257.8083139084,6291301.279824848,44.10202578226945,buffer,D20171215,2017-12-15,0.5696344,0
D10131219447,-33.50179035,148.99432541,685254.5815277987,6291302.251524315,47.46212778511707,buffer,D20171215,2017-12-15,0.81651306,1
D10131219457,-33.5017022,148.99395013,685219.9037595408,6291312.697027128,83.62342091461176,buffer,D20171215,2017-12-15,0.7458383,0
D10131219472,-33.50155304,148.99331586,685161.2942256753,6291330.37040115,144.80935694868302,near-field,D20171215,2017-12-15,0.9578627,1
D10131219476,-33.50151397,148.99314973,685145.9430026978,6291334.999577561,160.83924092276166,near-field,D20171215,2017-12-15,0.78314507,1
D10131219481,-33.50146476,148.99294046,685126.6054022918,6291340.830189789,181.0325719709336,near-field,D20171215,2017-12-15,0.771849,1
D10131219484,-33.50143528,148.99281508,685115.0196427853,6291344.323112064,193.13132761172653,near-field,D20171215,2017-12-15,0.84415877,1
D10131219486,-33.50141566,148.99273168,685107.313070344,6291346.647689395,201.179628244943,near-field,D20171215,2017-12-15,0.47733355,0
D10131219490,-33.50137668,148.99256588,685091.9922676997,6291351.266208166,217.17921747408286,near-field,D20171215,2017-12-15,0.38629606,0
D10131219491,-33.50136685,148.99252409,685088.130657915,6291352.430866642,221.2121361744033,near-field,D20171215,2017-12-15,0.30573723,0
D10131219492,-33.50135692,148.99248185,685084.2274525086,6291353.607415879,225.28831538513805,near-field,D20171215,2017-12-15,0.6501189,0
D10131219493,-33.50134669,148.9924384,685080.212468738,6291354.819390732,229.48176989947615,near-field,D20171215,2017-12-15,0.37054104,0
D10131219494,-33.50133651,148.99239512,685076.2131716138,6291356.025515826,233.6585196008577,near-field,D20171215,2017-12-15,0.2385553,0
D10131219496,-33.50131751,148.9923143,685068.744959755,6291358.276703759,241.45781120516662,near-field,D20171215,2017-12-15,0.23327884,0
D10131219497,-33.50130832,148.99227519,685065.130970497,6291359.365598939,245.23188603955492,near-field,D20171215,2017-12-15,0.52705115,0
D10131219501,-33.50127159,148.9921189,685050.6888781206,6291363.717571328,260.3139919928857,near-field,D20171215,2017-12-15,0.9878864,1
D10131219523,-33.50106169,148.9912261,684968.1889842707,6291388.586633457,346.4749220899952,near-field,D20171215,2017-12-15,0.3029132,0
D10131219524,-33.50105219,148.99118567,684964.4529977418,6291389.712220841,350.37658566656563,near-field,D20171215,2017-12-15,0.3042509,0
D10131219525,-33.50104271,148.99114537,684960.7290456882,6291390.835357068,354.26603551860114,near-field,D20171215,2017-12-15,0.2796522,0
D10131319415,-33.50224848,148.99571256,685382.4784148495,6291248.969086735,0.0,core,D20171215,2017-12-15,0.76055294,1
D10131319418,-33.50220922,148.99554598,685367.0860062952,6291253.620500295,0.0,core,D20171215,2017-12-15,0.92323124,1
D10131319421,-33.5021694,148.99537709,685351.480167427,6291258.338117223,0.0,core,D20171215,2017-12-15,0.96967894,1
D10131319425,-33.50211649,148.9951526,685330.7366938128,6291264.60665736,0.0,core,D20171215,2017-12-15,0.8654132,1
D10131319431,-33.50206,148.99491228,685308.5301370667,6291271.300433412,0.0,core,D20171215,2017-12-15,0.8179251,1
D10131319434,-33.50203259,148.99479563,685297.7511658787,6291274.548434757,0.0843622841051469,buffer,D20171215,2017-12-15,0.92865634,1
D10131319437,-33.50200531,148.99467951,685287.0211508317,6291277.781060725,11.081058299726292,buffer,D20171215,2017-12-15,0.9464179,1
D10131319441,-33.50196891,148.99452461,685272.7076977363,6291282.094297773,25.750355914772772,buffer,D20171215,2017-12-15,0.6363704,0
D10131319446,-33.50192618,148.9943426,685255.8890579869,6291287.157892052,42.98667119696519,buffer,D20171215,2017-12-15,0.45332938,0
D10131319448,-33.5019086,148.99426777,685248.9744111963,6291289.241056012,50.07317200571673,buffer,D20171215,2017-12-15,0.7436831,0
D10131319450,-33.50189093,148.99419252,685242.0209332026,6291291.334945407,57.200984085334255,buffer,D20171215,2017-12-15,0.85887337,1
D10131319471,-33.50168588,148.99332051,685161.4432406367,6291315.630747274,140.77020079785132,near-field,D20171215,2017-12-15,0.854563,1
D10131319474,-33.50165569,148.99319213,685149.5803173422,6291319.207803158,153.1283166010671,near-field,D20171215,2017-12-15,0.48023188,0
D10131319475,-33.50164605,148.99315114,685145.7926460621,6291320.34998778,157.0751881705492,near-field,D20171215,2017-12-15,0.75118905,0
D10131319482,-33.50157777,148.99286077,685118.9610322034,6291328.440091871,185.04565363668175,near-field,D20171215,2017-12-15,0.5168698,0
D10131319490,-33.50150087,148.99253367,685088.7353008934,6291337.551567225,216.57061860077152,near-field,D20171215,2017-12-15,0.6325803,0
D10131319491,-33.50149165,148.99249445,685085.1111656099,6291338.643993473,220.3513705045258,near-field,D20171215,2017-12-15,0.7714774,1
D10131319493,-33.50147294,148.99241487,685077.7575549937,6291340.86081725,228.02327363590814,near-field,D20171215,2017-12-15,0.05625743,0
D10131319497,-33.50143582,148.99225692,685063.1621020017,6291345.259020474,243.25164705434327,near-field,D20171215,2017-12-15,0.38012782,0
D10131319501,-33.50139911,148.99210069,685048.7255623371,6291349.608665957,258.31583149478877,near-field,D20171215,2017-12-15,0.5489001,0
D10131319520,-33.50121995,148.99133854,684978.2985612021,6291370.835852888,331.8242070834823,near-field,D20171215,2017-12-15,0.78700954,1
D10131319522,-33.50120181,148.99126136,684971.1666678629,6291372.985103598,339.26921220695533,near-field,D20171215,2017-12-15,0.5050535,0
D10131319523,-33.50119202,148.99121972,684967.318888453,6291374.14500939,343.28607755551224,near-field,D20171215,2017-12-15,0.25148633,0
D10131419408,-33.5024488,148.99600381,685409.1097063926,6291226.234007146,0.0,core,D20171215,2017-12-15,0.979563,1
D10131419413,-33.50239269,148.99576548,685387.0873535019,6291232.882273886,0.0,core,D20171215,2017-12-15,0.67590666,0
D10131419418,-33.50232796,148.99549085,685361.7109034043,6291240.551267582,0.0,core,D20171215,2017-12-15,0.7305291,0
D10131419424,-33.50225069,148.99516297,685331.4139582455,6291249.705951773,0.0,core,D20171215,2017-12-15,0.7792806,1
D10131419427,-33.50222177,148.99503994,685320.0455025352,6291253.132829227,0.0,core,D20171215,2017-12-15,0.8059602,1
D10131419437,-33.50213211,148.9946583,685284.7803127267,6291263.75739011,11.926733645541988,buffer,D20171215,2017-12-15,0.8162158,1
D10131419438,-33.50212348,148.99462156,685281.3853706971,6291264.780034822,15.406038093478855,buffer,D20171215,2017-12-15,0.7171522,0
D10131419440,-33.50210634,148.99454855,685274.6388943606,6291266.811173742,22.320054502706896,buffer,D20171215,2017-12-15,0.9196641,1
D10131419441,-33.50209777,148.99451206,685271.2670488073,6291267.826714595,25.775674069355386,buffer,D20171215,2017-12-15,0.8326397,1
D10131419449,-33.50202689,148.99421031,685243.3839461785,6291276.225827647,54.35165610493878,buffer,D20171215,2017-12-15,0.9489447,1
D10131419459,-33.50193196,148.99380648,685206.0682610807,6291287.474133811,92.59539029469073,buffer,D20171215,2017-12-15,0.9125297,1
D10131419462,-33.50190156,148.99367723,685194.1250060168,6291291.07608806,104.83585654695277,near-field,D20171215,2017-12-15,0.94693816,1
D10131419464,-33.50188087,148.99358929,685185.9989810245,6291293.527493637,113.1641676090724,near-field,D20171215,2017-12-15,0.47844827,0
D10131419469,-33.50182912,148.99336931,685165.6718776968,6291299.6589812115,134.0023863180449,near-field,D20171215,2017-12-15,0.94456005,1
D10131419470,-33.50181877,148.99332531,685161.6060825961,6291300.885280579,138.17861507691202,near-field,D20171215,2017-12-15,0.940324,1
D10131419474,-33.50177841,148.99315373,685145.751320202,6291305.66724112,154.50072022698168,near-field,D20171215,2017-12-15,0.6866082,0
D10131419475,-33.50176898,148.99311364,685142.0468217349,6291306.784530291,158.32153828499943,near-field,D20171215,2017-12-15,0.48461652,0
D10131419485,-33.50167302,148.99270547,685104.3299050466,6291318.154399348,197.32942365397537,near-field,D20171215,2017-12-15,0.2660523,0
D10131419491,-33.50161765,148.99246985,685082.5573700725,6291324.71505354,219.90927291588434,near-field,D20171215,2017-12-15,0.55283886,0
D10131419516,-33.50138134,148.99146462,684989.6686749544,6291352.7136355825,316.50102397176653,near-field,D20171215,2017-12-15,0.57000595,0
D10131419519,-33.50135465,148.991351,684979.1694987154,6291355.876024295,327.43406726987877,near-field,D20171215,2017-12-15,0.2313466,0
D10131419522,-33.50132832,148.99123893,684968.8135544794,6291358.995715426,338.22008974622094,near-field,D20171215,2017-12-15,0.69998515,0
D10131419523,-33.50131928,148.99120045,684965.2577676423,6291360.066815138,341.9239635655477,near-field,D20171215,2017-12-15,0.35277942,0
D10131519401,-33.50263127,148.99621992,685428.7980935609,6291205.61264117,0.0,core,D20171215,2017-12-15,0.9528835,1
D10131519402,-33.50262298,148.9961846,685425.5343839391,6291206.595095685,0.0,core,D20171215,2017-12-15,0.94366825,1
D10131519410,-33.50255206,148.99588263,685397.6312149292,6291214.999498134,0.0,core,D20171215,2017-12-15,0.90353745,1
D10131519414,-33.50250635,148.9956885,685379.6930957974,6291220.415444996,0.0,core,D20171215,2017-12-15,0.94560045,1
D10131519427,-33.50234684,148.99501145,685317.1319587613,6291239.314017536,0.0,core,D20171215,2017-12-15,0.64811236,0
D10131519428,-33.50233775,148.99497279,685313.5596313576,6291240.391115786,0.0,core,D20171215,2017-12-15,0.8771552,1
D10131519429,-33.50232865,148.99493404,685309.9789630984,6291241.469482392,0.0,core,D20171215,2017-12-15,0.6886147,0
D10131519430,-33.50231952,148.99489518,685306.3881385145,6291242.55137098,0.0,core,D20171215,2017-12-15,0.9369798,1
D10131519439,-33.50223998,148.99455654,685275.096325116,6291251.9768278655,20.400619115166407,buffer,D20171215,2017-12-15,0.9169144,1
D10131519440,-33.50223159,148.99452082,685271.7956381778,6291252.971032822,23.783321579392545,buffer,D20171215,2017-12-15,0.96195006,1
D10131519444,-33.50219785,148.99437711,685258.5161566184,6291256.969284388,37.39260596502247,buffer,D20171215,2017-12-15,0.92285967,1
D10131519447,-33.50217127,148.99426395,685248.0596586708,6291260.118954744,48.108932349107185,buffer,D20171215,2017-12-15,0.9654429,1
D10131519462,-33.50202334,148.99363484,685189.9272636683,6291277.646905084,107.68755934993716,near-field,D20171215,2017-12-15,0.46417955,0
D10131519464,-33.50200263,148.99354686,685181.7975758248,6291280.100596929,116.01974104445624,near-field,D20171215,2017-12-15,0.65658444,0
D10131519465,-33.50199228,148.99350286,685177.7317907861,6291281.326903582,120.18671518364972,near-field,D20171215,2017-12-15,0.57216114,0
D10131519471,-33.50193018,148.99323889,685153.3398480357,6291288.684652968,145.18579711626262,near-field,D20171215,2017-12-15,0.43987814,0
D10131519478,-33.50186413,148.99295791,685127.3759623094,6291296.510729702,171.483473853761,near-field,D20171215,2017-12-15,0.33293697,0
D10131519483,-33.50181741,148.99275914,685109.0086373228,6291302.046443397,189.80239829322315,near-field,D20171215,2017-12-15,0.484022,0
D10131519484,-33.50180792,148.99271875,685105.2763930287,6291303.170907334,193.54507158617952,near-field,D20171215,2017-12-15,0.65130794,0
D10131519515,-33.50151568,148.99147554,684990.3972821578,6291337.796473086,310.6254996476919,near-field,D20171215,2017-12-15,0.81740487,1
D10131519516,-33.50150629,148.99143559,684986.7056785219,6291338.909015753,314.4240855598464,near-field,D20171215,2017-12-15,0.2540131,0
D10131519517,-33.50149696,148.99139591,684983.0390309992,6291340.014421826,318.1985211368268,near-field,D20171215,2017-12-15,0.26359987,0
D10131519519,-33.50147865,148.99131799,684975.8387732757,6291342.183848796,325.61363152387526,near-field,D20171215,2017-12-15,0.6152646,0
D10131519531,-33.50137301,148.99086831,684934.2856291904,6291354.700515197,368.48838661208964,near-field,D20171215,2017-12-15,0.30506837,0
D10131618942,-33.50715731,149.01492052,687156.42922766,6290670.110301262,1684.2656844358519,far-field,D20171215,2017-12-15,0.43764862,0
D10131618946,-33.50711842,149.01475497,687141.133331383,6290674.7217387175,1668.293050596181,far-field,D20171215,2017-12-15,0.82691735,1
D10131619386,-33.50288386,148.99673458,685476.073414464,6291176.68150597,0.0,core,D20171215,2017-12-15,0.9922711,1
D10131619390,-33.50284252,148.99655883,685459.8336635958,6291181.580132537,0.0,core,D20171215,2017-12-15,0.9777051,1
D10131619398,-33.50277625,148.9962765,685433.7453177157,6291189.433869248,0.0,core,D20171215,2017-12-15,0.9357164,1
D10131619403,-33.50273683,148.99610842,685418.2140103979,6291194.105794518,0.0,core,D20171215,2017-12-15,0.87403387,1
D10131619404,-33.50272897,148.99607492,685415.118473037,6291195.037307672,0.0,core,D20171215,2017-12-15,0.8367271,1
D10131619405,-33.50272111,148.9960414,685412.0210770393,6291195.968855548,0.0,core,D20171215,2017-12-15,0.9808264,1
D10131619412,-33.50265522,148.99576106,685386.1167304288,6291203.776762927,0.0,core,D20171215,2017-12-15,0.80046076,1
D10131619417,-33.50259307,148.99549727,685361.7419436048,6291211.140278911,0.0,core,D20171215,2017-12-15,0.7703627,1
D10131619423,-33.50251538,148.99516766,685331.285263304,6291220.344634315,0.0,core,D20171215,2017-12-15,0.6647592,0
D10131619427,-33.50247438,148.99499334,685315.1775081367,6291225.202751428,0.0,core,D20171215,2017-12-15,0.74011594,0
D10131619436,-33.50239121,148.99463942,685282.4739095614,6291235.058080422,11.209077981131975,buffer,D20171215,2017-12-15,0.6237366,0
D10131619444,-33.50232402,148.99435322,685256.0277199973,6291243.020258654,36.945974882404606,buffer,D20171215,2017-12-15,0.94604635,1
D10131619449,-33.5022771,148.99415358,685237.5801564773,6291248.579958007,54.90226658740134,buffer,D20171215,2017-12-15,0.8407402,1
D10131619471,-33.50205202,148.99319677,685149.1671209496,6291275.248319134,141.52666560802984,near-field,D20171215,2017-12-15,0.47012484,0
D10131619474,-33.50202416,148.99307826,685138.216257499,6291278.5493620485,152.5439128283195,near-field,D20171215,2017-12-15,0.4054697,0
D10131619476,-33.50200553,148.99299897,685130.8894756038,6291280.756839907,159.94748483775678,near-field,D20171215,2017-12-15,0.3375446,0
D10131619516,-33.50163338,148.9914156,684984.578002137,6291324.850960063,310.33224745507516,near-field,D20171215,2017-12-15,0.2030321,0
D10131619517,-33.50162382,148.99137495,684980.8217308398,6291325.983601053,314.22417001712415,near-field,D20171215,2017-12-15,0.32624853,0
D10131718936,-33.50733218,149.01510438,687173.1332147641,6290650.386142047,1705.7256650899071,far-field,D20171215,2017-12-15,0.7508175,0
D10131718940,-33.50729293,149.01493732,687157.6978529192,6290655.0402549775,1689.6050191709057,far-field,D20171215,2017-12-15,0.9032402,1
D10131718941,-33.50728321,149.01489595,687153.8755067048,6290656.1928086635,1685.6129673417793,far-field,D20171215,2017-12-15,0.40212545,0
D10131718942,-33.50727359,149.01485496,687150.0882463674,6290657.3335855715,1681.657892468282,far-field,D20171215,2017-12-15,0.6071641,0
D10131718944,-33.50725442,149.01477338,687142.550732598,6290659.60665041,1673.7856562065685,far-field,D20171215,2017-12-15,0.37849286,0
D10131718951,-33.50718717,149.01448705,687116.0954225799,6290667.580961663,1646.1566081066987,far-field,D20171215,2017-12-15,0.258695,0
D10131718954,-33.50715873,149.014366,687104.9110791085,6290670.953202402,1634.4757961517612,far-field,D20171215,2017-12-15,0.56309456,0
D10131718957,-33.50713024,149.01424467,687093.7008241074,6290674.331479639,1622.7684267521452,far-field,D20171215,2017-12-15,0.5160523,0
D10131718963,-33.50707361,149.01400357,687071.4244639069,6290681.046366887,1599.5037766021596,far-field,D20171215,2017-12-15,0.5349287,0
D10131718972,-33.50699666,149.01367557,687041.1187634955,6290690.171308318,1567.8564895104314,far-field,D20171215,2017-12-15,0.16542806,0
D10131718977,-33.50695523,149.01349894,687024.7989201993,6290695.084212288,1550.8144927225194,far-field,D20171215,2017-12-15,0.8156956,1
D10131718981,-33.50691999,149.01334879,687010.9257472204,6290699.262901437,1536.3268111616974,far-field,D20171215,2017-12-15,0.57193816,0
D10131719384,-33.50302298,148.99676609,685478.703936,6291161.197375992,0.0,core,D20171215,2017-12-15,0.9396552,1
D10131719387,-33.5029936,148.9966411,685467.1545175093,6291164.678950403,0.0,core,D20171215,2017-12-15,0.77400416,1
D10131719393,-33.50293897,148.99640858,685445.6689570448,6291171.152846951,0.0,core,D20171215,2017-12-15,0.92323124,1
D10131719401,-33.50287276,148.99612649,685419.6028000272,6291178.999463499,0.0,core,D20171215,2017-12-15,0.9578627,1
D10131719405,-33.50284134,148.99599252,685407.2234120878,6291182.723241191,0.0,core,D20171215,2017-12-15,0.98194116,1
D10131719406,-33.50283261,148.99595533,685403.7869158024,6291183.757824728,0.0,core,D20171215,2017-12-15,0.70318073,0
D10131719414,-33.50275432,148.99562236,685373.0194759967,6291193.034860026,0.0,core,D20171215,2017-12-15,0.8703924,1
D10131719418,-33.50270659,148.99541974,685354.2969352098,6291198.68994042,0.0,core,D20171215,2017-12-15,0.4589031,0
D10131719419,-33.50269438,148.99536789,685349.5058676159,6291200.136613224,0.0,core,D20171215,2017-12-15,0.6226962,0
D10131719422,-33.50265766,148.99521205,685335.1059065588,6291204.487115638,0.0,core,D20171215,2017-12-15,0.66357017,0
D10131719423,-33.50264538,148.99515992,685330.2889696835,6291205.942041536,0.0,core,D20171215,2017-12-15,0.9024227,1
D10131719431,-33.50256304,148.9948099,685297.9460093715,6291215.698416391,0.0,core,D20171215,2017-12-15,0.7380351,0
D10131719436,-33.50251868,148.99462105,685280.4955043712,6291220.955036502,4.079236313264107,buffer,D20171215,2017-12-15,0.7167063,0
D10131719441,-33.50247519,148.99443585,685263.3822304758,6291226.108626928,20.734317923655073,buffer,D20171215,2017-12-15,0.5069114,0
D10131719443,-33.5024582,148.99436349,685256.6958473162,6291228.1219593305,27.24152911415156,buffer,D20171215,2017-12-15,0.79503566,1
D10131719449,-33.50240078,148.99411925,685234.1271306749,6291234.925698679,49.2104647863711,buffer,D20171215,2017-12-15,0.9639566,1
D10131719468,-33.50220774,148.99329855,685158.2912833026,6291257.798026413,124.75180089826519,near-field,D20171215,2017-12-15,0.48104936,0
D10131719470,-33.50218649,148.99320826,685149.9481456404,6291260.315698219,133.2964223693605,near-field,D20171215,2017-12-15,0.44381687,0
D10131719471,-33.50217657,148.9931661,685146.0523954851,6291261.4910228625,137.29344949000122,near-field,D20171215,2017-12-15,0.5690398,0
D10131719474,-33.50214769,148.99304324,685134.6995822316,6291264.912939062,148.96227019563196,near-field,D20171215,2017-12-15,0.2540874,0
D10131719480,-33.50209234,148.99280773,685112.9373636611,6291271.471254293,171.40209379820809,near-field,D20171215,2017-12-15,0.3891201,0
D10131719507,-33.50184393,148.9917507,685015.2625160598,6291300.904371845,272.7056905536124,near-field,D20171215,2017-12-15,0.81175685,1
D10131719511,-33.50180787,148.99159722,685001.0801340325,6291305.176961947,287.4476269489998,near-field,D20171215,2017-12-15,0.9739893,1
D10131719513,-33.50178945,148.99151884,684993.8374037249,6291307.359422562,294.9763082074795,near-field,D20171215,2017-12-15,0.20912604,0
D10131719516,-33.50176161,148.9914004,684982.8929217722,6291310.657942296,306.35312062043033,near-field,D20171215,2017-12-15,0.3016498,0
D10131818926,-33.50754493,149.01544951,687204.7375026046,6290626.170160726,1742.8683416992048,far-field,D20171215,2017-12-15,0.79823124,1
D10131818929,-33.5075156,149.01532465,687193.2012011805,6290629.648081301,1730.8192525983413,far-field,D20171215,2017-12-15,0.6178656,0
D10131818930,-33.50750585,149.01528317,687189.3687142495,6290630.804175127,1726.8162151635568,far-field,D20171215,2017-12-15,0.5301724,0
D10131818933,-33.50747662,149.01515875,687177.8730633765,6290634.270193204,1714.809484157968,far-field,D20171215,2017-12-15,0.25646552,0
D10131818937,-33.50743808,149.01499468,687162.7139716153,6290638.840183783,1698.976608022256,far-field,D20171215,2017-12-15,0.64164686,0
D10131818940,-33.50740873,149.01486974,687151.170253797,6290642.320414937,1686.9197551367813,far-field,D20171215,2017-12-15,0.38153982,0
D10131818941,-33.5073994,149.01483001,687147.4994283105,6290643.426757851,1683.0858554629904,far-field,D20171215,2017-12-15,0.46232164,0
D10131818946,-33.50735246,149.01463015,687129.0335047974,6290648.992793617,1663.7994171361026,far-field,D20171215,2017-12-15,0.537827,0
D10131818947,-33.50734278,149.01458893,687125.2250072225,6290650.14062946,1659.821729958381,far-field,D20171215,2017-12-15,0.431629,0
D10131818952,-33.50729541,149.01438723,687106.5890499799,6290655.757625723,1640.3577890098215,far-field,D20171215,2017-12-15,0.3553805,0
D10131818960,-33.50722096,149.01407021,687077.2981197308,6290664.585640076,1609.7656179113192,far-field,D20171215,2017-12-15,0.77534187,1
D10131818962,-33.50720275,149.01399264,687070.1310500242,6290666.744954872,1602.2803749220413,far-field,D20171215,2017-12-15,0.25386444,0
D10131818963,-33.50719377,149.01395438,687066.5960176315,6290667.809801407,1598.5884656829348,far-field,D20171215,2017-12-15,0.2563912,0
D10131818966,-33.50716668,149.01383895,687055.9308539054,6290671.022139592,1587.450090538678,far-field,D20171215,2017-12-15,0.19218193,0
D10131818969,-33.50714022,149.01372624,687045.5170165525,6290674.15969637,1576.5739322530512,far-field,D20171215,2017-12-15,0.32996434,0
D10131818970,-33.50713212,149.01369171,687042.3266033069,6290675.120219197,1573.2420831045674,far-field,D20171215,2017-12-15,0.04525862,0
D10131818971,-33.50712407,149.01365735,687039.1518749255,6290676.0748896,1569.9269364643005,far-field,D20171215,2017-12-15,0.92085314,1
D10131818972,-33.50711606,149.01362316,687035.9928529394,6290677.024816555,1566.6281967886305,far-field,D20171215,2017-12-15,0.9457491,1
D10131818975,-33.50709236,149.01352208,687026.653494896,6290679.835308813,1556.8751720950613,far-field,D20171215,2017-12-15,0.8140606,1
D10131818980,-33.50704833,149.01333448,687009.3201416002,6290685.056296075,1538.7726910999475,far-field,D20171215,2017-12-15,0.22242865,0
D10131818981,-33.50703935,149.01329624,687005.7869550507,6290686.121083638,1535.082569702556,far-field,D20171215,2017-12-15,0.42003566,0
D10131818990,-33.50695546,149.01293902,686972.7815693,6290696.068103531,1500.6111006696049,far-field,D20171215,2017-12-15,0.9309602,1
D10131818992,-33.50693619,149.01285696,686965.1996144992,6290698.352981222,1492.6924002506182,far-field,D20171215,2017-12-15,0.30818966,0
D10131818993,-33.50692665,149.01281637,686961.4493077195,6290699.484089591,1488.7752634244869,far-field,D20171215,2017-12-15,0.84623957,1
D10131818998,-33.5068797,149.01261647,686942.9794951575,6290705.05094015,1469.4848958074194,far-field,D20171215,2017-12-15,0.99814206,1
D10131819002,-33.50684179,149.01245507,686928.0668911763,6290709.545875095,1453.909707648158,far-field,D20171215,2017-12-15,0.9502824,1
D10131819370,-33.50330219,148.99739248,685536.3022402944,6291129.114117561,0.6352120096584344,buffer,D20171215,2017-12-15,0.9794144,1
D10131819379,-33.50319568,148.99694019,685494.5099876537,6291141.734420721,0.0,core,D20171215,2017-12-15,0.89707196,1
D10131819380,-33.50318492,148.99689447,685490.2853736149,6291143.009406334,0.0,core,D20171215,2017-12-15,0.64744353,0
D10131819381,-33.50317407,148.99684837,685486.0256470486,6291144.295050081,0.0,core,D20171215,2017-12-15,0.70459276,0
D10131819386,-33.50312304,148.99663142,685465.9789798931,6291150.3419317035,0.0,core,D20171215,2017-12-15,0.89298457,1
D10131819387,-33.50311309,148.9965891,685462.068504988,6291151.521000737,0.0,core,D20171215,2017-12-15,0.72881985,0
D10131819391,-33.50307733,148.99643688,685448.0029234994,6291155.758746069,0.0,core,D20171215,2017-12-15,0.7938466,1
D10131819392,-33.50306882,148.99640061,685444.6514430385,6291156.7673032,0.0,core,D20171215,2017-12-15,0.88354635,1
D10131819393,-33.50306028,148.99636425,685441.2916645699,6291157.779346878,0.0,core,D20171215,2017-12-15,0.9552616,1
D10131819395,-33.50304329,148.99629188,685434.6044301965,6291159.79282441,0.0,core,D20171215,2017-12-15,0.86147445,1
D10131819398,-33.50301863,148.9961868,685424.8946563577,6291162.715331795,0.0,core,D20171215,2017-12-15,0.90115935,1
D10131819405,-33.50296141,148.99594296,685402.3629252758,6291169.496583337,0.0,core,D20171215,2017-12-15,0.7147741,0
D10131819414,-33.50287726,148.99558488,685369.2751980531,6291179.468331832,0.0,core,D20171215,2017-12-15,0.9438169,1
D10131819417,-33.50284395,148.9954434,685356.2021120617,6291183.415054813,0.0,core,D20171215,2017-12-15,0.85708976,1
D10131819424,-33.50276136,148.9950927,685323.7966077784,6291193.200459978,0.0,core,D20171215,2017-12-15,0.8648187,1
D10131819436,-33.50264618,148.99460275,685278.5235426547,6291206.848540266,0.0,core,D20171215,2017-12-15,0.7769025,1
D10131819446,-33.50255456,148.99421287,685242.4971320371,6291217.705023954,32.01009327321862,buffer,D20171215,2017-12-15,0.701843,0
D10131819447,-33.50254446,148.99416992,685238.5283972559,6291218.901759084,35.918105471302475,buffer,D20171215,2017-12-15,0.6228448,0
D10131819448,-33.50253453,148.9941277,685234.6271197872,6291220.078336872,39.80659807692271,buffer,D20171215,2017-12-15,0.71105826,0
D10131819449,-33.5025246,148.99408548,685230.7258414503,6291221.254913039,43.72903832161909,buffer,D20171215,2017-12-15,0.72473246,0
D10131819450,-33.50251468,148.99404327,685226.8254699885,6291222.430360774,47.675694313546565,buffer,D20171215,2017-12-15,0.33152497,0
D10131819457,-33.50244611,148.99375165,685199.8786756538,6291230.555097513,75.31427131548287,buffer,D20171215,2017-12-15,0.80350775,1
D10131819461,-33.50240615,148.99358176,685184.1802037541,6291235.289752457,91.55867110940476,buffer,D20171215,2017-12-15,0.988258,1
D10131819466,-33.50235402,148.99336018,685163.7053868129,6291241.466238031,112.81234349436696,near-field,D20171215,2017-12-15,0.476739,0
D10131819468,-33.50233276,148.99326986,685155.3594988906,6291243.9850777555,121.48860899228256,near-field,D20171215,2017-12-15,0.5890309,0
D10131819469,-33.50232213,148.9932247,685151.1865534477,6291245.244494837,125.82705891047972,near-field,D20171215,2017-12-15,0.7928805,1
D10131819472,-33.50229198,148.99309651,685139.3412825785,6291248.816767193,138.14110500446688,near-field,D20171215,2017-12-15,0.89439654,1
D10131819507,-33.50196854,148.99172026,685012.1692194697,6291287.139976925,270.3349348926437,near-field,D20171215,2017-12-15,0.28596908,0
D10131819509,-33.50195057,148.99164379,685005.1029964483,6291289.269137625,277.6800973018634,near-field,D20171215,2017-12-15,0.29860285,0
D10131819513,-33.50191482,148.9914916,684991.039816579,6291293.505035578,292.29783155631844,near-field,D20171215,2017-12-15,0.37656063,0
D10131918917,-33.50775027,149.01576302,687233.4201109726,6290602.832884857,1777.0756432027088,far-field,D20171215,2017-12-15,0.5227408,0
D10131918918,-33.50773937,149.01571665,687229.1358369564,6290604.125352519,1772.6007042481021,far-field,D20171215,2017-12-15,0.8773781,1
D10131918923,-33.50768887,149.01550178,687209.2832718301,6290610.11343113,1751.8649239603424,far-field,D20171215,2017-12-15,0.60188764,0
D10131918924,-33.50767892,149.01545944,687205.3713314303,6290611.293263157,1747.778981122576,far-field,D20171215,2017-12-15,0.5705262,0
D10131918925,-33.50766903,149.01541733,687201.4806278562,6290612.466024689,1743.7154150261301,far-field,D20171215,2017-12-15,0.57602555,0
D10131918928,-33.50763941,149.01529127,687189.8334872365,6290615.978267549,1731.5503621763928,far-field,D20171215,2017-12-15,0.51739,0
D10131918930,-33.50761993,149.01520836,687182.1731249465,6290618.288143303,1723.549408752981,far-field,D20171215,2017-12-15,0.63532996,0
D10131918932,-33.50760071,149.01512653,687174.6125311361,6290620.567230961,1715.652867001857,far-field,D20171215,2017-12-15,0.40413198,0
D10131918942,-33.50750731,149.0147288,687137.8646163238,6290631.64255527,1677.2727139103372,far-field,D20171215,2017-12-15,0.5336653,0
D10131918944,-33.50748885,149.01465015,687130.5977887891,6290633.831589279,1669.683436644469,far-field,D20171215,2017-12-15,0.8454964,1
D10131918946,-33.50747015,149.01457053,687123.241362095,6290636.048982588,1662.000183807641,far-field,D20171215,2017-12-15,0.39246434,0
D10131918947,-33.50746068,149.01453019,687119.5141690044,6290637.171940703,1658.1075492743582,far-field,D20171215,2017-12-15,0.44604638,0
D10131918952,-33.50741334,149.01432864,687100.8921052329,6290642.785329545,1638.6580812406385,far-field,D20171215,2017-12-15,0.7008026,0
D10131918953,-33.50740426,149.01428997,687097.3192108017,6290643.862017073,1634.9265318066546,far-field,D20171215,2017-12-15,0.95607907,1
D10131918954,-33.50739529,149.01425175,687093.7878838368,6290644.925693005,1631.238538293265,far-field,D20171215,2017-12-15,0.55127823,0
D10131918955,-33.50738626,149.0142133,687090.2353183336,6290645.996436218,1627.5281675997187,far-field,D20171215,2017-12-15,0.94188464,1
D10131918956,-33.50737718,149.01417462,687086.6614927462,6290647.073137722,1623.7957246001763,far-field,D20171215,2017-12-15,0.68913496,0
D10131918959,-33.50734986,149.01405825,687075.9095268373,6290650.312700918,1612.5664745295012,far-field,D20171215,2017-12-15,0.82260704,1
D10131918961,-33.50733216,149.01398284,687068.9420341068,6290652.411562717,1605.2898225909378,far-field,D20171215,2017-12-15,0.6898781,0
D10131918966,-33.50728798,149.01379461,687051.5505451197,6290657.650399877,1587.1266810852428,far-field,D20171215,2017-12-15,0.44738406,0
D10131918967,-33.50727913,149.01375688,687048.0644717903,6290658.699867457,1583.486121516141,far-field,D20171215,2017-12-15,0.3877081,0
D10131918969,-33.50726221,149.01368477,687041.4018597964,6290660.706259126,1576.5280667690092,far-field,D20171215,2017-12-15,0.3936534,0
D10131918970,-33.50725382,149.013649,687038.0968787441,6290661.701176563,1573.0766350593585,far-field,D20171215,2017-12-15,0.28990784,0
D10131918971,-33.50724548,149.01361343,687034.8103694987,6290662.690187408,1569.6445955091938,far-field,D20171215,2017-12-15,0.51337695,0
D10131918972,-33.50723718,149.01357803,687031.5395665843,6290663.674454732,1566.228963025695,far-field,D20171215,2017-12-15,0.83925384,1
D10131918974,-33.50722069,149.01350775,687025.0460303134,6290665.6298498195,1559.4475074527588,far-field,D20171215,2017-12-15,0.49353448,0
D10131918976,-33.50720343,149.01343419,687018.2494360264,6290667.676544096,1552.3495458584446,far-field,D20171215,2017-12-15,0.44418848,0
D10131918978,-33.50718564,149.01335838,687011.2449541402,6290669.786064868,1545.034413950923,far-field,D20171215,2017-12-15,0.4365339,0
D10131918980,-33.50716773,149.01328209,687004.1961355865,6290671.909753294,1537.6727407388194,far-field,D20171215,2017-12-15,0.24992569,0
D10131918981,-33.50715874,149.01324377,687000.6555430243,6290672.975792367,1533.975203022164,far-field,D20171215,2017-12-15,0.050386444,0
D10131918982,-33.50714988,149.01320603,686997.168552171,6290674.026368024,1530.3334448381545,far-field,D20171215,2017-12-15,0.6195006,0
D10131918983,-33.50714076,149.0131672,686993.5808587888,6290675.107740321,1526.5863806592376,far-field,D20171215,2017-12-15,0.51768726,0
D10131918985,-33.50712252,149.0130895,686986.4017538235,6290677.270552905,1519.0886791056093,far-field,D20171215,2017-12-15,0.6879459,0
D10131918986,-33.5071134,149.01305064,686982.8112712405,6290678.351975165,1515.3389350428104,far-field,D20171215,2017-12-15,0.2667955,0
D10131918987,-33.50710427,149.01301177,686979.2198804445,6290679.434523035,1511.5879923820187,far-field,D20171215,2017-12-15,0.40086207,0
D10131918988,-33.50709513,149.01297283,686975.6220074111,6290680.518304668,1507.8304914379703,far-field,D20171215,2017-12-15,0.75163496,0
D10131918989,-33.50708585,149.01293334,686971.9733396716,6290681.618601749,1504.0195854873054,far-field,D20171215,2017-12-15,0.85775864,1
D10131918991,-33.50706573,149.01284772,686964.062499819,6290684.004157644,1495.7570046337632,far-field,D20171215,2017-12-15,0.24866231,0
D10131918993,-33.50704581,149.01276294,686956.229262463,6290686.3660136815,1487.575565790634,far-field,D20171215,2017-12-15,0.08888228,0
D10131918995,-33.50702618,149.01267942,686948.5124522698,6290688.693432456,1479.5155345998,far-field,D20171215,2017-12-15,0.49204814,0
D10131918996,-33.50701654,149.01263839,686944.7214867403,6290689.8364170175,1475.556071698507,far-field,D20171215,2017-12-15,0.70652497,0
D10131918997,-33.50700707,149.01259804,686940.9933269755,6290690.959322224,1471.6625425638072,far-field,D20171215,2017-12-15,0.5940101,0
D10131919000,-33.50697864,149.01247702,686929.8116730074,6290694.330192806,1459.9840240154026,far-field,D20171215,2017-12-15,0.4548157,0
D10131919001,-33.50696917,149.01243668,686926.0844391024,6290695.453074066,1456.0913882370571,far-field,D20171215,2017-12-15,0.45778835,0
D10131919003,-33.50695032,149.01235643,686918.6697225573,6290697.688076642,1448.3472754998984,far-field,D20171215,2017-12-15,0.86206895,1
D10131919009,-33.50689421,149.01211755,686896.5983319269,6290704.3408856485,1425.2954158360265,far-field,D20171215,2017-12-15,0.47391498,0
D10131919010,-33.50688491,149.01207794,686892.9385428008,6290705.44358612,1421.473180404478,far-field,D20171215,2017-12-15,0.88035077,1
D10131919012,-33.50686668,149.01200028,686885.7630914354,6290707.605140654,1413.9793586281053,far-field,D20171215,2017-12-15,0.1614893,0
D10131919015,-33.50683934,149.01188383,686875.0036141996,6290710.846835623,1402.74235209567,far-field,D20171215,2017-12-15,0.7632283,1
D10131919016,-33.50683006,149.01184433,686871.353996657,6290711.947111582,1398.9305535321623,far-field,D20171215,2017-12-15,0.8817628,1
D10131919024,-33.50676267,149.01155709,686844.8141243242,6290719.937826468,1371.2143944887014,far-field,D20171215,2017-12-15,0.93935794,1
D10131919026,-33.50674509,149.01148215,686837.8899457662,6290722.022362534,1363.9833942604016,far-field,D20171215,2017-12-15,0.8934304,1
D10131919027,-33.50673615,149.01144408,686834.3724375507,6290723.082343748,1360.309717042049,far-field,D20171215,2017-12-15,0.8331599,1
D10131919361,-33.50352551,148.99778146,685571.9632262447,6291103.653162562,42.5761319164144,buffer,D20171215,2017-12-15,0.88399225,1
D10131919365,-33.503484,148.99760499,685555.6571119521,6291108.572098739,26.082901364854862,buffer,D20171215,2017-12-15,0.7708829,1
D10131919366,-33.50347174,148.99755293,685550.8467109986,6291110.024795444,21.3782536226446,buffer,D20171215,2017-12-15,0.7335761,0
D10131919368,-33.50344684,148.99744724,685541.0808572537,6291112.975129763,12.606856365664193,buffer,D20171215,2017-12-15,0.96737516,1
D10131919371,-33.50340923,148.99728763,685526.3327497466,6291117.431367544,0.7502974228313788,buffer,D20171215,2017-12-15,0.92479193,1
D10131919372,-33.50339747,148.99723769,685521.7182298591,6291118.824810157,0.0,core,D20171215,2017-12-15,0.8024673,1
D10131919373,-33.5033851,148.99718518,685516.8662476477,6291120.290492706,0.0,core,D20171215,2017-12-15,0.7992717,1
D10131919376,-33.50334994,148.99703585,685503.067943746,6291124.4566161055,0.0,core,D20171215,2017-12-15,0.931629,1
D10131919378,-33.50332839,148.99694429,685494.607647492,6291127.010135191,0.0,core,D20171215,2017-12-15,0.7884215,1
D10131919379,-33.50331761,148.9968985,685490.3765794717,6291128.287464231,0.0,core,D20171215,2017-12-15,0.68415576,0
D10131919380,-33.50330679,148.99685251,685486.1270149965,6291129.569584782,0.0,core,D20171215,2017-12-15,0.6617122,0
D10131919383,-33.503275,148.99671738,685473.640733182,6291133.33655733,0.0,core,D20171215,2017-12-15,0.729786,0
D10131919386,-33.50324356,148.99658377,685461.2949098927,6291137.061982444,0.0,core,D20171215,2017-12-15,0.963585,1
D10131919388,-33.50322432,148.9965019,685453.7299054561,6291139.341972638,0.0,core,D20171215,2017-12-15,0.9862515,1
D10131919392,-33.50319054,148.99635802,685440.4349353111,6291143.345225243,0.0,core,D20171215,2017-12-15,0.86667657,1
D10131919394,-33.50317372,148.99628636,685433.813310303,6291145.338581299,0.0,core,D20171215,2017-12-15,0.86578476,1
D10131919395,-33.50316532,148.99625057,685430.5061917007,6291146.334077124,0.0,core,D20171215,2017-12-15,0.79681927,1
D10131919398,-33.50314139,148.99614859,685421.0828763929,6291149.170086442,0.0,core,D20171215,2017-12-15,0.8088585,1
D10131919401,-33.50311684,148.99604397,685411.4156115549,6291152.079559896,0.0,core,D20171215,2017-12-15,0.7640458,1
D10131919405,-33.5030828,148.99589897,685398.017111417,6291156.113586973,0.0,core,D20171215,2017-12-15,0.8532996,1
D10131919407,-33.50306488,148.99582267,685390.9667410431,6291158.23719015,0.0,core,D20171215,2017-12-15,0.33048454,0
D10131919409,-33.50304708,148.99574688,685383.9634930916,6291160.346569196,0.0,core,D20171215,2017-12-15,0.8070006,1
D10131919414,-33.50299954,148.99554465,685365.2768498377,6291165.979907155,0.0,core,D20171215,2017-12-15,0.7897592,1
D10131919415,-33.50298965,148.99550258,685361.3894568462,6291167.151834086,0.0,core,D20171215,2017-12-15,0.79436684,1
D10131919422,-33.50290997,148.99516416,685330.1186739625,6291176.592615876,0.0,core,D20171215,2017-12-15,0.7204964,0
D10131919432,-33.50280897,148.99473475,685290.4399065134,6291188.560104381,0.0,core,D20171215,2017-12-15,0.96128124,1
D10131919436,-33.5027724,148.99457913,685276.0600613607,6291192.893491026,0.0,core,D20171215,2017-12-15,0.79942036,1
D10131919439,-33.50274534,148.99446391,685265.4132788028,6291196.100092637,1.4937818409828025,buffer,D20171215,2017-12-15,0.9895214,1
D10131919440,-33.50273626,148.99442526,685261.8418709666,6291197.176045429,5.206107709288261,buffer,D20171215,2017-12-15,0.95548457,1
D10131919442,-33.50271811,148.99434802,685254.7046060835,6291199.326730838,12.625161483594471,buffer,D20171215,2017-12-15,0.87529725,1
D10131919443,-33.50270881,148.99430846,685251.0491217864,6291200.428701542,16.425142873667944,buffer,D20171215,2017-12-15,0.7664982,1
D10131919444,-33.5026989,148.99426632,685247.1552429168,6291201.602924061,20.473089073525102,buffer,D20171215,2017-12-15,0.83546376,1
D10131919446,-33.50267889,148.99418123,685239.2926347781,6291203.9738807045,28.646770645594618,buffer,D20171215,2017-12-15,0.50527644,0
D10131919448,-33.50265871,148.99409543,685231.3644231136,6291206.364950698,36.88877696316702,buffer,D20171215,2017-12-15,0.8463139,1
D10131919450,-33.50263889,148.99401115,685223.5766558249,6291208.7133777775,44.98467136988967,buffer,D20171215,2017-12-15,0.5432521,0
D10131919451,-33.50262941,148.99397081,685219.8490829996,6291209.836690146,48.85944265698124,buffer,D20171215,2017-12-15,0.8000892,1
D10131919456,-33.50258155,148.99376726,685201.0403134524,6291215.507544313,68.41201374649769,buffer,D20171215,2017-12-15,0.40108502,0
D10131919457,-33.50257188,148.99372612,685197.238816907,6291216.653345998,72.36370860715556,buffer,D20171215,2017-12-15,0.62143284,0
D10131919465,-33.50249195,148.99338624,685165.8326342572,6291226.123910526,105.01246525858355,near-field,D20171215,2017-12-15,0.13934304,0
D10131919467,-33.50247059,148.9932955,685157.4479533655,6291228.654591905,113.72974684875464,near-field,D20171215,2017-12-15,0.2988258,0
D10131919468,-33.50245992,148.99325015,685153.2574482185,6291229.918785136,118.08625394267578,near-field,D20171215,2017-12-15,0.39001188,0
D10131919505,-33.50211113,148.99176636,685016.1486226281,6291271.245183133,260.6125555773225,near-field,D20171215,2017-12-15,0.611846,0
D10131919506,-33.50210205,148.99172772,685012.5780933867,6291272.3210232295,264.32402595879927,near-field,D20171215,2017-12-15,0.26426873,0
D10131919509,-33.50207518,148.99161335,685002.0097169108,6291275.5047400175,275.30932484652027,near-field,D20171215,2017-12-15,0.48127228,0
D10131919525,-33.50193175,148.99100286,684945.5971968214,6291292.498960053,333.9473124522549,near-field,D20171215,2017-12-15,0.4968787,0
D10131919527,-33.50191409,148.99092771,684938.6529336909,6291294.591340489,341.1656884786143,near-field,D20171215,2017-12-15,0.7638971,1
D10132018916,-33.50787675,149.01574086,687231.0889256168,6290588.846737279,1779.0014047700868,far-field,D20171215,2017-12-15,0.4858799,0
D10132018920,-33.50783511,149.01556373,687214.723336824,6290593.784165999,1761.908546412123,far-field,D20171215,2017-12-15,0.6012931,0
D10132018922,-33.50781463,149.0154766,687206.6731152202,6290596.212575069,1753.5006836531338,far-field,D20171215,2017-12-15,0.4466409,0
D10132018923,-33.50780447,149.01543337,687202.6789520748,6290597.4173007235,1749.329120275,far-field,D20171215,2017-12-15,0.50445896,0
D10132018924,-33.50779463,149.0153915,687198.8104421822,6290598.584083486,1745.2888055169742,far-field,D20171215,2017-12-15,0.61519027,0
D10132018925,-33.507785,149.01535047,687195.0195147658,6290599.726060525,1741.329943262915,far-field,D20171215,2017-12-15,0.8317479,1
D10132018926,-33.50777532,149.01530929,687191.2147593007,6290600.873851534,1737.3561459020802,far-field,D20171215,2017-12-15,0.31963438,0
D10132018927,-33.50776562,149.01526797,687187.3970401371,6290602.024111569,1733.3692442201148,far-field,D20171215,2017-12-15,0.6477408,0
D10132018928,-33.50775588,149.01522652,687183.567329355,6290603.1790404925,1729.3695032941405,far-field,D20171215,2017-12-15,0.24219678,0
D10132018932,-33.50771766,149.01506382,687168.5348731652,6290607.711083677,1713.6700495807645,far-field,D20171215,2017-12-15,0.33003864,0
D10132018936,-33.50767981,149.01490263,687153.6418859335,6290612.19934673,1698.1167989305327,far-field,D20171215,2017-12-15,0.5209572,0
D10132018954,-33.5075151,149.01420111,687088.8254687546,6290631.7305664215,1630.4278279577268,far-field,D20171215,2017-12-15,0.8070006,1
D10132018955,-33.50750641,149.01416405,687085.4013067044,6290632.761096312,1626.8523126950686,far-field,D20171215,2017-12-15,0.91721165,1
D10132018957,-33.50748886,149.01408929,687078.4938906247,6290634.84215895,1619.6389134620892,far-field,D20171215,2017-12-15,0.49241975,0
D10132018959,-33.5074712,149.01401402,687071.5393296732,6290636.93633485,1612.3766164568096,far-field,D20171215,2017-12-15,0.70585614,0
D10132018960,-33.50746241,149.01397657,687068.0791485575,6290637.978651384,1608.7632123996543,far-field,D20171215,2017-12-15,0.917063,1
D10132018963,-33.50743605,149.01386425,687057.7013666143,6290641.104430268,1597.9259959675885,far-field,D20171215,2017-12-15,0.6994649,0
D10132018966,-33.50740968,149.01375187,687047.3180260954,6290644.231414825,1587.0831312970518,far-field,D20171215,2017-12-15,0.4981421,0
D10132018970,-33.50737455,149.0136022,687033.4892910281,6290648.397076277,1572.6420896435168,far-field,D20171215,2017-12-15,0.3221611,0
D10132018975,-33.50733144,149.01341847,687016.5135419763,6290653.509076932,1554.9152255716915,far-field,D20171215,2017-12-15,0.9803805,1
D10132018976,-33.50732274,149.01338142,687013.0903164404,6290654.540671358,1551.3403163273354,far-field,D20171215,2017-12-15,0.44270214,0
D10132018977,-33.50731402,149.01334425,687009.6559852638,6290655.5746988,1547.7540874151186,far-field,D20171215,2017-12-15,0.15160523,0
D10132018978,-33.50730527,149.01330696,687006.2105699687,6290656.612268209,1544.1562240551477,far-field,D20171215,2017-12-15,0.28537455,0
D10132018982,-33.50726981,149.01315587,686992.2505946093,6290660.817024614,1529.5783493440763,far-field,D20171215,2017-12-15,0.43311533,0
D10132018983,-33.50726069,149.01311703,686988.6619768242,6290661.89841332,1525.8307468315984,far-field,D20171215,2017-12-15,0.38176277,0
D10132018986,-33.50723332,149.01300045,686977.8905666012,6290665.143788321,1514.5822893123195,far-field,D20171215,2017-12-15,0.56368905,0
D10132018987,-33.50722418,149.01296155,686974.2964149219,6290666.2274976075,1510.828718182132,far-field,D20171215,2017-12-15,0.2696195,0
D10132018988,-33.50721492,149.01292209,686970.650496578,6290667.325522445,1507.0214779049666,far-field,D20171215,2017-12-15,0.7312723,0
D10132018989,-33.50720501,149.01287991,686966.7532873816,6290668.500531001,1502.9514354892985,far-field,D20171215,2017-12-15,0.6901011,0
D10132018991,-33.50718507,149.01279509,686958.9163904696,6290670.864679879,1494.7665944600026,far-field,D20171215,2017-12-15,0.16617122,0
D10132018994,-33.50715491,149.01266677,686947.0603151058,6290674.440579405,1482.3843647523588,far-field,D20171215,2017-12-15,0.34230083,0
D10132018995,-33.50714506,149.01262484,686943.186196691,6290675.608473839,1478.338498096585,far-field,D20171215,2017-12-15,0.921522,1
D10132018998,-33.50711594,149.01250089,686931.7338479382,6290679.061146343,1466.3783836665004,far-field,D20171215,2017-12-15,0.5318817,0
D10132019000,-33.50709656,149.01241838,686924.1103306457,6290681.359001456,1458.4170232304764,far-field,D20171215,2017-12-15,0.22027348,0
D10132019012,-33.50698662,149.01195016,686880.8489712486,6290694.39456601,1413.2399511209526,far-field,D20171215,2017-12-15,0.85664386,1
D10132019015,-33.50695914,149.01183314,686870.036855604,6290697.652808441,1401.949008056702,far-field,D20171215,2017-12-15,0.33003864,0
D10132019018,-33.50693392,149.01172562,686860.102428334,6290700.64329996,1391.575634041566,far-field,D20171215,2017-12-15,0.32959273,0
D10132019021,-33.506909,149.0116194,686850.2881210948,6290703.598170432,1381.3275445419279,far-field,D20171215,2017-12-15,0.3863704,0
D10132019022,-33.50690069,149.01158397,686847.0145236268,6290704.583536658,1377.9093354813979,far-field,D20171215,2017-12-15,0.82758623,1
D10132019026,-33.50686657,149.01143853,686833.5764296174,6290708.629278952,1363.8773869283696,far-field,D20171215,2017-12-15,0.8263971,1
D10132019035,-33.50678384,149.01108623,686801.0254026314,6290718.438198289,1329.8853164069596,far-field,D20171215,2017-12-15,0.1683264,0
D10132019040,-33.50673402,149.01087427,686781.441266433,6290724.344723123,1309.4327650885195,far-field,D20171215,2017-12-15,0.50200653,0
D10132019057,-33.50657274,149.0101877,686718.00498119,6290743.466087453,1243.1875128943013,far-field,D20171215,2017-12-15,0.82996434,1
D10132019068,-33.506468,149.00974181,686676.806424721,6290755.883857042,1200.1654550662822,far-field,D20171215,2017-12-15,0.9880351,1
D10132019074,-33.50641252,149.00950559,686654.9805296762,6290762.461447712,1177.3740431419872,far-field,D20171215,2017-12-15,0.73253566,0
D10132019336,-33.50387751,148.99871895,685658.3076949592,6291062.940498976,138.00291670209802,near-field,D20171215,2017-12-15,0.93177766,1
D10132019337,-33.50386764,148.99867695,685654.4268331339,6291064.1102044005,134.00483061004655,near-field,D20171215,2017-12-15,0.93824315,1
D10132019347,-33.50377361,148.99827683,685617.455117205,6291075.253717203,96.14844881001089,buffer,D20171215,2017-12-15,0.699019,0
D10132019351,-33.50373741,148.99812272,685603.2150553557,6291079.543873053,81.75806333618061,buffer,D20171215,2017-12-15,0.9817925,1
D10132019354,-33.5037104,148.99800776,685592.5925349838,6291082.744836699,71.15219687049682,buffer,D20171215,2017-12-15,0.82275563,1
D10132019356,-33.50369234,148.99793085,685585.4858810805,6291084.885203235,64.14968825490632,buffer,D20171215,2017-12-15,0.9407699,1
D10132019364,-33.50361117,148.99758573,685553.5962707833,6291094.503952551,34.9174419810621,buffer,D20171215,2017-12-15,0.78351665,1
D10132019368,-33.50356499,148.99738961,685535.474575214,6291099.975884117,20.35177886069914,buffer,D20171215,2017-12-15,0.9485731,1
D10132019372,-33.50351709,148.99718623,685516.6820506799,6291105.651504108,5.245983028150453,buffer,D20171215,2017-12-15,0.8991528,1
D10132019373,-33.50350536,148.99713643,685512.0804779676,6291107.041365091,1.5470511617385911,buffer,D20171215,2017-12-15,0.7869352,1
D10132019376,-33.50347201,148.99699472,685498.9862561714,6291110.993136026,0.0,core,D20171215,2017-12-15,0.93192625,1
D10132019380,-33.50342992,148.99681583,685482.4565101371,6291115.980592867,0.0,core,D20171215,2017-12-15,0.7068222,0
D10132019384,-33.50338785,148.996637,685465.9322801554,6291120.965695408,0.0,core,D20171215,2017-12-15,0.994352,1
D10132019388,-33.50334948,148.99647379,685450.8513000307,6291125.512532314,0.0,core,D20171215,2017-12-15,0.9685642,1
D10132019390,-33.50333281,148.99640276,685444.2878987286,6291127.488135694,0.0,core,D20171215,2017-12-15,0.81651306,1
D10132019392,-33.50331589,148.99633069,685437.6284082165,6291129.493317392,0.0,core,D20171215,2017-12-15,0.77749705,1
D10132019393,-33.50330738,148.99629445,685434.2797233709,6291130.501817681,0.0,core,D20171215,2017-12-15,0.65115935,0
D10132019394,-33.50329885,148.99625809,685430.9199320799,6291131.51274918,0.0,core,D20171215,2017-12-15,0.9370541,1
D10132019395,-33.50329048,148.99622247,685427.6285477795,6291132.504613498,0.0,core,D20171215,2017-12-15,0.89120096,1
D10132019400,-33.5032482,148.99604235,685410.9848681465,6291137.515213115,0.0,core,D20171215,2017-12-15,0.92761594,1
D10132019405,-33.50320361,148.99585253,685393.4449302797,6291142.799286709,0.0,core,D20171215,2017-12-15,0.9455262,1
D10132019407,-33.50318534,148.99577477,685386.2596755887,6291144.96430945,0.0,core,D20171215,2017-12-15,0.80737215,1
D10132019410,-33.5031585,148.99566048,685375.6989077884,6291148.1449780185,0.0,core,D20171215,2017-12-15,0.8399227,1
D10132019418,-33.50308179,148.99533416,685345.5460068667,6291157.234832032,0.0,core,D20171215,2017-12-15,0.99071044,1
D10132019421,-33.50304906,148.99519513,685332.6993227769,6291161.1128275525,0.0,core,D20171215,2017-12-15,0.9065101,1
D10132019428,-33.50297577,148.99488361,685303.9140411561,6291169.796844891,0.0,core,D20171215,2017-12-15,0.87901306,1
D10132019429,-33.50296579,148.99484117,685299.9924579718,6291170.979388166,0.0,core,D20171215,2017-12-15,0.8539685,1
D10132019432,-33.50293645,148.99471639,685288.4624012075,6291174.45593426,0.0,core,D20171215,2017-12-15,0.5940101,0
D10132019433,-33.50292664,148.99467467,685284.607343341,6291175.618332904,0.0,core,D20171215,2017-12-15,0.6241825,0
D10132019434,-33.50291705,148.99463389,685280.8391457819,6291176.754654125,0.0,core,D20171215,2017-12-15,0.462173,0
D10132019436,-33.50289854,148.99455512,685273.5605233669,6291178.948009338,0.0,core,D20171215,2017-12-15,0.6058264,0
D10132019439,-33.50287129,148.99443911,685262.8407664043,6291182.177089827,0.0,core,D20171215,2017-12-15,0.65138227,0
D10132019440,-33.50286221,148.99440048,685259.2712217086,6291183.253006186,2.2916312440308877,buffer,D20171215,2017-12-15,0.84252375,1
D10132019442,-33.50284406,148.99432323,685252.1330378847,6291185.40370802,9.711541230479089,buffer,D20171215,2017-12-15,0.40755054,0
D10132019444,-33.50282488,148.99424163,685244.5929119132,6291187.676394295,17.549591929013236,buffer,D20171215,2017-12-15,0.80261594,1
D10132019446,-33.50280514,148.99415768,685236.8356506125,6291190.015372049,25.613678281974035,buffer,D20171215,2017-12-15,0.85560346,1
D10132019450,-33.50276619,148.99399206,685221.531810686,6291194.630462984,41.52308625523645,buffer,D20171215,2017-12-15,0.36006242,0
D10132019453,-33.50273763,148.99387055,685210.3038384698,6291198.014576277,53.19464571322974,buffer,D20171215,2017-12-15,0.60367125,0
D10132019456,-33.50270852,148.99374673,685198.8624214117,6291201.463792432,65.08837553392587,buffer,D20171215,2017-12-15,0.49152794,0
D10132019461,-33.50265944,148.99353803,685179.5777991881,6291207.279091137,85.13598760112008,buffer,D20171215,2017-12-15,0.3855529,0
D10132019462,-33.50264993,148.99349757,685175.8391382378,6291208.405927358,89.02235421214347,buffer,D20171215,2017-12-15,0.8840666,1
D10132019464,-33.50262982,148.99341206,685167.9377036515,6291210.7886640215,97.23642570276934,buffer,D20171215,2017-12-15,0.74204814,0
D10132019501,-33.50227454,148.99190091,685028.3011407735,6291252.8837952595,242.39294110385268,near-field,D20171215,2017-12-15,0.46551725,0
D10132019502,-33.502265,148.99186033,685024.5513630215,6291254.014112094,246.29091312798064,near-field,D20171215,2017-12-15,0.32112068,0
D10132019506,-33.50222827,148.99170405,685010.110346814,6291258.36601263,261.3022178427366,near-field,D20171215,2017-12-15,0.8480975,1
D10132118915,-33.50800539,149.01572782,687229.6003341698,6290574.6045915885,1781.9184469200814,far-field,D20171215,2017-12-15,0.46313912,0
D10132118916,-33.50799484,149.01568296,687225.4555966523,6290575.855518944,1777.5899280733822,far-field,D20171215,2017-12-15,0.43809453,0
D10132118918,-33.50797348,149.01559211,687217.0617024713,6290578.388240708,1768.8240540388883,far-field,D20171215,2017-12-15,0.05105529,0
D10132118926,-33.50789233,149.01524682,687185.1592553922,6290588.010627052,1735.5091291335577,far-field,D20171215,2017-12-15,0.10931926,0
D10132118949,-33.50767881,149.01433751,687101.1445209647,6290613.329735418,1647.7826296420799,far-field,D20171215,2017-12-15,0.5130054,0
D10132118955,-33.50762728,149.01411787,687080.8509592739,6290619.440372137,1626.5944227209875,far-field,D20171215,2017-12-15,0.12611474,0
D10132118957,-33.50761054,149.0140465,687074.2567387964,6290621.425492175,1619.7096738999599,far-field,D20171215,2017-12-15,0.7697681,1
D10132118962,-33.50756667,149.01385954,687056.9826248509,6290626.627673709,1601.6739511587373,far-field,D20171215,2017-12-15,0.28217897,0
D10132118963,-33.50755788,149.01382209,687053.5224462841,6290627.669985129,1598.061146140969,far-field,D20171215,2017-12-15,0.49762186,0
D10132118964,-33.50754908,149.01378463,687050.0613595692,6290628.713422267,1594.4471327149115,far-field,D20171215,2017-12-15,0.6208383,0
D10132118965,-33.50754019,149.01374674,687046.5605189444,6290629.76761417,1590.7919951209876,far-field,D20171215,2017-12-15,0.6241825,0
D10132118966,-33.50753117,149.01370831,687043.0097915079,6290630.837194992,1587.0846627304138,far-field,D20171215,2017-12-15,0.5396849,0
D10132118970,-33.50749537,149.01355579,687028.9177518887,6290635.082290254,1572.3710867632167,far-field,D20171215,2017-12-15,0.828478,1
D10132118975,-33.50745192,149.01337064,687011.8108386962,6290640.234548682,1554.5100891735156,far-field,D20171215,2017-12-15,0.960538,1
D10132118981,-33.50739927,149.01314631,686991.0838833979,6290646.47765043,1532.8694561320206,far-field,D20171215,2017-12-15,0.49933115,0
D10132118982,-33.50739005,149.01310704,686987.4555391434,6290647.570903711,1529.0810709705222,far-field,D20171215,2017-12-15,0.6564358,0
D10132118986,-33.50735324,149.01295026,686972.9698740824,6290651.935599315,1513.956508662075,far-field,D20171215,2017-12-15,0.85731274,1
D10132118994,-33.50727556,149.01261964,686942.4223661236,6290661.1459075585,1482.0601101354846,far-field,D20171215,2017-12-15,0.5347057,0
D10132118998,-33.50723674,149.01245437,686927.152265301,6290665.74873437,1466.116261572196,far-field,D20171215,2017-12-15,0.7523781,0
D10132119000,-33.50721737,149.01237193,686919.5352394345,6290668.045351222,1458.1629981365927,far-field,D20171215,2017-12-15,0.45013377,0
D10132119002,-33.50719891,149.01229332,686912.2720607835,6290670.234145085,1450.579581403689,far-field,D20171215,2017-12-15,0.5905172,0
D10132119005,-33.50717123,149.01217547,686901.3833042108,6290673.516099257,1439.2106002751466,far-field,D20171215,2017-12-15,0.6402348,0
D10132119009,-33.50713446,149.01201886,686886.9132755643,6290677.875919815,1424.1029797963442,far-field,D20171215,2017-12-15,0.31123662,0
D10132119011,-33.50711602,149.01194034,686879.6584015101,6290680.062308354,1416.5283196254165,far-field,D20171215,2017-12-15,0.5839031,0
D10132119012,-33.50710676,149.01190091,686876.0152563327,6290681.160242628,1412.7245972423657,far-field,D20171215,2017-12-15,0.6810345,0
D10132119018,-33.50705491,149.01167993,686855.5976376846,6290687.3082928825,1391.4088016753508,far-field,D20171215,2017-12-15,0.28530023,0
D10132119021,-33.50702998,149.01157366,686845.7787197448,6290690.264358388,1381.1582027387242,far-field,D20171215,2017-12-15,0.28849584,0
D10132119025,-33.50699574,149.01142774,686832.2963115687,6290694.324271975,1367.082849812012,far-field,D20171215,2017-12-15,0.46425387,0
D10132119026,-33.50698705,149.01139069,686828.8730341688,6290695.354690464,1363.5091687794993,far-field,D20171215,2017-12-15,0.62358797,0
D10132119029,-33.50696093,149.01127941,686818.5912284234,6290698.451717372,1352.7749865739224,far-field,D20171215,2017-12-15,0.75810045,1
D10132119030,-33.50695173,149.01124022,686814.9702377751,6290699.542541935,1348.99465433976,far-field,D20171215,2017-12-15,0.8572384,1
D10132119033,-33.50692294,149.01111769,686803.6490330491,6290702.955905825,1337.1744154173555,far-field,D20171215,2017-12-15,0.8112366,1
D10132119035,-33.50690374,149.01103595,686796.0966188351,6290705.232309513,1329.289345435064,far-field,D20171215,2017-12-15,0.533368,0
D10132119036,-33.50689411,149.01099496,686792.309326938,6290706.374052046,1325.335187822594,far-field,D20171215,2017-12-15,0.6879459,0
D10132119039,-33.50686388,149.01086636,686780.4272964775,6290709.95800877,1312.929095907321,far-field,D20171215,2017-12-15,0.6964179,0
D10132119045,-33.50680322,149.01060827,686756.5809598301,6290717.149658631,1288.0316208773047,far-field,D20171215,2017-12-15,0.3790874,0
D10132119050,-33.50675439,149.01040048,686737.3820732022,6290722.938798158,1267.9870211035047,far-field,D20171215,2017-12-15,0.32037753,0
D10132119057,-33.50669122,149.01013141,686712.5210215001,6290730.428451362,1242.0333883355433,far-field,D20171215,2017-12-15,0.22711058,0
D10132119061,-33.50665409,149.00997332,686697.9141184257,6290734.830566909,1226.784249869029,far-field,D20171215,2017-12-15,0.90376043,1
D10132119066,-33.50660786,149.00977646,686679.7249883944,6290740.311586601,1207.7958331898976,far-field,D20171215,2017-12-15,0.27073425,0
D10132119067,-33.50659874,149.00973765,686676.1390997244,6290741.392802026,1204.0521912542547,far-field,D20171215,2017-12-15,0.88525563,1
D10132119068,-33.50658963,149.00969884,686672.5531888439,6290742.472907117,1200.3088915075168,far-field,D20171215,2017-12-15,0.9759215,1
D10132119073,-33.50654404,149.00950469,686654.6144193554,6290747.878027807,1181.5823608881599,far-field,D20171215,2017-12-15,0.9028686,1
D10132119085,-33.50642727,149.00900775,686608.6990180978,6290761.721438743,1133.6492021688496,far-field,D20171215,2017-12-15,0.976962,1
D10132119087,-33.50640647,149.0089193,686600.5265904652,6290764.1871895455,1125.117280147728,far-field,D20171215,2017-12-15,0.9166171,1
D10132119321,-33.50415076,148.99932071,685713.6293868693,6291031.561142884,201.52503644295712,near-field,D20171215,2017-12-15,0.7198276,0
D10132119331,-33.50405034,148.99889366,685674.1696189481,6291043.461715415,161.16050260115617,near-field,D20171215,2017-12-15,0.4968044,0
D10132119334,-33.50401799,148.99875615,685661.4635957042,6291047.295301089,148.26198094910308,near-field,D20171215,2017-12-15,0.9075505,1
D10132119335,-33.50400782,148.99871294,685657.4709684663,6291048.500442298,144.2225842483988,near-field,D20171215,2017-12-15,0.31829667,0
D10132119341,-33.5039483,148.99845977,685634.0777637704,6291055.554012733,120.73889989225184,near-field,D20171215,2017-12-15,0.4757729,0
D10132119345,-33.50391276,148.99830845,685620.0955284981,6291059.766011574,106.9084112767514,near-field,D20171215,2017-12-15,0.4620987,0
D10132119354,-33.50382975,148.99795517,685587.4518670503,6291069.603526943,75.75319112134467,buffer,D20171215,2017-12-15,0.9315547,1
D10132119358,-33.50379015,148.99778673,685571.8877551907,6291074.296317484,61.995388843596984,buffer,D20171215,2017-12-15,0.7910969,1
D10132119359,-33.50378006,148.99774382,685567.9228079186,6291075.4920122875,58.694966544753456,buffer,D20171215,2017-12-15,0.93764865,1
D10132119364,-33.50372784,148.99752184,685547.411563219,6291081.680035694,42.19688470479627,buffer,D20171215,2017-12-15,0.88748515,1
D10132119367,-33.50369501,148.99738236,685534.5234531546,6291085.570202896,31.839033283376494,buffer,D20171215,2017-12-15,0.82216114,1
D10132119368,-33.50368422,148.9973365,685530.2859260241,6291086.8487847,28.43383904474756,buffer,D20171215,2017-12-15,0.6515309,0
D10132119373,-33.50362832,148.99709901,685508.3415559907,6291093.47255692,10.79765699621058,buffer,D20171215,2017-12-15,0.5811534,0
D10132119375,-33.50360738,148.99701004,685500.1206073632,6291095.953804424,4.190833498810498,buffer,D20171215,2017-12-15,0.8749257,1
D10132119380,-33.50355538,148.99678896,685479.6924276367,6291102.115673446,0.0,core,D20171215,2017-12-15,0.8507729,1
D10132119382,-33.50353437,148.99669966,685471.4409567702,6291104.605248533,0.0,core,D20171215,2017-12-15,0.7494798,0
D10132119383,-33.50352372,148.99665443,685467.2616451123,6291105.8671501465,0.0,core,D20171215,2017-12-15,0.7523038,0
D10132119386,-33.50349179,148.99651872,685454.7218034258,6291109.650661655,0.0,core,D20171215,2017-12-15,0.9776308,1
D10132119399,-33.50338101,148.99604684,685411.1186739982,6291122.779147344,0.0,core,D20171215,2017-12-15,0.98164386,1
D10132119403,-33.50334547,148.99589553,685397.1371911042,6291126.99079608,0.0,core,D20171215,2017-12-15,0.9559304,1
D10132119405,-33.50332716,148.99581759,685389.9353117343,6291129.160579666,0.0,core,D20171215,2017-12-15,0.9930143,1
D10132119408,-33.50329955,148.99570009,685379.0779830762,6291132.432378833,0.0,core,D20171215,2017-12-15,0.8904578,1
D10132119409,-33.50329056,148.99566183,685375.5426500043,6291133.49769791,0.0,core,D20171215,2017-12-15,0.9079964,1
D10132119411,-33.50327275,148.99558604,685368.5394391203,6291135.608175428,0.0,core,D20171215,2017-12-15,0.78091556,1
D10132119412,-33.50326377,148.9955478,685365.0059406939,6291136.672345843,0.0,core,D20171215,2017-12-15,0.9596462,1
D10132119415,-33.50323681,148.99543304,685354.4017676623,6291139.867138483,0.0,core,D20171215,2017-12-15,0.7916171,1
D10132119418,-33.50320722,148.9953072,685342.7738192531,6291143.373369951,0.0,core,D20171215,2017-12-15,0.9831302,1
D10132119420,-33.50318673,148.99522007,685334.7227774308,6291145.801282216,0.0,core,D20171215,2017-12-15,0.971091,1
D10132119421,-33.50317643,148.99517629,685330.6773980338,6291147.021719105,0.0,core,D20171215,2017-12-15,0.9068817,1
D10132119424,-33.50314578,148.99504601,685318.6391996326,6291150.653401887,0.0,core,D20171215,2017-12-15,0.3686088,0
D10132119425,-33.5031354,148.99500188,685314.561470651,6291151.883328696,0.0,core,D20171215,2017-12-15,0.6317628,0
D10132119426,-33.50312512,148.99495815,685310.5206891926,6291153.101449669,0.0,core,D20171215,2017-12-15,0.82238406,1
D10132119427,-33.50311483,148.99491442,685306.4799281277,6291154.320677859,0.0,core,D20171215,2017-12-15,0.75616825,1
D10132119428,-33.50310454,148.99487067,685302.4373080549,6291155.53994003,0.0,core,D20171215,2017-12-15,0.6785821,0
D10132119429,-33.50309494,148.99482984,685298.664496299,6291156.677466952,0.0,core,D20171215,2017-12-15,0.56822234,0
D10132119431,-33.50307584,148.99474858,685291.1558188741,6291158.940712254,0.0,core,D20171215,2017-12-15,0.5587842,0
D10132119432,-33.50306626,148.99470783,685287.390394413,6291160.075873843,0.0,core,D20171215,2017-12-15,0.70318073,0
D10132119433,-33.50305665,148.99466695,685283.6129555437,6291161.214592971,0.0,core,D20171215,2017-12-15,0.4547414,0
D10132119434,-33.503047,148.99462593,685279.8225945416,6291162.357996434,0.0,core,D20171215,2017-12-15,0.35790727,0
D10132119439,-33.50300035,148.99442741,685261.4786771906,6291167.885807414,0.0,core,D20171215,2017-12-15,0.41780618,0
D10132119440,-33.50299101,148.99438769,685257.8084262812,6291168.992502833,0.0,core,D20171215,2017-12-15,0.3379905,0
D10132119442,-33.50297202,148.99430689,685250.3422330045,6291171.242695519,5.9852978781396455,buffer,D20171215,2017-12-15,0.7708829,1
D10132119443,-33.50296199,148.99426427,685246.404027818,6291172.431082885,10.079627548652809,buffer,D20171215,2017-12-15,0.7330559,0
D10132119446,-33.50293187,148.99413619,685234.5690319482,6291175.999954754,22.382877305945126,buffer,D20171215,2017-12-15,0.3302616,0
D10132119453,-33.50286588,148.99385542,685208.6248910577,6291183.819238959,49.35189347839159,buffer,D20171215,2017-12-15,0.48015755,0
D10132119462,-33.5027741,148.99346527,685172.5737631067,6291194.693687403,86.83058585861303,buffer,D20171215,2017-12-15,0.8335315,1
D10132119464,-33.50275426,148.9933809,685164.7776753639,6291197.044445377,94.93506220117894,buffer,D20171215,2017-12-15,0.8572384,1
D10132119498,-33.50242913,148.99199793,685036.9856684664,6291235.5674268175,227.19784360996906,near-field,D20171215,2017-12-15,0.601739,0
D10132119499,-33.50241964,148.99195757,685033.2562310445,6291236.691810239,231.0211029291209,near-field,D20171215,2017-12-15,0.44508025,0
D10132119501,-33.50240056,148.99187641,685025.7566885499,6291238.952446915,238.7091298798983,near-field,D20171215,2017-12-15,0.5500892,0
D10132218902,-33.50825145,149.01621461,687274.2925416348,6290546.438699042,1833.1610779844434,far-field,D20171215,2017-12-15,0.1993906,0
D10132218907,-33.50820352,149.01601055,687255.4388226965,6290552.122359308,1813.4768276114573,far-field,D20171215,2017-12-15,0.62158144,0
D10132218920,-33.50807436,149.01546085,687204.6503792298,6290567.437940149,1760.4503932325288,far-field,D20171215,2017-12-15,0.6996136,0
D10132218955,-33.50775172,149.0140867,687077.6873613021,6290605.696675744,1627.90758542436,far-field,D20171215,2017-12-15,0.26501188,0
D10132218965,-33.50766193,149.01370418,687042.3446518463,6290616.343866823,1591.0143137052476,far-field,D20171215,2017-12-15,0.5428805,0
D10132218966,-33.50765225,149.013663,687038.5398753495,6290617.491596466,1587.0421797304398,far-field,D20171215,2017-12-15,0.4858056,0
D10132218970,-33.50761576,149.01350758,687024.1799297996,6290621.81843315,1572.0522537408124,far-field,D20171215,2017-12-15,0.85062426,1
D10132218973,-33.50759019,149.0133986,687014.1107397028,6290624.850535288,1561.542008825234,far-field,D20171215,2017-12-15,0.19054697,0
D10132218977,-33.50755635,149.01325433,687000.7809050079,6290628.863358747,1547.6287778303404,far-field,D20171215,2017-12-15,0.7496284,0
D10132218981,-33.50752158,149.01310616,686987.0907518762,6290632.986327038,1533.33906489676,far-field,D20171215,2017-12-15,0.12983055,0
D10132218989,-33.50744713,149.01278913,686957.7988773516,6290641.8139948975,1502.7629168363155,far-field,D20171215,2017-12-15,0.550758,0
D10132218990,-33.50743723,149.012747,686953.9063009697,6290642.987799611,1498.6995013177502,far-field,D20171215,2017-12-15,0.79354936,1
D10132218992,-33.50741732,149.01266227,686946.0777192792,6290645.3484498225,1490.5273908673855,far-field,D20171215,2017-12-15,0.2733353,0
D10132218994,-33.50739719,149.01257661,686938.1632103773,6290647.7351666745,1482.2655846371854,far-field,D20171215,2017-12-15,0.6149673,0
D10132218999,-33.50734792,149.01236695,686918.7917745509,6290653.576843262,1462.044340608992,far-field,D20171215,2017-12-15,0.90918547,1
D10132219008,-33.50726531,149.01201512,686886.2844112148,6290663.371908768,1428.1142068821077,far-field,D20171215,2017-12-15,0.56413496,0
D10132219009,-33.5072563,149.01197677,686882.7410676063,6290664.440176092,1424.415648553438,far-field,D20171215,2017-12-15,0.15911117,0
D10132219011,-33.5072384,149.01190051,686875.6949962719,6290666.562606503,1417.061562582684,far-field,D20171215,2017-12-15,0.78849584,1
D10132219017,-33.50718557,149.01167543,686854.8986254897,6290672.826721337,1395.3564472481917,far-field,D20171215,2017-12-15,0.87893873,1
D10132219021,-33.50715155,149.01153043,686841.5012405233,6290676.860594748,1381.3743800233542,far-field,D20171215,2017-12-15,0.89179546,1
D10132219022,-33.50714263,149.01149243,686837.9902095183,6290677.918234088,1377.7099958567037,far-field,D20171215,2017-12-15,0.42278537,0
D10132219024,-33.50712495,149.0114171,686831.0300445973,6290680.014558695,1370.4459673478439,far-field,D20171215,2017-12-15,0.85166466,1
D10132219025,-33.50711619,149.01137976,686827.5799817081,6290681.053262018,1366.845438036156,far-field,D20171215,2017-12-15,0.7430886,0
D10132219032,-33.50705185,149.01110579,686802.2663991912,6290688.681728679,1340.4258862585114,far-field,D20171215,2017-12-15,0.4547414,0
D10132219033,-33.50704225,149.01106492,686798.4901980852,6290689.819931004,1336.4846941947012,far-field,D20171215,2017-12-15,0.6325803,0
D10132219034,-33.50703264,149.01102402,686794.7112306575,6290690.959294792,1332.540525229373,far-field,D20171215,2017-12-15,0.79674494,1
D10132219036,-33.50701287,149.01093986,686786.9352306646,6290693.303260297,1324.4248075209057,far-field,D20171215,2017-12-15,0.96061236,1
D10132219042,-33.50695222,149.01068184,686763.0954215724,6290700.49369346,1299.5425564263342,far-field,D20171215,2017-12-15,0.48127228,0
D10132219045,-33.50692192,149.01055293,686751.1847412671,6290704.085934885,1287.11138693452,far-field,D20171215,2017-12-15,0.69218194,0
D10132219050,-33.50687339,149.01034639,686732.1013597436,6290709.83954576,1267.1950817540082,far-field,D20171215,2017-12-15,0.29852855,0
D10132219051,-33.50686424,149.01030741,686728.4997586808,6290710.924414373,1263.4366678389915,far-field,D20171215,2017-12-15,0.43876338,0
D10132219054,-33.50683695,149.01019121,686717.7633537203,6290714.1599365305,1252.2324136017583,far-field,D20171215,2017-12-15,0.97339475,1
D10132219055,-33.50682792,149.01015272,686714.2070131804,6290715.230610118,1248.5214864017498,far-field,D20171215,2017-12-15,0.68631095,0
D10132219057,-33.50680987,149.01007586,686707.1054565386,6290717.370628297,1241.1106339444068,far-field,D20171215,2017-12-15,0.53396255,0
D10132219060,-33.50678259,149.00995969,686696.3718041033,6290720.604963013,1229.90970126471,far-field,D20171215,2017-12-15,0.4757729,0
D10132219061,-33.50677344,149.00992073,686692.772053769,6290721.689781912,1226.153238679953,far-field,D20171215,2017-12-15,0.2627081,0
D10132219063,-33.50675513,149.00984276,686685.5679273498,6290723.860614514,1218.6356109391743,far-field,D20171215,2017-12-15,0.74063617,0
D10132219066,-33.5067278,149.00972634,686674.8111440616,6290727.1009192895,1207.4112225257177,far-field,D20171215,2017-12-15,0.42040727,0
D10132219067,-33.50671868,149.00968752,686671.2243309864,6290728.182151096,1203.6682782017333,far-field,D20171215,2017-12-15,0.6154875,0
D10132219069,-33.50670045,149.00960987,686664.0497521545,6290730.343519627,1196.1819117572818,far-field,D20171215,2017-12-15,0.7057075,0
D10132219072,-33.50667254,149.00949104,686653.0703108122,6290733.652455962,1184.725057222435,far-field,D20171215,2017-12-15,0.31822234,0
D10132219073,-33.50666326,149.00945154,686649.4206644765,6290734.752646381,1180.9166689837039,far-field,D20171215,2017-12-15,0.16208383,0
D10132219076,-33.50663559,149.0093337,686638.5326703335,6290738.033169292,1169.5557874016756,far-field,D20171215,2017-12-15,0.88659334,1
D10132219078,-33.50661618,149.0092511,686630.9007536038,6290740.334276054,1161.59198643951,far-field,D20171215,2017-12-15,0.3627378,0
D10132219079,-33.50660629,149.00920902,686627.012728692,6290741.506746199,1157.534863030612,far-field,D20171215,2017-12-15,0.5705262,0
D10132219090,-33.50649525,149.00873663,686583.3657415946,6290754.670433221,1111.9909910538777,far-field,D20171215,2017-12-15,0.5496433,0
D10132219094,-33.50645504,149.0085656,686567.5632288703,6290759.437181814,1095.5023625060448,far-field,D20171215,2017-12-15,0.33048454,0
D10132219095,-33.50644481,149.00852205,686563.5393555465,6290760.649974167,1091.3041918863446,far-field,D20171215,2017-12-15,0.8062574,1
D10132219096,-33.50643446,149.00847804,686559.4730044806,6290761.876899615,1087.0612961340248,far-field,D20171215,2017-12-15,0.7067479,0
D10132219098,-33.50641558,149.00839767,686552.047084959,6290764.11515674,1079.3138438086328,far-field,D20171215,2017-12-15,0.8015012,1
D10132219101,-33.50638726,149.00827713,686540.9095933381,6290767.472504433,1067.694216317536,far-field,D20171215,2017-12-15,0.48216408,0
D10132219103,-33.50636847,149.00819712,686533.5169171892,6290769.700118864,1059.9819636907694,far-field,D20171215,2017-12-15,0.8220868,1
D10132219123,-33.50619253,149.00744764,686464.2669818712,6290790.558636353,987.7479012212098,far-field,D20171215,2017-12-15,0.98662305,1
D10132219134,-33.50609634,149.00703787,686426.4052146617,6290801.962223822,948.260538212984,far-field,D20171215,2017-12-15,0.8207491,1
D10132219140,-33.50604101,149.00680229,686404.6382133076,6290808.521450682,925.5599777968924,far-field,D20171215,2017-12-15,0.98142093,1
D10132219146,-33.50598583,149.00656734,686382.9293912859,6290815.062860692,902.9218554749399,far-field,D20171215,2017-12-15,0.7692479,1
D10132219149,-33.50595587,149.00643989,686371.153361317,6290818.614291726,890.6414304880633,far-field,D20171215,2017-12-15,0.81562126,1
D10132219153,-33.50591396,149.00626166,686354.6854135374,6290823.582140586,873.4685520900802,far-field,D20171215,2017-12-15,0.9959126,1
D10132219303,-33.5044645,149.00009425,685784.8230373571,6290995.3836548235,281.3827561332447,near-field,D20171215,2017-12-15,0.6660226,0
D10132219315,-33.5043325,148.99953334,685732.9949887012,6291011.0262879925,228.3287013927307,near-field,D20171215,2017-12-15,0.360434,0
D10132219317,-33.50431197,148.99944607,685724.9312166539,6291013.459222134,220.12203005798307,near-field,D20171215,2017-12-15,0.83412606,1
D10132219318,-33.5043017,148.99940239,685720.8951592937,6291014.676321648,216.02101291253163,near-field,D20171215,2017-12-15,0.73692036,0
D10132219321,-33.50427155,148.99927417,685709.0475580068,6291018.24937033,204.00953411211253,near-field,D20171215,2017-12-15,0.83732164,1
D10132219330,-33.50418068,148.99888774,685673.3411650944,6291029.018170792,168.12798980723284,near-field,D20171215,2017-12-15,0.43757433,0
D10132219335,-33.50412832,148.99866519,685652.7774192744,6291035.22297162,147.77956651861237,near-field,D20171215,2017-12-15,0.72101665,0
D10132219336,-33.5041182,148.99862216,685648.8014120696,6291036.422242515,143.88339022432717,near-field,D20171215,2017-12-15,0.52749705,0
D10132219343,-33.50405176,148.99833943,685622.6767915732,6291044.29608403,118.72111569988641,near-field,D20171215,2017-12-15,0.92486626,1
D10132219357,-33.50391889,148.99777411,685570.4404196752,6291060.0421894565,72.9512535706192,buffer,D20171215,2017-12-15,0.8200803,1
D10132219364,-33.50384789,148.99747222,685542.5453876929,6291068.455765631,50.53797105730664,buffer,D20171215,2017-12-15,0.851739,1
D10132219369,-33.50379597,148.99725148,685522.1487054543,6291074.608248822,34.14907288264987,buffer,D20171215,2017-12-15,0.98922414,1
D10132219375,-33.50373324,148.99698483,685497.5098687289,6291082.041562308,14.350551332630918,buffer,D20171215,2017-12-15,0.9125297,1
D10132219377,-33.5037128,148.99689794,685489.4811002591,6291084.463634016,7.899152025175483,buffer,D20171215,2017-12-15,0.7181183,0
D10132219380,-33.50368268,148.99676984,685477.6444279033,6291088.03284908,0.0,core,D20171215,2017-12-15,0.7928805,1
D10132219386,-33.50362392,148.99651994,685454.5531945496,6291094.995846504,0.0,core,D20171215,2017-12-15,0.9212247,1
D10132219392,-33.50357025,148.99629144,685433.4392112358,6291101.356076607,0.0,core,D20171215,2017-12-15,0.93088585,1
D10132219393,-33.50356146,148.99625404,685429.9833650928,6291102.397700097,0.0,core,D20171215,2017-12-15,0.8344233,1
D10132219397,-33.50352419,148.99609542,685415.3264830151,6291106.814292563,0.0,core,D20171215,2017-12-15,0.8491379,1
D10132219402,-33.50347812,148.99589938,685397.2118994624,6291112.273618257,0.0,core,D20171215,2017-12-15,0.9494649,1
D10132219403,-33.50346918,148.99586132,685393.6950496573,6291113.333042226,0.0,core,D20171215,2017-12-15,0.7254756,0
D10132219406,-33.50344221,148.99574652,685383.0872155894,6291116.529048496,0.0,core,D20171215,2017-12-15,0.65442926,0
D10132219412,-33.50338829,148.99551696,685361.8752018225,6291122.918735682,0.0,core,D20171215,2017-12-15,0.8333086,1
D10132219415,-33.50336123,148.99540181,685351.2350241856,6291126.12531192,0.0,core,D20171215,2017-12-15,0.9082937,1
D10132219416,-33.5033518,148.99536168,685347.5268989924,6291127.24275584,0.0,core,D20171215,2017-12-15,0.8370244,1
D10132219417,-33.50334231,148.99532127,685343.7928878631,6291128.367352277,0.0,core,D20171215,2017-12-15,0.29904875,0
D10132219418,-33.50333275,148.99528061,685340.0357992259,6291129.500156562,0.0,core,D20171215,2017-12-15,0.36095423,0
D10132219421,-33.50330367,148.99515694,685328.6083736819,6291132.945937727,0.0,core,D20171215,2017-12-15,0.25928953,0
D10132219422,-33.5032938,148.99511497,685324.7302385694,6291134.115453767,0.0,core,D20171215,2017-12-15,0.68690544,0
D10132219423,-33.50328403,148.99507341,685320.8899800255,6291135.273146231,0.0,core,D20171215,2017-12-15,0.75854635,1
D10132219424,-33.50327414,148.99503136,685317.0044535367,6291136.445019897,0.0,core,D20171215,2017-12-15,0.40442926,0
D10132219425,-33.50326413,148.9949888,685313.0718009851,6291137.631110441,0.0,core,D20171215,2017-12-15,0.3978894,0
D10132219427,-33.50324377,148.99490221,685305.0706491971,6291140.043616825,0.0,core,D20171215,2017-12-15,0.5646552,0
D10132219429,-33.50322422,148.99481909,685297.3901440294,6291142.360093048,0.0,core,D20171215,2017-12-15,0.7478448,0
D10132219430,-33.5032147,148.99477856,685293.6450377575,6291143.488210734,0.0,core,D20171215,2017-12-15,0.31896552,0
D10132219431,-33.50320519,148.99473812,685289.908270742,6291144.615057224,0.0,core,D20171215,2017-12-15,0.60099584,0
D10132219433,-33.50318642,148.99465828,685282.5308216673,6291146.839164406,0.0,core,D20171215,2017-12-15,0.4179548,0
D10132219434,-33.503177,148.99461817,685278.8245187963,6291147.955436503,0.0,core,D20171215,2017-12-15,0.29912308,0
D10132219438,-33.50314054,148.99446301,685264.4872329736,6291152.275788507,0.0,core,D20171215,2017-12-15,0.25951248,0
D10132219439,-33.50313143,148.99442423,685260.9038280798,6291153.355300749,0.0,core,D20171215,2017-12-15,0.78158444,1
D10132219440,-33.50312229,148.99438532,685257.3084088624,6291154.438370639,0.0,core,D20171215,2017-12-15,0.33947682,0
D10132219441,-33.50311311,148.99434628,685253.7009966294,6291155.526107117,0.0,core,D20171215,2017-12-15,0.78247625,1
D10132219453,-33.50299282,148.99383482,685206.4405518312,6291169.778939823,46.03553095096814,buffer,D20171215,2017-12-15,0.6212842,0
D10132219460,-33.50291877,148.99352012,685177.3613372701,6291178.552530894,76.2670502486222,buffer,D20171215,2017-12-15,0.66505647,0
D10132219462,-33.50289796,148.99343167,685169.1882804396,6291181.01814446,84.76385891931147,buffer,D20171215,2017-12-15,0.3238704,0
D10132219463,-33.50288805,148.99338955,685165.2962598178,6291182.192298165,88.80545121304486,buffer,D20171215,2017-12-15,0.3617717,0
D10132219495,-33.50258328,148.99209312,685045.5010840831,6291218.30310693,211.6114876316398,near-field,D20171215,2017-12-15,0.9379459,1
D10132219496,-33.50257402,148.99205368,685041.8566369497,6291219.400347086,215.3469095770009,near-field,D20171215,2017-12-15,0.7427913,0
D10132219497,-33.5025648,148.99201448,685038.2344010413,6291220.492721936,219.06041581814455,near-field,D20171215,2017-12-15,0.6796225,0
D10132318905,-33.50834199,149.01603936,687257.8168394539,6290536.714554006,1820.6424384014472,far-field,D20171215,2017-12-15,0.44723544,0
D10132318907,-33.50832294,149.01595823,687250.3209882812,6290538.973588845,1812.8185425829631,far-field,D20171215,2017-12-15,0.48595423,0
D10132318911,-33.50828503,149.01579683,687235.4087602529,6290543.4690178875,1797.2534087505258,far-field,D20171215,2017-12-15,0.6469233,0
D10132318912,-33.50827547,149.01575613,687231.64836434,6290544.602652153,1793.3283886916465,far-field,D20171215,2017-12-15,0.81584424,1
D10132318966,-33.50777745,149.01363506,687035.6747689263,6290603.65778364,1588.8007175219968,far-field,D20171215,2017-12-15,0.5866528,0
D10132318972,-33.50772191,149.01339854,687013.8216789055,6290610.243408747,1565.9960769774002,far-field,D20171215,2017-12-15,0.8674197,1
D10132318974,-33.50770477,149.01332547,687007.0703853455,6290612.275905954,1558.9516027041107,far-field,D20171215,2017-12-15,0.50535077,0
D10132318990,-33.50756237,149.01271879,686951.0163591041,6290629.161107559,1500.4623205265343,far-field,D20171215,2017-12-15,0.6217301,0
D10132318997,-33.50749238,149.01242099,686923.5013419869,6290637.459415148,1471.750170084964,far-field,D20171215,2017-12-15,0.8425981,1
D10132318998,-33.50748234,149.01237825,686919.552396314,6290638.649830593,1467.6296822810314,far-field,D20171215,2017-12-15,0.43244648,0
D10132318999,-33.50747271,149.01233727,686915.7660717189,6290639.791605508,1463.6787746552404,far-field,D20171215,2017-12-15,0.26441735,0
D10132319003,-33.50743448,149.01217451,686900.7279054548,6290644.324439907,1447.987787805034,far-field,D20171215,2017-12-15,0.9036118,1
D10132319006,-33.50740625,149.01205433,686889.623901661,6290647.671573129,1436.4019191027883,far-field,D20171215,2017-12-15,0.91542804,1
D10132319018,-33.50729959,149.01159995,686847.6413451355,6290660.318319096,1392.6020030921704,far-field,D20171215,2017-12-15,0.9717598,1
D10132319024,-33.50724497,149.01136734,686826.1492840776,6290666.794439492,1370.1800949520714,far-field,D20171215,2017-12-15,0.99554104,1
D10132319025,-33.50723587,149.01132858,686822.56803836,6290667.873403443,1366.4440395959448,far-field,D20171215,2017-12-15,0.62143284,0
D10132319026,-33.50722683,149.01129004,686819.0071009622,6290668.945316035,1362.7295045382014,far-field,D20171215,2017-12-15,0.74881095,0
D10132319034,-33.50715112,149.01096774,686789.2281174635,6290677.921680091,1331.6628414249212,far-field,D20171215,2017-12-15,0.8088585,1
D10132319037,-33.50712127,149.01084072,686777.4920876862,6290681.460649183,1319.419344258036,far-field,D20171215,2017-12-15,0.73246133,0
D10132319038,-33.50711124,149.01079807,686773.5514488855,6290682.649732148,1315.3081062540748,far-field,D20171215,2017-12-15,0.76850474,1
D10132319039,-33.50710118,149.01075526,686769.596009634,6290683.842428425,1311.1817439703752,far-field,D20171215,2017-12-15,0.9835761,1
D10132319040,-33.50709109,149.0107123,686765.62669893,6290685.038719991,1307.041139600044,far-field,D20171215,2017-12-15,0.654132,0
D10132319042,-33.50707087,149.01062631,686757.6816577859,6290687.435859958,1298.752450401747,far-field,D20171215,2017-12-15,0.9670036,1
D10132319048,-33.50701127,149.01037271,686734.2502097413,6290694.501822833,1274.3095175667133,far-field,D20171215,2017-12-15,0.7947384,1
D10132319052,-33.5069739,149.01021357,686719.5463404842,6290698.932479466,1258.972680096855,far-field,D20171215,2017-12-15,0.94582343,1
D10132319057,-33.50692847,149.01002009,686701.6695742778,6290704.3187433705,1240.3271870005237,far-field,D20171215,2017-12-15,0.83011293,1
D10132319060,-33.50690128,149.00990431,686690.9719731268,6290707.542390102,1229.1697810108053,far-field,D20171215,2017-12-15,0.13376932,0
D10132319061,-33.5068923,149.00986607,686687.4387504496,6290708.60705906,1225.484769134071,far-field,D20171215,2017-12-15,0.30395362,0
D10132319063,-33.50687446,149.00979006,686680.4157084317,6290710.7222396135,1218.1604712855226,far-field,D20171215,2017-12-15,0.7755648,1
D10132319065,-33.5068565,149.00971356,686673.3474001394,6290712.851604237,1210.7889050985923,far-field,D20171215,2017-12-15,0.66416466,0
D10132319067,-33.50683857,149.00963721,686666.292959661,6290714.977366723,1203.4317348077377,far-field,D20171215,2017-12-15,0.34200355,0
D10132319069,-33.50681994,149.00955789,686658.9641052757,6290717.186095515,1195.7884192108977,far-field,D20171215,2017-12-15,0.60277945,0
D10132319073,-33.50678192,149.00939602,686644.0079507678,6290721.693628678,1180.190939682294,far-field,D20171215,2017-12-15,0.15472652,0
D10132319074,-33.50677249,149.00935588,686640.299174026,6290722.81160178,1176.3231527954733,far-field,D20171215,2017-12-15,0.29421818,0
D10132319076,-33.5067535,149.00927503,686632.8289440526,6290725.062985612,1168.5329117594101,far-field,D20171215,2017-12-15,0.15963139,0
D10132319077,-33.50674387,149.00923407,686629.0444159673,6290726.204608811,1164.5859674333656,far-field,D20171215,2017-12-15,0.5989893,0
D10132319078,-33.50673421,149.00919296,686625.2460164004,6290727.349827236,1160.6247987282457,far-field,D20171215,2017-12-15,0.57929546,0
D10132319082,-33.50669523,149.00902704,686609.9156470607,6290731.971052681,1144.6382253472495,far-field,D20171215,2017-12-15,0.514343,0
D10132319083,-33.50668539,149.00898519,686606.0488833857,6290733.137555856,1140.6057526880054,far-field,D20171215,2017-12-15,0.5631688,0
D10132319085,-33.50666561,149.00890102,686598.2719048841,6290735.4824924925,1132.4960362255465,far-field,D20171215,2017-12-15,0.32052615,0
D10132319089,-33.50662598,149.00873242,686582.6939337018,6290740.180576808,1116.2518012706223,far-field,D20171215,2017-12-15,0.17315696,0
D10132319090,-33.5066164,149.00869164,686578.9260096462,6290741.316311222,1112.3230535779287,far-field,D20171215,2017-12-15,0.5358204,0
D10132319093,-33.50658746,149.00856845,686567.543696364,6290744.74721336,1100.4551959494495,far-field,D20171215,2017-12-15,0.65376043,0
D10132319095,-33.50656785,149.00848501,686559.8341535217,6290747.071952858,1092.4167220104148,far-field,D20171215,2017-12-15,0.5464477,0
D10132319096,-33.5065585,149.00844519,686556.1549156167,6290748.180445496,1088.5809069558397,far-field,D20171215,2017-12-15,0.7823276,1
D10132319097,-33.50654916,149.00840546,686552.484016551,6290749.287665876,1084.7534054731932,far-field,D20171215,2017-12-15,0.66245544,0
D10132319099,-33.50653037,149.00832546,686545.0922858012,6290751.515271986,1077.0471401851162,far-field,D20171215,2017-12-15,0.88532996,1
D10132319100,-33.50652093,149.00828527,686541.3788646964,6290752.634404857,1073.1757662812656,far-field,D20171215,2017-12-15,0.35255647,0
D10132319101,-33.50651149,149.00824508,686537.6654428153,6290753.753536257,1069.3044430495506,far-field,D20171215,2017-12-15,0.4379459,0
D10132319112,-33.50640916,149.00780943,686497.4127921885,6290765.884853408,1027.3435363788817,far-field,D20171215,2017-12-15,0.8703924,1
D10132319114,-33.50639078,149.00773118,686490.1827352404,6290768.063802617,1019.8073607110473,far-field,D20171215,2017-12-15,0.42605528,0
D10132319121,-33.5063292,149.00746882,686465.9413674242,6290775.364418101,994.5430742825783,far-field,D20171215,2017-12-15,0.8758175,1
D10132319123,-33.50631184,149.00739487,686459.1085836051,6290777.422499917,987.4223483208639,far-field,D20171215,2017-12-15,0.20793697,0
D10132319132,-33.50623611,149.00707212,686429.2872303611,6290786.400748163,956.3484162794205,far-field,D20171215,2017-12-15,0.7640458,1
D10132319144,-33.50612561,149.00660164,686385.8161055571,6290799.500202782,911.0557409447633,far-field,D20171215,2017-12-15,0.46202436,0
D10132319149,-33.50607595,149.00639037,686366.2953590574,6290805.386882123,890.719087485719,far-field,D20171215,2017-12-15,0.80321044,1
D10132319158,-33.5059839,149.00599884,686330.1190854958,6290816.2982045375,853.0366478474417,far-field,D20171215,2017-12-15,0.9392836,1
D10132319168,-33.50588906,149.00559518,686292.8218237911,6290827.540571114,814.1991647907137,far-field,D20171215,2017-12-15,0.7494798,0
D10132319172,-33.50585119,149.005434,686277.9291395951,6290832.029647109,798.6946550932383,far-field,D20171215,2017-12-15,0.95548457,1
D10132319180,-33.50577693,149.0051179,686248.7221255206,6290840.832362768,768.2940297947573,far-field,D20171215,2017-12-15,0.9455262,1
D10132319191,-33.50567423,149.0046807,686208.3256112484,6290853.006253969,726.261465227941,far-field,D20171215,2017-12-15,0.92895365,1
D10132319291,-33.50469317,149.00050706,685822.6853332219,6290969.285747092,327.0336719240485,near-field,D20171215,2017-12-15,0.46789536,0
D10132319302,-33.50459303,149.00008073,685783.2922239141,6290981.154443786,286.8183801516154,near-field,D20171215,2017-12-15,0.79741377,1
D10132319306,-33.50455108,148.99990241,685766.8154772248,6290986.125858981,270.07693051584005,near-field,D20171215,2017-12-15,0.62745243,0
D10132319314,-33.50446291,148.99952775,685732.1969535853,6290996.57439048,235.12116635258565,near-field,D20171215,2017-12-15,0.78998214,1
D10132319315,-33.50445269,148.99948428,685728.1803069387,6290997.785572653,231.0900143667219,near-field,D20171215,2017-12-15,0.8276605,1
D10132319317,-33.50443224,148.99939734,685720.1470322716,6291000.209040796,223.04527646898748,near-field,D20171215,2017-12-15,0.75795186,1
D10132319319,-33.50441171,148.99931006,685712.0823379032,6291002.641982388,214.99569454728228,near-field,D20171215,2017-12-15,0.61623067,0
D10132319322,-33.5043828,148.99918705,685700.7161239512,6291006.068183749,203.70373239735665,near-field,D20171215,2017-12-15,0.5512039,0
D10132319330,-33.5043002,148.99883586,685668.2660049892,6291015.8567765,171.89145512009173,near-field,D20171215,2017-12-15,0.56324315,0
D10132319332,-33.50427884,148.99874509,685659.8788283675,6291018.387962971,163.80425580916895,near-field,D20171215,2017-12-15,0.82989,1
D10132319336,-33.50423944,148.99857752,685644.3952274511,6291023.057139881,149.07704389527072,near-field,D20171215,2017-12-15,0.80499405,1
D10132319337,-33.50422952,148.99853532,685640.4959069215,6291024.23274309,145.4167978402129,near-field,D20171215,2017-12-15,0.8265458,1
D10132319339,-33.50421047,148.99845424,685633.0040142001,6291026.490396138,138.44966376502876,near-field,D20171215,2017-12-15,0.47101665,0
D10132319344,-33.50416608,148.99826527,685615.5429196844,6291031.751188574,122.61457314743656,near-field,D20171215,2017-12-15,0.8671225,1
D10132319345,-33.5041572,148.99822743,685612.046429434,6291032.803647257,119.5267171328303,near-field,D20171215,2017-12-15,0.8015012,1
D10132319349,-33.50411942,148.99806667,685597.1919977702,6291037.280910609,106.80066386347407,near-field,D20171215,2017-12-15,0.6677319,0
D10132319358,-33.50402734,148.99767519,685561.0188559954,6291048.192504872,77.63163869946716,buffer,D20171215,2017-12-15,0.58910525,0
D10132319362,-33.50398949,148.99751412,685546.1357307738,6291052.6780046,65.67615207627391,buffer,D20171215,2017-12-15,0.8060345,1
D10132319363,-33.50397991,148.99747339,685542.3722305665,6291053.813233288,62.65214829409938,buffer,D20171215,2017-12-15,0.8934304,1
D10132319364,-33.50397024,148.99743223,685538.5689732481,6291054.959210133,59.597236863503156,buffer,D20171215,2017-12-15,0.90747625,1
D10132319372,-33.50389236,148.99710099,685507.9619044506,6291064.188140033,35.00706969278715,buffer,D20171215,2017-12-15,0.7022889,0
D10132319373,-33.50388233,148.9970583,685504.0172658644,6291065.376761269,31.838558984991263,buffer,D20171215,2017-12-15,0.9967301,1
D10132319374,-33.50387243,148.9970162,685500.1271619598,6291066.549909413,28.713052802037218,buffer,D20171215,2017-12-15,0.9584572,1
D10132319375,-33.50386246,148.9969738,685496.2093355668,6291067.731355067,25.565325359766636,buffer,D20171215,2017-12-15,0.9470125,1
D10132319380,-33.50381228,148.99676044,685476.4945460353,6291073.677585917,9.724804829018517,buffer,D20171215,2017-12-15,0.74554104,0
D10132319386,-33.50375538,148.99651835,685454.1249550392,6291080.420354538,0.0,core,D20171215,2017-12-15,0.9129013,1
D10132319388,-33.50373658,148.99643835,685446.7327855973,6291082.648204253,0.0,core,D20171215,2017-12-15,0.7877527,1
D10132319390,-33.50371801,148.99635932,685439.4302387967,6291084.848808237,0.0,core,D20171215,2017-12-15,0.8225327,1
D10132319391,-33.5037088,148.99632013,685435.8089979073,6291085.940209988,0.0,core,D20171215,2017-12-15,0.54072535,0
D10132319392,-33.50369965,148.99628118,685432.2099251295,6291087.0245276075,0.0,core,D20171215,2017-12-15,0.78262484,1
D10132319393,-33.50369044,148.99624199,685428.5886827608,6291088.115926571,0.0,core,D20171215,2017-12-15,0.9496136,1
D10132319394,-33.50368113,148.99620236,685424.9267754069,6291089.219200155,0.0,core,D20171215,2017-12-15,0.86816293,1
D10132319395,-33.50367182,148.99616274,685421.2657963245,6291090.322454437,0.0,core,D20171215,2017-12-15,0.84326696,1
D10132319396,-33.5036625,148.99612312,685417.6048378197,6291091.426816244,0.0,core,D20171215,2017-12-15,0.8602854,1
D10132319398,-33.50364407,148.99604467,685410.3558644215,6291093.610835565,0.0,core,D20171215,2017-12-15,0.7774227,1
D10132319400,-33.50362536,148.99596504,685402.9978590133,6291095.828008937,0.0,core,D20171215,2017-12-15,0.5428805,0
D10132319404,-33.5035875,148.99580397,685388.1146218218,6291100.314366981,0.0,core,D20171215,2017-12-15,0.6117717,0
D10132319405,-33.50357812,148.99576407,685384.4277713728,6291101.425869954,0.0,core,D20171215,2017-12-15,0.76122177,1
D10132319406,-33.50356878,148.99572431,685380.7538413587,6291102.532685477,0.0,core,D20171215,2017-12-15,0.6312426,0
D10132319409,-33.50354094,148.99560583,685369.8059858154,6291105.831732722,0.0,core,D20171215,2017-12-15,0.6692182,0
D10132319410,-33.50353172,148.9955666,685366.1810358162,6291106.9242880335,0.0,core,D20171215,2017-12-15,0.52222055,0
D10132319411,-33.50352253,148.99552749,685362.5671695461,6291108.01330066,0.0,core,D20171215,2017-12-15,0.51701844,0
D10132319412,-33.50351337,148.9954885,685358.9643870051,6291109.098770617,0.0,core,D20171215,2017-12-15,0.7027348,0
D10132319413,-33.50350424,148.99544965,685355.3745462822,6291110.180662181,0.0,core,D20171215,2017-12-15,0.53678656,0
D10132319415,-33.50348607,148.99537232,685348.2290451163,6291112.333799525,0.0,core,D20171215,2017-12-15,0.89298457,1
D10132319416,-33.50347702,148.99533377,685344.6669027507,6291113.406279352,0.0,core,D20171215,2017-12-15,0.6736029,0
D10132319417,-33.50346791,148.99529503,685341.087235888,6291114.4857510105,0.0,core,D20171215,2017-12-15,0.5191736,0
D10132319418,-33.50345875,148.99525604,685337.4844489621,6291115.571212718,0.0,core,D20171215,2017-12-15,0.44270214,0
D10132319420,-33.50344026,148.99517735,685330.2132736727,6291117.762252636,0.0,core,D20171215,2017-12-15,0.82171524,1
D10132319421,-33.50343104,148.99513812,685326.5883155422,6291118.854792651,0.0,core,D20171215,2017-12-15,0.71752375,0
D10132319422,-33.50342199,148.99509958,685323.0270978465,6291119.927246397,0.0,core,D20171215,2017-12-15,0.61964923,0
D10132319424,-33.50340361,148.99502136,685315.7993468874,6291122.10523702,0.0,core,D20171215,2017-12-15,0.38525563,0
D10132319425,-33.50339428,148.99498166,685312.1309554977,6291123.210809541,0.0,core,D20171215,2017-12-15,0.42769024,0
D10132319426,-33.50338486,148.99494158,685308.4274517505,6291124.327040011,0.0,core,D20171215,2017-12-15,0.6738258,0
D10132319431,-33.50333799,148.99474215,685289.9995478601,6291129.880931948,0.0,core,D20171215,2017-12-15,0.28990784,0
D10132319433,-33.50331924,148.99466239,685282.6295000246,6291132.10267895,0.0,core,D20171215,2017-12-15,0.63295186,0
D10132319459,-33.50305225,148.99352745,685177.7579259437,6291163.737115521,69.17304935248038,buffer,D20171215,2017-12-15,0.92025864,1
D10132319464,-33.50300033,148.99330675,685157.3645697486,6291169.888735883,90.08096122689275,buffer,D20171215,2017-12-15,0.6811831,0
D10132319465,-33.50299017,148.99326356,685153.3736775713,6291171.092518528,94.17252033545421,buffer,D20171215,2017-12-15,0.8400713,1
D10132319471,-33.50292984,148.99300705,685129.6713020625,6291178.240621313,118.47216054880633,near-field,D20171215,2017-12-15,0.2144025,0
D10132319492,-33.50273456,148.99217617,685052.894716608,6291201.3787028175,197.17593372514875,near-field,D20171215,2017-12-15,0.65918547,0
D10132319493,-33.50272602,148.99213981,685049.5348897751,6291202.390607461,200.6197964255244,near-field,D20171215,2017-12-15,0.7439804,0
D10132418900,-33.50850915,149.0161903,687271.478761496,6290517.904641839,1839.6877412877618,far-field,D20171215,2017-12-15,0.46135554,0
D10132418911,-33.50840575,149.01575,687230.7981718584,6290530.1661632415,1797.2392382830265,far-field,D20171215,2017-12-15,0.91587394,1
D10132418965,-33.50791217,149.01364763,687036.5525366948,6290588.695193674,1594.587419989664,far-field,D20171215,2017-12-15,0.6412753,0
D10132418966,-33.5079022,149.01360521,687032.6331996447,6290589.877317274,1590.4986542924971,far-field,D20171215,2017-12-15,0.59453034,0
D10132419018,-33.50742212,149.01156075,686843.7361957869,6290646.800836833,1393.4876063829156,far-field,D20171215,2017-12-15,0.95957196,1
D10132419021,-33.50739299,149.01143677,686832.2810885368,6290650.254554288,1381.5423822294267,far-field,D20171215,2017-12-15,0.7652348,1
D10132419022,-33.5073832,149.0113951,686828.4309941316,6290651.415280402,1377.5276598052897,far-field,D20171215,2017-12-15,0.9227854,1
D10132419025,-33.50735451,149.01127295,686817.1449380759,6290654.816889045,1365.7595520367054,far-field,D20171215,2017-12-15,0.7654578,1
D10132419026,-33.50734505,149.01123268,686813.4241909902,6290655.938491879,1361.879898250566,far-field,D20171215,2017-12-15,0.7218341,0
D10132419028,-33.5073261,149.011152,686805.9697529535,6290658.185272129,1354.1073181331017,far-field,D20171215,2017-12-15,0.29681927,0
D10132419033,-33.50727855,149.01094958,686787.2671321721,6290663.822900165,1334.6069588430396,far-field,D20171215,2017-12-15,0.88428956,1
D10132419034,-33.50726886,149.01090837,686783.4595470573,6290664.971689884,1330.6367241441437,far-field,D20171215,2017-12-15,0.96685493,1
D10132419038,-33.50722979,149.01074209,686768.0960884297,6290669.60380385,1314.618511118821,far-field,D20171215,2017-12-15,0.9220422,1
D10132419039,-33.50721998,149.01070034,686764.2385909965,6290670.766865579,1310.5967188284994,far-field,D20171215,2017-12-15,0.98290724,1
D10132419040,-33.50721029,149.01065908,686760.4263559016,6290671.915735973,1306.622348625867,far-field,D20171215,2017-12-15,0.65353745,0
D10132419044,-33.50717081,149.01049109,686744.9048989518,6290676.5963581195,1290.4401763236074,far-field,D20171215,2017-12-15,0.31027052,0
D10132419046,-33.50715084,149.0104061,686737.052223882,6290678.963956879,1282.2536675946112,far-field,D20171215,2017-12-15,0.7599584,1
D10132419047,-33.50714102,149.01036431,686733.1910251393,6290680.128186814,1278.2283689495714,far-field,D20171215,2017-12-15,0.9562277,1
D10132419050,-33.50711158,149.01023902,686721.6148128964,6290683.618505149,1266.1605111870952,far-field,D20171215,2017-12-15,0.77162606,1
D10132419051,-33.50710178,149.01019733,686717.7628578322,6290684.780330802,1262.144910412606,far-field,D20171215,2017-12-15,0.88116825,1
D10132419052,-33.50709214,149.01015632,686713.9737303397,6290685.923187507,1258.1948612909537,far-field,D20171215,2017-12-15,0.9844679,1
D10132419054,-33.50707406,149.01007928,686706.8555381694,6290688.066857424,1250.7756385671855,far-field,D20171215,2017-12-15,0.72369206,0
D10132419055,-33.50706488,149.01004019,686703.2437886245,6290689.155241743,1247.0109728926877,far-field,D20171215,2017-12-15,0.7765309,1
D10132419056,-33.50705587,149.01000185,686699.7013483391,6290690.223422449,1243.3183572578541,far-field,D20171215,2017-12-15,0.9253121,1
D10132419057,-33.50704688,149.00996352,686696.1597933806,6290691.289365899,1239.6273956329683,far-field,D20171215,2017-12-15,0.9096314,1
D10132419062,-33.50700261,149.00977494,686678.7357512938,6290696.538128843,1221.4673994367001,far-field,D20171215,2017-12-15,0.61377823,0
D10132419063,-33.50699383,149.00973756,686675.2819963783,6290697.579066567,1217.867709291543,far-field,D20171215,2017-12-15,0.8387337,1
D10132419065,-33.50697619,149.00966238,686668.335638199,6290699.6705657,1210.6287049239636,far-field,D20171215,2017-12-15,0.8847354,1
D10132419066,-33.50696731,149.00962456,686664.8412198737,6290700.723380988,1206.9869035507897,far-field,D20171215,2017-12-15,0.94106716,1
D10132419073,-33.50690092,149.00934195,686638.7292258738,6290708.594294762,1179.773787214925,far-field,D20171215,2017-12-15,0.87931037,1
D10132419074,-33.50689138,149.00930136,686634.9788848459,6290709.725274265,1175.8653408487608,far-field,D20171215,2017-12-15,0.7019917,0
D10132419076,-33.50687238,149.00922049,686627.5068277423,6290711.97779935,1168.0787364331736,far-field,D20171215,2017-12-15,0.5627229,0
D10132419081,-33.5068243,149.00901581,686608.5952007674,6290717.677912143,1148.3724113835847,far-field,D20171215,2017-12-15,0.9001189,1
D10132419083,-33.50680499,149.00893363,686601.0020984203,6290719.967150534,1140.4604600368855,far-field,D20171215,2017-12-15,0.91044885,1
D10132419085,-33.50678561,149.00885116,686593.3822019442,6290722.264667157,1132.5207820024373,far-field,D20171215,2017-12-15,0.23877823,0
D10132419087,-33.50676611,149.00876818,686585.7151805221,6290724.576402474,1124.5322697461233,far-field,D20171215,2017-12-15,0.86667657,1
D10132419089,-33.50674719,149.00868763,686578.2726589958,6290726.819441067,1116.7782949736409,far-field,D20171215,2017-12-15,0.1828924,0
D10132419090,-33.5067378,149.00864767,686574.5805104664,6290727.932628855,1112.9315802465496,far-field,D20171215,2017-12-15,0.67092746,0
D10132419091,-33.50672838,149.00860757,686570.8754194854,6290729.049393877,1109.071563876539,far-field,D20171215,2017-12-15,0.8078924,1
D10132419097,-33.50667193,149.00836727,686548.6725771955,6290735.74165104,1085.9417711283504,far-field,D20171215,2017-12-15,0.46826693,0
D10132419098,-33.5066626,149.00832753,686545.00073183,6290736.847777784,1082.1170972578311,far-field,D20171215,2017-12-15,0.84022,1
D10132419099,-33.50665326,149.00828779,686541.3289071654,6290737.9550120495,1078.2921187432023,far-field,D20171215,2017-12-15,0.62923604,0
D10132419100,-33.50664393,149.00824804,686537.6561312662,6290739.061153902,1074.4667154498102,far-field,D20171215,2017-12-15,0.8130202,1
D10132419106,-33.50658755,149.00800802,686515.4791091708,6290745.7450662665,1051.3679744575736,far-field,D20171215,2017-12-15,0.6820749,0
D10132419110,-33.50654971,149.00784698,686500.599577813,6290750.230918225,1035.871137195083,far-field,D20171215,2017-12-15,0.7614447,1
D10132419112,-33.50653017,149.00776383,686492.9168087817,6290752.547319183,1027.8700784781122,far-field,D20171215,2017-12-15,0.2969679,0
D10132419113,-33.50652059,149.00772303,686489.1470134275,6290753.683053769,1023.944556075815,far-field,D20171215,2017-12-15,0.60054994,0
D10132419114,-33.50651108,149.00768254,686485.4058663128,6290754.810466816,1020.0488421816228,far-field,D20171215,2017-12-15,0.9553359,1
D10132419115,-33.50650178,149.00764297,686481.7497365619,6290755.912936304,1016.2414994342136,far-field,D20171215,2017-12-15,0.8363555,1
D10132419118,-33.50647573,149.00753198,686471.4945679083,6290759.001300989,1005.5640936922792,far-field,D20171215,2017-12-15,0.92546076,1
D10132419120,-33.50645836,149.00745799,686464.6581023188,6290761.060568212,998.4463747086068,far-field,D20171215,2017-12-15,0.24063614,0
D10132419121,-33.50644968,149.007421,686461.2403223086,6290762.089636488,994.8882615774463,far-field,D20171215,2017-12-15,0.7378121,0
D10132419122,-33.506441,149.00738402,686457.8234706464,6290763.1186855445,991.3311009428977,far-field,D20171215,2017-12-15,0.6281956,0
D10132419124,-33.50642392,149.00731122,686451.0969296724,6290765.143644033,984.328896566644,far-field,D20171215,2017-12-15,0.4629905,0
D10132419125,-33.50641543,149.00727505,686447.7549181706,6290766.150163269,980.8498840625492,far-field,D20171215,2017-12-15,0.83382875,1
D10132419129,-33.50638171,149.00713135,686434.4773939067,6290770.147851955,967.0292809611076,far-field,D20171215,2017-12-15,0.18155469,0
D10132419130,-33.5063733,149.0070955,686431.1649359476,6290771.144918478,963.5816403029814,far-field,D20171215,2017-12-15,0.3755202,0
D10132419132,-33.50635531,149.00701886,686424.0835971376,6290773.277674302,956.2111375936017,far-field,D20171215,2017-12-15,0.45697087,0
D10132419133,-33.50634629,149.00698048,686420.5374062408,6290774.346930435,952.5198394646333,far-field,D20171215,2017-12-15,0.77051127,1
D10132419135,-33.50632827,149.00690371,686413.4440503885,6290776.483238736,945.137442316995,far-field,D20171215,2017-12-15,0.014937574,0
D10132419136,-33.50631925,149.00686533,686409.8978573541,6290777.552490849,941.4464422849858,far-field,D20171215,2017-12-15,0.15569262,0
D10132419139,-33.50629229,149.00675049,686399.2869297906,6290780.7486104695,930.4040506147647,far-field,D20171215,2017-12-15,0.7508918,0
D10132419140,-33.50628345,149.00671285,686395.8090946237,6290781.796566262,926.7848575256787,far-field,D20171215,2017-12-15,0.11437277,0
D10132419146,-33.50622685,149.0064719,686373.5459681337,6290788.506211318,903.6188731112886,far-field,D20171215,2017-12-15,0.65487516,0
D10132419150,-33.50618591,149.00629779,686357.4587467015,6290793.359096101,886.8803735379879,far-field,D20171215,2017-12-15,0.43170333,0
D10132419151,-33.50617576,149.00625461,686353.4690399384,6290794.562262556,882.7296661088058,far-field,D20171215,2017-12-15,0.21841557,0
D10132419152,-33.50616587,149.00621253,686349.5809660433,6290795.7346182875,878.6849031322348,far-field,D20171215,2017-12-15,0.14112663,0
D10132419154,-33.50614598,149.0061279,686341.7613879882,6290798.092367763,870.5506752666823,far-field,D20171215,2017-12-15,0.8804994,1
D10132419157,-33.50611586,149.00599978,686329.9234665291,6290801.662695684,858.2372414519889,far-field,D20171215,2017-12-15,0.210761,0
D10132419163,-33.50605608,149.00574547,686306.4259131064,6290808.748828281,833.8005958870823,far-field,D20171215,2017-12-15,0.8485434,1
D10132419165,-33.50603646,149.00566199,686298.7125736196,6290811.074534556,825.7805116137672,far-field,D20171215,2017-12-15,0.60277945,0
D10132419168,-33.50600729,149.0055379,686287.2469792431,6290814.532219852,813.8600444781338,far-field,D20171215,2017-12-15,0.88399225,1
D10132419170,-33.50598802,149.00545588,686279.6685171205,6290816.816474987,805.982272165645,far-field,D20171215,2017-12-15,0.13845125,0
D10132419172,-33.50596846,149.00537264,686271.9773336601,6290819.135074547,797.9879439345873,far-field,D20171215,2017-12-15,0.90621287,1
D10132419174,-33.50594889,149.00528938,686264.2843102519,6290821.45481267,789.9922661425894,far-field,D20171215,2017-12-15,0.81643873,1
D10132419176,-33.5059296,149.00520731,686256.7012360656,6290823.741356949,782.111670456474,far-field,D20171215,2017-12-15,0.16802913,0
D10132419178,-33.50591056,149.00512625,686249.2114532738,6290825.998357715,774.3293651604002,far-field,D20171215,2017-12-15,0.42620394,0
D10132419181,-33.50588282,149.00500818,686238.3020289856,6290829.286593384,762.9950414159258,far-field,D20171215,2017-12-15,0.8549346,1
D10132419186,-33.50583726,149.00481419,686220.3777022212,6290834.687273553,744.3773203636679,far-field,D20171215,2017-12-15,0.44002676,0
D10132419190,-33.5058013,149.00466105,686206.2278160525,6290838.949992421,729.6840342530254,far-field,D20171215,2017-12-15,0.93935794,1
D10132419191,-33.50579218,149.00462219,686202.637202888,6290840.031117396,725.9562978482168,far-field,D20171215,2017-12-15,0.7037753,0
D10132419196,-33.50574727,149.00443099,686184.970642802,6290845.354639532,707.6168281119658,far-field,D20171215,2017-12-15,0.57275563,0
D10132419208,-33.50563185,149.0039398,686139.585527994,6290859.035734862,660.5295285965517,far-field,D20171215,2017-12-15,0.31666172,0
D10132419216,-33.50554953,149.00358974,686107.2406466976,6290868.792769725,626.9977326278504,far-field,D20171215,2017-12-15,0.80328476,1
D10132419217,-33.50553942,149.00354676,686103.2693780485,6290869.991035132,622.8824929496212,far-field,D20171215,2017-12-15,0.9127527,1
D10132419229,-33.50542448,149.00305764,686058.0753323822,6290883.614792496,576.0885719004734,far-field,D20171215,2017-12-15,0.931629,1
D10132419236,-33.50536462,149.0028026,686034.5097696977,6290890.710425042,551.7198882011422,far-field,D20171215,2017-12-15,0.5017093,0
D10132419254,-33.50523516,149.0022499,685983.4399073251,6290906.058050366,499.00396967442833,near-field,D20171215,2017-12-15,0.78530025,1
D10132419259,-33.50520917,149.00213838,685973.135082801,6290909.140166776,488.3895332155477,near-field,D20171215,2017-12-15,0.655544,0
D10132419280,-33.50493929,149.00099295,685867.2994151167,6290941.121612538,379.67772341462194,near-field,D20171215,2017-12-15,0.72235435,0
D10132419281,-33.50492697,149.00094064,685862.4660395021,6290942.581572443,374.73913715265655,near-field,D20171215,2017-12-15,0.30766943,0
D10132419297,-33.50475983,149.00023006,685796.8087851019,6290962.389593597,308.02045005739103,near-field,D20171215,2017-12-15,0.9363853,1
D10132419306,-33.50467091,148.99985182,685761.8593860143,6290972.927820802,272.8857884888388,near-field,D20171215,2017-12-15,0.7176724,0
D10132419312,-33.50460374,148.99956644,685735.4903824799,6290980.887679467,246.63519384594701,near-field,D20171215,2017-12-15,0.5983204,0
D10132419316,-33.50456265,148.99939175,685719.349016016,6290985.757142885,230.71700233464847,near-field,D20171215,2017-12-15,0.65049046,0
D10132419319,-33.50453267,148.99926425,685707.56797741,6290989.310050156,219.18847352205913,near-field,D20171215,2017-12-15,0.34549645,0
D10132419320,-33.50452298,148.999223,685703.7564431231,6290990.458473265,215.4776769587804,near-field,D20171215,2017-12-15,0.694783,0
D10132419321,-33.50451328,148.99918176,685699.9458584088,6290991.607985881,211.7767495337262,near-field,D20171215,2017-12-15,0.8749257,1
D10132419322,-33.50450359,148.99914051,685696.1343224755,6290992.756405892,208.08607883538824,near-field,D20171215,2017-12-15,0.42717004,0
D10132419328,-33.50444507,148.9988916,685673.1349083984,6290999.691557478,186.06640712829835,near-field,D20171215,2017-12-15,0.5402051,0
D10132419332,-33.504404,148.99871695,685656.9971582375,6291004.558624125,170.937756586111,near-field,D20171215,2017-12-15,0.82543105,1
D10132419334,-33.50438361,148.99863027,685648.9878902689,6291006.974912874,163.55424451817134,near-field,D20171215,2017-12-15,0.6035969,0
D10132419336,-33.50436324,148.99854364,685640.9832210843,6291009.388887397,156.27459224066837,near-field,D20171215,2017-12-15,0.7454667,0
D10132419337,-33.50435291,148.99849973,685636.925917589,6291010.6130167125,152.62667076894195,near-field,D20171215,2017-12-15,0.65851665,0
D10132419338,-33.5043434,148.99845927,685633.1873769165,6291011.740036242,149.2936424349198,near-field,D20171215,2017-12-15,0.7130648,0
D10132419344,-33.50428929,148.99822894,685611.9046004508,6291018.152739782,130.92541791976743,near-field,D20171215,2017-12-15,0.7225773,0
D10132419345,-33.50428037,148.99819094,685608.3933358805,6291019.209919466,128.01333233053302,near-field,D20171215,2017-12-15,0.7834423,1
D10132419347,-33.50426224,148.99811377,685601.2627274038,6291021.358527917,122.22122059338291,near-field,D20171215,2017-12-15,0.6449168,0
D10132419351,-33.50422524,148.99795628,685586.7104373049,6291025.743426679,110.53223591233781,near-field,D20171215,2017-12-15,0.94091856,1
D10132419356,-33.50417547,148.99774464,685567.1546977024,6291031.641305167,94.81982707663708,buffer,D20171215,2017-12-15,0.7317925,0
D10132419358,-33.50415484,148.99765691,685559.0483530358,6291034.086010341,88.30673400952858,buffer,D20171215,2017-12-15,0.699019,0
D10132419363,-33.50410625,148.99745025,685539.952721545,6291039.844067434,72.96488774230154,buffer,D20171215,2017-12-15,0.8946195,1
D10132419367,-33.50406808,148.99728785,685524.9467235843,6291044.367399995,60.910030374014376,buffer,D20171215,2017-12-15,0.89134955,1
D10132419373,-33.50401183,148.99704849,685502.8294675674,6291051.033321898,43.14327150447408,buffer,D20171215,2017-12-15,0.97406363,1
D10132419374,-33.50400238,148.99700827,685499.1130672044,6291052.15320511,40.15806193277911,buffer,D20171215,2017-12-15,0.8307818,1
D10132419375,-33.50399286,148.99696777,685495.3708025361,6291053.281350211,37.151686488866766,buffer,D20171215,2017-12-15,0.9178805,1
D10132419376,-33.50398327,148.99692697,685491.6008154777,6291054.417792932,34.123089748883324,buffer,D20171215,2017-12-15,0.9559304,1
D10132419379,-33.50395407,148.99680276,685480.1236121063,6291057.878033314,24.902531292084063,buffer,D20171215,2017-12-15,0.6449168,0
D10132419380,-33.50394406,148.99676021,685476.1919372473,6291059.064174917,21.74324399349393,buffer,D20171215,2017-12-15,0.5264566,0
D10132419386,-33.50388587,148.99651268,685453.3197389094,6291065.959724827,3.3682934283528607,buffer,D20171215,2017-12-15,0.79979193,1
D10132419388,-33.50386674,148.99643131,685445.801007116,6291068.226619031,0.0,core,D20171215,2017-12-15,0.60277945,0
D10132419390,-33.50384772,148.99635039,685438.3238439672,6291070.480504301,0.0,core,D20171215,2017-12-15,0.30856124,0
D10132419391,-33.50383826,148.99631013,685434.6037352143,6291071.601542421,0.0,core,D20171215,2017-12-15,0.43645957,0
D10132419392,-33.50382884,148.99627003,685430.8984048878,6291072.717857247,0.0,core,D20171215,2017-12-15,0.24189952,0
D10132419395,-33.50380109,148.99615193,685419.9857088705,6291076.006303994,0.0,core,D20171215,2017-12-15,0.7664239,1
D10132419396,-33.50379179,148.99611238,685416.3312163925,6291077.108322545,0.0,core,D20171215,2017-12-15,0.8961058,1
D10132419397,-33.50378247,148.99607271,685412.6656174036,6291078.212772061,0.0,core,D20171215,2017-12-15,0.9242717,1
D10132419398,-33.50377311,148.99603288,685408.9852384238,6291079.32194193,0.0,core,D20171215,2017-12-15,0.75468194,0
D10132419400,-33.50375421,148.99595246,685401.5542554533,6291081.5615968015,0.0,core,D20171215,2017-12-15,0.38072234,0
D10132419401,-33.50374447,148.99591105,685397.7278971588,6291082.715726325,0.0,core,D20171215,2017-12-15,0.47019917,0
D10132419404,-33.50371548,148.99578772,685386.3319399154,6291086.1509912275,0.0,core,D20171215,2017-12-15,0.69827586,0
D10132419405,-33.50370588,148.9957469,685382.560092814,6291087.288534833,0.0,core,D20171215,2017-12-15,0.8544144,1
D10132419406,-33.50369632,148.99570623,685378.8020951257,6291088.421373059,0.0,core,D20171215,2017-12-15,0.45280915,0
D10132419411,-33.50364886,148.9955043,685360.1432927161,6291094.045299885,0.0,core,D20171215,2017-12-15,0.43497324,0
D10132419413,-33.50363027,148.99542518,685352.832402808,6291096.248215731,0.0,core,D20171215,2017-12-15,0.54511,0
D10132419414,-33.5036216,148.99538827,685349.4218185507,6291097.275627101,0.0,core,D20171215,2017-12-15,0.48201546,0
D10132419415,-33.50361288,148.99535114,685345.9909014556,6291098.308975074,0.0,core,D20171215,2017-12-15,0.8285523,1
D10132419416,-33.5036041,148.99531378,685342.5387437986,6291099.349386445,0.0,core,D20171215,2017-12-15,0.4484245,0
D10132419417,-33.50359528,148.99527619,685339.0653029152,6291100.394643281,0.0,core,D20171215,2017-12-15,0.7439804,0
D10132419418,-33.5035864,148.99523839,685335.5724795205,6291101.446927736,0.0,core,D20171215,2017-12-15,0.74568963,0
D10132419419,-33.50357747,148.99520037,685332.0593232403,6291102.505148704,0.0,core,D20171215,2017-12-15,0.82543105,1
D10132419422,-33.50355091,148.99508731,685321.612263511,6291105.652511329,0.0,core,D20171215,2017-12-15,0.53307074,0
D10132419423,-33.50354213,148.99504991,685318.156384937,6291106.692985186,0.0,core,D20171215,2017-12-15,0.59341556,0
D10132419426,-33.50351578,148.99493774,685307.7915535902,6291109.815454489,0.0,core,D20171215,2017-12-15,0.3709869,0
D10132419427,-33.5035069,148.9948999,685304.2950078554,6291110.867798755,0.0,core,D20171215,2017-12-15,0.49056184,0
D10132419459,-33.50317508,148.99348949,685173.969575637,6291150.183578767,66.20060994908923,buffer,D20171215,2017-12-15,0.71752375,0
D10132419460,-33.50316416,148.99344309,685169.6820904325,6291151.477378949,70.59650253579876,buffer,D20171215,2017-12-15,0.6386742,0
D10132419469,-33.50306994,148.99304265,685132.680264771,6291162.640633834,108.53274286875785,near-field,D20171215,2017-12-15,0.6582194,0
D10132419471,-33.50304958,148.9929561,685124.6827722704,6291165.052916196,116.7319556527267,near-field,D20171215,2017-12-15,0.44470868,0
D10132419472,-33.50303957,148.99291354,685120.7500890965,6291166.238926712,120.76373745681163,near-field,D20171215,2017-12-15,0.85381985,1
D10132518888,-33.50873681,149.01659913,687308.9678672871,6290491.919811422,1883.6817716002206,far-field,D20171215,2017-12-15,0.64239,0
D10132518898,-33.50864654,149.01621454,687273.434520189,6290502.624849286,1846.617053147851,far-field,D20171215,2017-12-15,0.87931037,1
D10132518899,-33.50863752,149.01617614,687269.8866474911,6290503.694462873,1842.91612660671,far-field,D20171215,2017-12-15,0.25691143,0
D10132518901,-33.50861932,149.01609861,687262.7234286517,6290505.852747341,1835.4443791811248,far-field,D20171215,2017-12-15,0.33925387,0
D10132518966,-33.50802578,149.01357045,687029.1380198383,6290576.235451734,1591.8462474736632,far-field,D20171215,2017-12-15,0.8294441,1
D10132518991,-33.50780393,149.01262527,686941.8086808323,6290602.541598849,1500.8061822828265,far-field,D20171215,2017-12-15,0.9507283,1
D10132518997,-33.50774445,149.01237214,686918.4209551244,6290609.593870629,1476.4256405689537,far-field,D20171215,2017-12-15,0.45191735,0
D10132519010,-33.50761939,149.0118398,686869.2357029936,6290624.421689532,1425.1589274565029,far-field,D20171215,2017-12-15,0.87945896,1
D10132519023,-33.50749443,149.01130787,686820.0881877667,6290639.237422496,1373.9396334940725,far-field,D20171215,2017-12-15,0.8686831,1
D10132519030,-33.50742627,149.01101778,686793.2853773285,6290647.318526264,1346.0101382388862,far-field,D20171215,2017-12-15,0.6822979,0
D10132519042,-33.50731177,149.01053037,686748.2510827122,6290660.893738164,1299.0900546627113,far-field,D20171215,2017-12-15,0.5336653,0
D10132519043,-33.50730227,149.01048991,686744.5127618585,6290662.020091846,1295.195760636714,far-field,D20171215,2017-12-15,0.1582937,0
D10132519044,-33.50729269,149.01044916,686740.7476711108,6290663.1558378,1291.2731679334584,far-field,D20171215,2017-12-15,0.51263374,0
D10132519046,-33.50727314,149.01036596,686733.0603950969,6290665.473634969,1283.264894314383,far-field,D20171215,2017-12-15,0.76798457,1
D10132519047,-33.50726332,149.01032416,686729.1982725102,6290666.6378815435,1279.2416800823896,far-field,D20171215,2017-12-15,0.8006094,1
D10132519049,-33.50724368,149.01024059,686721.4768118018,6290668.966315921,1271.1980739780377,far-field,D20171215,2017-12-15,0.681852,0
D10132519050,-33.50723387,149.01019884,686717.6193102001,6290670.1293587675,1267.1798075968704,far-field,D20171215,2017-12-15,0.3832491,0
D10132519051,-33.50722407,149.01015714,686713.7664312735,6290671.291201064,1263.16635573131,far-field,D20171215,2017-12-15,0.92486626,1
D10132519052,-33.5072145,149.01011639,686710.0013124796,6290672.425825717,1259.2446580368294,far-field,D20171215,2017-12-15,0.99464923,1
D10132519055,-33.50718611,149.00999554,686698.8353240166,6290675.791684073,1247.6143596579095,far-field,D20171215,2017-12-15,0.6195006,0
D10132519060,-33.50714016,149.00979984,686680.7534712339,6290681.239572376,1228.782866870624,far-field,D20171215,2017-12-15,0.9212247,1
D10132519063,-33.50711381,149.0096876,686670.382953271,6290684.363673647,1217.9833076074688,far-field,D20171215,2017-12-15,0.90546966,1
D10132519064,-33.50710507,149.00965036,686666.9421222225,6290685.399920775,1214.4003556348746,far-field,D20171215,2017-12-15,0.75876933,1
D10132519065,-33.50709633,149.00961312,686663.5012905065,6290686.436166637,1210.817465918764,far-field,D20171215,2017-12-15,0.6323573,0
D10132519066,-33.50708735,149.00957487,686659.9671443601,6290687.500843762,1207.1373560544903,far-field,D20171215,2017-12-15,0.9461207,1
D10132519076,-33.5069926,149.00917154,686622.7011599073,6290698.733952841,1168.334056058696,far-field,D20171215,2017-12-15,0.88525563,1
D10132519078,-33.50697385,149.00909171,686615.3251888023,6290700.956873689,1160.6549053823512,far-field,D20171215,2017-12-15,0.9264269,1
D10132519079,-33.50696443,149.00905159,686611.6182541482,6290702.073691055,1156.79585404969,far-field,D20171215,2017-12-15,0.85694116,1
D10132519081,-33.50694548,149.00897094,686604.1665295416,6290704.320257518,1149.038039229598,far-field,D20171215,2017-12-15,0.523261,0
D10132519087,-33.50688801,149.00872632,686581.5646237852,6290711.133479482,1125.510172156211,far-field,D20171215,2017-12-15,0.588585,0
D10132519088,-33.50687868,149.0086866,686577.8946490004,6290712.239583395,1121.6902262805543,far-field,D20171215,2017-12-15,0.9042063,1
D10132519089,-33.50686935,149.00864688,686574.2246734528,6290713.345685873,1117.8703698521242,far-field,D20171215,2017-12-15,0.80239296,1
D10132519090,-33.50686002,149.00860715,686570.5537681376,6290714.451804903,1114.0497331221327,far-field,D20171215,2017-12-15,0.51575506,0
D10132519091,-33.50685069,149.00856743,686566.883791064,6290715.557904509,1110.2300584638087,far-field,D20171215,2017-12-15,0.66721165,0
D10132519092,-33.50684136,149.0085277,686563.2128842226,6290716.664020665,1106.4096055775967,far-field,D20171215,2017-12-15,0.79347503,1
D10132519093,-33.50683202,149.00848797,686559.541998087,6290717.771244345,1102.5888578278873,far-field,D20171215,2017-12-15,0.7230975,0
D10132519099,-33.50677619,149.00825024,686537.5765998191,6290724.390099216,1079.7311056805654,far-field,D20171215,2017-12-15,0.7010999,0
D10132519100,-33.50676684,149.00821044,686533.899226775,6290725.498547701,1075.904557317779,far-field,D20171215,2017-12-15,0.82000595,1
D10132519103,-33.50673786,149.0080871,686522.5030707581,6290728.934102438,1064.0465820939944,far-field,D20171215,2017-12-15,0.85604936,1
D10132519104,-33.50672825,149.00804622,686518.7259199466,6290730.073319919,1060.1163885265948,far-field,D20171215,2017-12-15,0.66394174,0
D10132519105,-33.50671868,149.00800547,686514.9607595544,6290731.207866291,1056.1991745402563,far-field,D20171215,2017-12-15,0.68192625,0
D10132519106,-33.50670914,149.00796486,686511.2085400624,6290732.338832548,1052.2954178754294,far-field,D20171215,2017-12-15,0.58955115,0
D10132519107,-33.5066996,149.00792429,686507.4600358022,6290733.469725386,1048.3952503020935,far-field,D20171215,2017-12-15,0.7503716,0
D10132519112,-33.50665111,149.00771792,686488.3921874055,6290739.218103196,1028.5592950854934,far-field,D20171215,2017-12-15,0.66810346,0
D10132519115,-33.50662299,149.00759822,686477.3323152154,6290742.551688513,1017.0555607194627,far-field,D20171215,2017-12-15,0.5236326,0
D10132519118,-33.50659646,149.00748518,686466.8877434107,6290745.696964253,1006.1938925930248,far-field,D20171215,2017-12-15,0.86667657,1
D10132519120,-33.5065789,149.00741038,686459.9764447603,6290747.778754851,999.0069528334443,far-field,D20171215,2017-12-15,0.66810346,0
D10132519121,-33.50657016,149.00737315,686456.5365017289,6290748.814906828,995.4299879780716,far-field,D20171215,2017-12-15,0.6857907,0
D10132519124,-33.5065441,149.00726214,686446.2794978839,6290751.904389613,984.7651158111369,far-field,D20171215,2017-12-15,0.3234245,0
D10132519126,-33.50652683,149.00718855,686439.4799789943,6290753.951830437,977.6960207754294,far-field,D20171215,2017-12-15,0.29681927,0
D10132519129,-33.5065009,149.00707805,686429.2700657877,6290757.025961515,967.0822903171207,far-field,D20171215,2017-12-15,0.22116528,0
D10132519130,-33.50649188,149.00703967,686425.7238814668,6290758.09521987,963.3955222830695,far-field,D20171215,2017-12-15,0.74487215,0
D10132519134,-33.50645584,149.00688617,686411.5409092568,6290762.367768106,948.6531236024707,far-field,D20171215,2017-12-15,0.53373957,0
D10132519137,-33.50642912,149.00677237,686401.026101401,6290765.535406513,937.7249611483743,far-field,D20171215,2017-12-15,0.71886146,0
D10132519143,-33.5063761,149.00654651,686380.1572138174,6290771.820945337,916.0399733168019,far-field,D20171215,2017-12-15,0.16542806,0
D10132519144,-33.50636636,149.00650509,686376.3301448214,6290772.9754922,912.0630942957627,far-field,D20171215,2017-12-15,0.43898633,0
D10132519150,-33.50630632,149.00624966,686352.7291982749,6290780.092587752,887.5434630972186,far-field,D20171215,2017-12-15,0.5915577,0
D10132519151,-33.50629667,149.00620859,686348.9344457003,6290781.2365140375,883.6018397642177,far-field,D20171215,2017-12-15,0.55417657,0
D10132519154,-33.5062675,149.00608448,686337.4670438411,6290784.694297481,871.6914431148779,far-field,D20171215,2017-12-15,0.09772592,0
D10132519156,-33.50624786,149.0060009,686329.7444827398,6290787.022427388,863.6717788623434,far-field,D20171215,2017-12-15,0.16282699,0
D10132519164,-33.50616661,149.00565532,686297.8139040512,6290796.653415796,830.5203571120343,far-field,D20171215,2017-12-15,0.15160523,0
D10132519173,-33.50607667,149.0052727,686262.4608307795,6290807.314490376,793.8360129931201,far-field,D20171215,2017-12-15,0.7478448,0
D10132519174,-33.50606657,149.00522976,686258.4932978938,6290808.511640995,789.7202004496227,far-field,D20171215,2017-12-15,0.521849,0
D10132519175,-33.50605648,149.00518684,686254.5276007116,6290809.707645066,785.6068274366218,far-field,D20171215,2017-12-15,0.8747771,1
D10132519176,-33.50604649,149.00514432,686250.5988488328,6290810.891839679,781.5323419846148,far-field,D20171215,2017-12-15,0.8945452,1
D10132519177,-33.50603699,149.00510391,686246.8650676752,6290812.017905277,777.6600848469874,far-field,D20171215,2017-12-15,0.7150713,0
D10132519178,-33.50602747,149.00506338,686243.1201804329,6290813.146402756,773.7769567510492,far-field,D20171215,2017-12-15,0.781956,1
D10132519179,-33.50601791,149.0050227,686239.3614429242,6290814.27960388,769.879540191534,far-field,D20171215,2017-12-15,0.71276754,0
D10132519181,-33.50599853,149.00494024,686231.7423312033,6290816.576809366,761.9801508852111,far-field,D20171215,2017-12-15,0.7508175,0
D10132519182,-33.50598891,149.0048993,686227.9595654951,6290817.717126453,758.0587705523594,far-field,D20171215,2017-12-15,0.5460018,0
D10132519186,-33.50595429,149.00475181,686214.3317289625,6290821.821114868,743.9358257052909,far-field,D20171215,2017-12-15,0.36972353,0
D10132519189,-33.50592835,149.00464128,686204.1189199733,6290824.896163729,733.3549611628081,far-field,D20171215,2017-12-15,0.01062723,0
D10132519204,-33.50579161,149.00405909,686150.325555084,6290841.104958061,677.661963195948,far-field,D20171215,2017-12-15,0.5089179,0
D10132519205,-33.50578157,149.0040164,686146.3810938509,6290842.2949588895,673.5807922955838,far-field,D20171215,2017-12-15,0.44359395,0
D10132519211,-33.50571756,149.00374427,686121.2368853447,6290849.881696027,647.5762708926808,far-field,D20171215,2017-12-15,0.029726516,0
D10132519212,-33.50570666,149.00369794,686116.9560975033,6290851.173585856,643.1510079782156,far-field,D20171215,2017-12-15,0.21358502,0
D10132519216,-33.50566505,149.003521,686100.6071902249,6290856.105409103,626.2572608538112,far-field,D20171215,2017-12-15,0.6401605,0
D10132519217,-33.50565473,149.00347714,686096.5546224999,6290857.328538815,622.0709130315506,far-field,D20171215,2017-12-15,0.76657254,1
D10132519219,-33.50563577,149.00339645,686089.0989857591,6290859.575876867,614.3720745752067,far-field,D20171215,2017-12-15,0.9629162,1
D10132519224,-33.50558797,149.00319304,686070.3041971354,6290865.241576832,594.9741999593322,far-field,D20171215,2017-12-15,0.6249257,0
D10132519230,-33.50553507,149.00296771,686049.4838996627,6290871.51212193,573.5068052349632,far-field,D20171215,2017-12-15,0.3365785,0
D10132519231,-33.50552612,149.0029296,686045.9625726391,6290872.57298978,569.8779621466396,far-field,D20171215,2017-12-15,0.15212545,0
D10132519233,-33.50550791,149.0028521,686038.80166579,6290874.731394787,562.4999067517564,far-field,D20171215,2017-12-15,0.81279725,1
D10132519242,-33.50542305,149.00249091,686005.4280884566,6290884.789717015,528.1522482618321,far-field,D20171215,2017-12-15,0.7109096,0
D10132519248,-33.50537688,149.00229396,685987.2298689035,6290890.262907044,509.45725390777307,far-field,D20171215,2017-12-15,0.35790727,0
D10132519250,-33.5053641,149.00223931,685982.1801275713,6290891.778136449,504.27536183803903,far-field,D20171215,2017-12-15,0.8133918,1
D10132519252,-33.50535173,149.00218641,685977.2920858482,6290893.244758444,499.2612420674036,near-field,D20171215,2017-12-15,0.6716706,0
D10132519254,-33.50533975,149.00213513,685972.5537094099,6290894.665224254,494.4029694930214,near-field,D20171215,2017-12-15,0.54852855,0
D10132519255,-33.50533388,149.00211,685970.2316439397,6290895.3612344675,492.02283643199587,near-field,D20171215,2017-12-15,0.6653538,0
D10132519259,-33.50530788,149.00199883,685959.9593649097,6290898.443818657,481.4972644187233,near-field,D20171215,2017-12-15,0.97369206,1
D10132519262,-33.50528681,149.00190885,685951.645125401,6290900.941691208,472.98321625141165,near-field,D20171215,2017-12-15,0.8125743,1
D10132519264,-33.50527204,149.00184579,685945.8183256013,6290902.692659067,467.01986622936926,near-field,D20171215,2017-12-15,0.5975773,0
D10132519278,-33.5050832,149.00104458,685871.7881684363,6290925.070099158,391.51210480286966,near-field,D20171215,2017-12-15,0.94582343,1
D10132519284,-33.50501311,149.0007469,685844.2829165512,6290933.376119966,363.65819805078536,near-field,D20171215,2017-12-15,0.23929845,0
D10132519306,-33.50479003,148.99979825,685756.6279750842,6290959.813852542,276.11456036403405,near-field,D20171215,2017-12-15,0.3922414,0
D10132519311,-33.50473788,148.99957656,685736.1438701167,6290965.994012529,256.0600604085121,near-field,D20171215,2017-12-15,0.3786415,0
D10132519312,-33.50472789,148.99953409,685732.2196479484,6290967.177900549,252.24334698458608,near-field,D20171215,2017-12-15,0.65814507,0
D10132519314,-33.50470769,148.99944816,685724.2796975626,6290969.571841157,244.54976915458636,near-field,D20171215,2017-12-15,0.69322234,0
D10132519316,-33.50468716,148.99936086,685716.2131722104,6290972.004823286,236.77442924611447,near-field,D20171215,2017-12-15,0.51508623,0
D10132519317,-33.50467679,148.99931681,685712.142971473,6290973.233671889,232.86753778299524,near-field,D20171215,2017-12-15,0.8272146,1
D10132519321,-33.50463632,148.99914471,685696.2409019805,6290978.02970472,217.7307357037174,near-field,D20171215,2017-12-15,0.80566293,1
D10132519324,-33.50460604,148.99901592,685684.3406628196,6290981.618161583,206.55174933406073,near-field,D20171215,2017-12-15,0.80135256,1
D10132519327,-33.50457877,148.99889985,685673.6157076281,6290984.850040564,196.6070444286557,near-field,D20171215,2017-12-15,0.6720422,0
D10132519330,-33.50455108,148.99878197,685662.7234891935,6290988.131722905,186.6534485145146,near-field,D20171215,2017-12-15,0.76464033,1
D10132519333,-33.50452084,148.9986534,685650.8435805861,6290991.7153077135,175.99066532427466,near-field,D20171215,2017-12-15,0.8318222,1
D10132519337,-33.5044801,148.99848017,685634.8370523513,6290996.543200583,162.01805386025418,near-field,D20171215,2017-12-15,0.65309155,0
D10132519344,-33.5044169,148.99821113,685609.9774543684,6291004.033212595,141.47840964621778,near-field,D20171215,2017-12-15,0.5349287,0
D10132519345,-33.50440776,148.9981722,685606.3802650534,6291005.116452806,138.58955748094883,near-field,D20171215,2017-12-15,0.81688464,1
D10132519347,-33.50438938,148.99809396,685599.150794675,6291007.294698523,132.7826725550157,near-field,D20171215,2017-12-15,0.664239,0
D10132519356,-33.50430326,148.99772758,685565.296909518,6291017.500469254,105.58577474550245,near-field,D20171215,2017-12-15,0.7708086,1
D10132519357,-33.50429346,148.99768589,685561.4447079957,6291018.661820421,102.49102699734435,near-field,D20171215,2017-12-15,0.9322979,1
D10132519358,-33.50428352,148.99764363,685557.5398498267,6291019.839714961,99.3534189068369,buffer,D20171215,2017-12-15,0.86206895,1
D10132519361,-33.5042553,148.99752356,685546.4452336166,6291023.183954293,90.44077006713323,buffer,D20171215,2017-12-15,0.63480973,0
D10132519365,-33.50421741,148.99736231,685531.5455054165,6291027.674190831,78.47216907154757,buffer,D20171215,2017-12-15,0.93437874,1
D10132519370,-33.50417148,148.99716683,685513.4828529571,6291033.117218031,63.963198794125915,buffer,D20171215,2017-12-15,0.8904578,1
D10132519371,-33.5041622,148.99712734,685509.8339170589,6291034.216948055,61.03203328749468,buffer,D20171215,2017-12-15,0.9654429,1
D10132519376,-33.5041148,148.99692569,685491.2011672126,6291039.833982401,46.06328228499098,buffer,D20171215,2017-12-15,0.9086653,1
D10132519380,-33.50407595,148.99676041,685475.9290411725,6291044.437796319,33.79441699231186,buffer,D20171215,2017-12-15,0.3353894,0
D10132519381,-33.50406591,148.99671772,685471.984429087,6291045.627513622,30.62500695085066,buffer,D20171215,2017-12-15,0.013153983,0
D10132519386,-33.50401628,148.99650665,685452.481248931,6291051.508610072,14.955603817081949,buffer,D20171215,2017-12-15,0.4981421,0
D10132519388,-33.50399668,148.99642328,685444.7777248074,6291053.831200315,8.766686936922266,buffer,D20171215,2017-12-15,0.6601516,0
D10132519389,-33.50398692,148.99638179,685440.943992278,6291054.987708664,5.686171963916831,buffer,D20171215,2017-12-15,0.1724138,0
D10132519390,-33.50397721,148.99634048,685437.1268748275,6291056.13834891,2.6197213770206496,buffer,D20171215,2017-12-15,0.2345422,0
D10132519391,-33.50396753,148.99629932,685433.3236280405,6291057.28539261,0.0,core,D20171215,2017-12-15,0.15636148,0
D10132519392,-33.5039578,148.99625793,685429.4991193477,6291058.438390664,0.0,core,D20171215,2017-12-15,0.25022295,0
D10132519393,-33.5039488,148.99621962,685425.9591946262,6291059.504928099,0.0,core,D20171215,2017-12-15,0.7599584,1
D10132519395,-33.50393072,148.99614265,685418.8469975553,6291061.647496185,0.0,core,D20171215,2017-12-15,0.8709126,1
D10132519396,-33.50392164,148.99610398,685415.2737961599,6291062.723544684,0.0,core,D20171215,2017-12-15,0.46232164,0
D10132519398,-33.50390354,148.99602697,685408.1579213183,6291064.868394073,0.0,core,D20171215,2017-12-15,0.6880202,0
D10132519400,-33.50388453,148.99594606,685400.6816615913,6291067.121123066,0.0,core,D20171215,2017-12-15,0.24019025,0
D10132519401,-33.50387462,148.99590393,685396.7887812727,6291068.29539151,0.0,core,D20171215,2017-12-15,0.6189061,0
D10132519402,-33.50386471,148.99586179,685392.8949710606,6291069.469676208,0.0,core,D20171215,2017-12-15,0.34185493,0
D10132519403,-33.5038548,148.99581966,685389.0020890225,6291070.643941421,0.0,core,D20171215,2017-12-15,0.63012785,0
D10132519411,-33.50377547,148.99548227,685357.8265921704,6291080.044175125,0.0,core,D20171215,2017-12-15,0.735434,0
D10132519412,-33.50376571,148.99544076,685353.9909826659,6291081.200683683,0.0,core,D20171215,2017-12-15,0.6374108,0
D10132519414,-33.50374851,148.9953675,685347.2215520021,6291083.238980619,0.0,core,D20171215,2017-12-15,0.41349584,0
D10132519415,-33.50374013,148.99533183,685343.9255539342,6291084.232015068,0.0,core,D20171215,2017-12-15,0.62336504,0
D10132519416,-33.50373171,148.99529596,685340.61105984,6291085.229841501,0.0,core,D20171215,2017-12-15,0.43809453,0
D10132519417,-33.50372325,148.99525989,685337.2780697143,6291086.232459899,0.0,core,D20171215,2017-12-15,0.3101962,0
D10132519425,-33.50365474,148.99496814,685310.3195332245,6291094.351106076,0.0,core,D20171215,2017-12-15,0.8718044,1
D10132519426,-33.50364607,148.99493119,685306.9052299359,6291095.378573695,0.0,core,D20171215,2017-12-15,0.38614744,0
D10132519455,-33.50334075,148.9936336,685187.0049807364,6291131.554279713,45.9795033790482,buffer,D20171215,2017-12-15,0.31420928,0
D10132519456,-33.50332919,148.99358449,685182.4670993446,6291132.92389678,50.63224314207727,buffer,D20171215,2017-12-15,0.56264865,0
D10132519457,-33.50331774,148.99353588,685177.975434396,6291134.280420646,55.23799593146296,buffer,D20171215,2017-12-15,0.7641201,1
D10132519459,-33.50329574,148.99344244,685169.3413606151,6291136.886908968,64.09087005617263,buffer,D20171215,2017-12-15,0.33642983,0
D10132519461,-33.50327437,148.99335162,685160.9493489035,6291139.418848898,72.69488721211724,buffer,D20171215,2017-12-15,0.8001635,1
D10132519462,-33.50326345,148.99330524,685156.6637253033,6291140.712607746,77.09454774309903,buffer,D20171215,2017-12-15,0.6671373,0
D10132519464,-33.50324186,148.99321351,685148.1876335493,6291143.27055744,85.81926299353717,buffer,D20171215,2017-12-15,0.56346613,0
D10132519470,-33.50317991,148.99295016,685123.8533116766,6291150.610507134,110.97938168681526,near-field,D20171215,2017-12-15,0.5136742,0
D10132618871,-33.50901437,149.01722033,687366.0780163553,6290460.017499868,1948.2140969179713,far-field,D20171215,2017-12-15,0.8207491,1
D10132618885,-33.50888088,149.01665193,687313.5623402311,6290475.847645527,1893.4491891958924,far-field,D20171215,2017-12-15,0.18200059,0
D10132618886,-33.50887196,149.01661395,687310.0532829462,6290476.905426476,1889.790007496935,far-field,D20171215,2017-12-15,0.2810642,0
D10132618887,-33.50886305,149.01657598,687306.5451323945,6290477.962079095,1886.1320866918936,far-field,D20171215,2017-12-15,0.4351962,0
D10132618901,-33.50873996,149.01605142,687258.0795442857,6290492.559425792,1835.5999698232238,far-field,D20171215,2017-12-15,0.7089774,0
D10132618902,-33.5087311,149.01601369,687254.5935713438,6290493.610080887,1831.965291076201,far-field,D20171215,2017-12-15,0.41988704,0
D10132618969,-33.50812419,149.01342835,687015.7252159121,6290565.578376457,1582.98388673526,far-field,D20171215,2017-12-15,0.9771849,1
D10132619010,-33.5077436,149.01180765,686865.9818627988,6290610.705208635,1426.9847245138621,far-field,D20171215,2017-12-15,0.96455115,1
D10132619015,-33.50769596,149.01160484,686847.2433266481,6290616.3536422355,1407.4690488321821,far-field,D20171215,2017-12-15,0.6310196,0
D10132619025,-33.5075956,149.01117782,686807.7890604741,6290628.252289357,1366.3816123028575,far-field,D20171215,2017-12-15,0.28857017,0
D10132619029,-33.50755679,149.01101267,686792.5300888848,6290632.853577567,1350.4931945626454,far-field,D20171215,2017-12-15,0.48602855,0
D10132619030,-33.5075472,149.01097181,686788.754816771,6290633.990650116,1346.5628585145714,far-field,D20171215,2017-12-15,0.6773187,0
D10132619033,-33.50751883,149.01085104,686777.5962845605,6290637.354241064,1334.9454303906086,far-field,D20171215,2017-12-15,0.1382283,0
D10132619034,-33.50750931,149.01081051,686773.8515157546,6290638.482950678,1331.0468395105672,far-field,D20171215,2017-12-15,0.9169144,1
D10132619046,-33.50739555,149.01032623,686729.1064286191,6290651.970375009,1284.4693966524328,far-field,D20171215,2017-12-15,0.60277945,0
D10132619047,-33.5073857,149.01028433,686725.2350856613,6290653.138127135,1280.4397517857108,far-field,D20171215,2017-12-15,0.63072234,0
D10132619048,-33.50737582,149.01024229,686721.3508003204,6290654.309456556,1276.3968443241286,far-field,D20171215,2017-12-15,0.71098393,0
D10132619050,-33.50735618,149.01015869,686713.6265612337,6290656.6379390415,1268.3577372862396,far-field,D20171215,2017-12-15,0.8652646,1
D10132619060,-33.50726131,149.00975487,686676.3154849592,6290667.885453381,1229.530962572225,far-field,D20171215,2017-12-15,0.6081302,0
D10132619072,-33.50715089,149.00928466,686632.87008315,6290680.976704797,1184.3345258434606,far-field,D20171215,2017-12-15,0.34928656,0
D10132619074,-33.50713206,149.00920448,686625.4617845392,6290683.209135564,1176.628969694333,far-field,D20171215,2017-12-15,0.8491379,1
D10132619075,-33.50712273,149.00916476,686621.7918246095,6290684.3152569225,1172.8118297539793,far-field,D20171215,2017-12-15,0.9101516,1
D10132619076,-33.5071134,149.00912505,686618.122792919,6290685.421358853,1168.995661622487,far-field,D20171215,2017-12-15,0.8995987,1
D10132619077,-33.50710407,149.00908534,686614.453760468,6290686.527459349,1165.179598128366,far-field,D20171215,2017-12-15,0.6473692,0
D10132619078,-33.50709477,149.00904571,686610.7920948495,6290687.630087607,1161.371772014828,far-field,D20171215,2017-12-15,0.8972949,1
D10132619079,-33.50708553,149.00900637,686607.1572407058,6290688.7255389765,1157.591596635159,far-field,D20171215,2017-12-15,0.80239296,1
D10132619082,-33.50705763,149.00888758,686596.181527065,6290692.033231037,1146.1777626310259,far-field,D20171215,2017-12-15,0.7927319,1
D10132619083,-33.50704826,149.00884772,686592.4986408978,6290693.144028615,1142.347746300262,far-field,D20171215,2017-12-15,0.97800237,1
D10132619085,-33.50702945,149.00876764,686585.099572434,6290695.374029706,1134.654047366478,far-field,D20171215,2017-12-15,0.9865487,1
D10132619086,-33.50702011,149.00872785,686581.423122562,6290696.481370144,1130.8316399531532,far-field,D20171215,2017-12-15,0.57364744,0
D10132619088,-33.50700145,149.00864841,686574.0831836296,6290698.693576965,1123.2001102518107,far-field,D20171215,2017-12-15,0.58999705,0
D10132619089,-33.50699212,149.00860868,686570.4122840158,6290699.799696208,1119.3836555074902,far-field,D20171215,2017-12-15,0.7563912,1
D10132619092,-33.50696412,149.00848949,686559.3996020621,6290703.119154278,1107.934613166938,far-field,D20171215,2017-12-15,0.77244353,1
D10132619093,-33.50695479,149.00844976,686555.7286993953,6290704.225267775,1104.1186442250073,far-field,D20171215,2017-12-15,0.91119206,1
D10132619098,-33.50690829,149.00825178,686537.4360959192,6290709.737974463,1085.104740660999,far-field,D20171215,2017-12-15,0.6055291,0
D10132619100,-33.50688941,149.00817142,686530.0111425067,6290711.976198345,1077.3876967992815,far-field,D20171215,2017-12-15,0.7969679,1
D10132619104,-33.50685044,149.0080056,686514.6900308306,6290716.5959827695,1061.4651186650067,far-field,D20171215,2017-12-15,0.7350624,0
D10132619106,-33.50683052,149.00792084,686506.858537657,6290718.957431635,1053.3271115434852,far-field,D20171215,2017-12-15,0.89239,1
D10132619107,-33.50682047,149.00787807,686502.9067517191,6290720.148835454,1049.2209768586076,far-field,D20171215,2017-12-15,0.57193816,0
D10132619110,-33.50679129,149.00775392,686491.435773238,6290723.607988824,1037.3026059697656,far-field,D20171215,2017-12-15,0.82959276,1
D10132619112,-33.50677174,149.0076707,686483.7465426215,6290725.92561821,1029.3147252864335,far-field,D20171215,2017-12-15,0.72101665,0
D10132619113,-33.50676236,149.00763077,686480.0571514,6290727.037606447,1025.4822920888014,far-field,D20171215,2017-12-15,0.9238258,1
D10132619116,-33.50673514,149.00751486,686469.3474533567,6290730.264563391,1014.3586367354444,far-field,D20171215,2017-12-15,0.76486325,1
D10132619123,-33.50667326,149.00725128,686444.9934752908,6290737.600591976,989.0693139268967,far-field,D20171215,2017-12-15,0.5931183,0
D10132619126,-33.50664719,149.00714022,686434.7318571705,6290740.691261716,978.4159968405354,far-field,D20171215,2017-12-15,0.6957491,0
D10132619127,-33.50663849,149.00710313,686431.3048348764,6290741.722717237,974.8587536897998,far-field,D20171215,2017-12-15,0.46611178,0
D10132619130,-33.50661123,149.00698707,686420.5812579687,6290744.954323934,963.7271412986805,far-field,D20171215,2017-12-15,0.68549347,0
D10132619132,-33.50659301,149.00690946,686413.4103166724,6290747.114322042,956.2846284722815,far-field,D20171215,2017-12-15,0.90680736,1
D10132619133,-33.5065839,149.00687067,686409.8262384457,6290748.194292085,952.5649375757395,far-field,D20171215,2017-12-15,0.7829964,1
D10132619137,-33.50654867,149.0067206,686395.9601879275,6290752.370828231,938.1766453200005,far-field,D20171215,2017-12-15,0.71499705,0
D10132619138,-33.5065399,149.00668324,686392.5082250421,6290753.410517459,934.5951417955395,far-field,D20171215,2017-12-15,0.84022,1
D10132619139,-33.50653124,149.00664633,686389.0978309094,6290754.437198285,931.057139768098,far-field,D20171215,2017-12-15,0.7355083,0
D10132619141,-33.50651381,149.0065721,686382.2391872602,6290756.50349145,923.9418023550089,far-field,D20171215,2017-12-15,0.6736029,0
D10132619144,-33.50648576,149.0064527,686371.2069859749,6290759.828650717,912.4976756598664,far-field,D20171215,2017-12-15,0.25691143,0
D10132619145,-33.50647602,149.00641125,686367.3771339827,6290760.983248107,908.5251813660515,far-field,D20171215,2017-12-15,0.87485135,1
D10132619147,-33.50645644,149.00632792,686359.6776945734,6290763.304300308,900.539765878108,far-field,D20171215,2017-12-15,0.84148335,1
D10132619151,-33.50641806,149.00616459,686344.5864931718,6290767.853904907,884.890895268405,far-field,D20171215,2017-12-15,0.29689357,0
D10132619152,-33.50640857,149.0061242,686340.8545743129,6290768.978863298,881.0217398310562,far-field,D20171215,2017-12-15,0.39357907,0
D10132619154,-33.50638949,149.00604297,686333.3491432288,6290771.240673553,873.2413372754727,far-field,D20171215,2017-12-15,0.6200208,0
D10132619156,-33.50636994,149.00595979,686325.6635597954,6290773.558101516,865.2747380664691,far-field,D20171215,2017-12-15,0.664239,0
D10132619164,-33.50628725,149.00560814,686293.1722011885,6290783.359669631,831.6064491434815,far-field,D20171215,2017-12-15,0.4228597,0
D10132619165,-33.50627672,149.0055634,686289.0383812861,6290784.607751323,827.3240401112047,far-field,D20171215,2017-12-15,0.34735435,0
D10132619173,-33.50619533,149.00521721,686257.0514091064,6290794.255224239,794.2045360701865,far-field,D20171215,2017-12-15,0.63703924,0
D10132619174,-33.50618525,149.00517432,686253.0884833894,6290795.450065167,790.1031701022977,far-field,D20171215,2017-12-15,0.23431927,0
D10132619176,-33.50616609,149.0050928,686245.556245087,6290797.721197554,782.3088455622819,far-field,D20171215,2017-12-15,0.7947384,1
D10132619185,-33.50608433,149.00474466,686213.3888294476,6290807.413054185,749.0423901452374,far-field,D20171215,2017-12-15,0.01902497,0
D10132619189,-33.5060494,149.00459587,686199.640895502,6290811.553733643,734.8345147325925,far-field,D20171215,2017-12-15,0.33182225,0
D10132619196,-33.50598719,149.00433093,686175.1609065814,6290818.928098578,709.5499205657404,far-field,D20171215,2017-12-15,0.6934453,0
D10132619198,-33.50596849,149.00425131,686167.8041621639,6290821.144746413,701.9551530980689,far-field,D20171215,2017-12-15,0.35694113,0
D10132619204,-33.50591074,149.00400556,686145.0973540706,6290827.989997305,678.5247454537289,far-field,D20171215,2017-12-15,0.5506094,0
D10132619205,-33.5059008,149.0039633,686141.1926312426,6290829.1681350395,674.497162187634,far-field,D20171215,2017-12-15,0.48669738,0
D10132619209,-33.50586027,149.00379089,686125.262302494,6290833.972106202,658.07322380702,far-field,D20171215,2017-12-15,0.11741974,0
D10132619211,-33.50583871,149.00369925,686116.7949866104,6290836.527443143,649.3471490911516,far-field,D20171215,2017-12-15,0.7899079,1
D10132619212,-33.50582774,149.00365264,686112.4883418685,6290837.827596326,644.9099292920396,far-field,D20171215,2017-12-15,0.5186534,0
D10132619216,-33.50578439,149.00346839,686095.4640717857,6290842.965485705,627.3787914758468,far-field,D20171215,2017-12-15,0.09401011,0
D10132619217,-33.50577492,149.00342806,686091.7376315075,6290844.088019445,623.5442441378624,far-field,D20171215,2017-12-15,0.26263377,0
D10132619220,-33.50574589,149.00330453,686080.3236635141,6290847.528923515,611.8024679987651,far-field,D20171215,2017-12-15,0.0688912,0
D10132619231,-33.50564607,149.00287953,686041.0541879315,6290859.360838645,571.464951756879,far-field,D20171215,2017-12-15,0.5464477,0
D10132619233,-33.50562785,149.00280196,686033.8868085508,6290861.520474925,564.1131050983354,far-field,D20171215,2017-12-15,0.28359097,0
D10132619237,-33.50559138,149.00264669,686019.5400280526,6290865.843291051,549.4079756657927,far-field,D20171215,2017-12-15,0.5336653,0
D10132619238,-33.50558098,149.00260247,686015.4541746358,6290867.075903256,545.222134937709,far-field,D20171215,2017-12-15,0.9375,1
D10132619239,-33.50557062,149.00255844,686011.3858859873,6290868.3037371505,541.0553143589179,far-field,D20171215,2017-12-15,0.21469976,0
D10132619240,-33.50556031,149.00251458,686007.3332826799,6290869.525719663,536.9063770486363,far-field,D20171215,2017-12-15,0.6261147,0
D10132619241,-33.50554989,149.00247028,686003.2400371009,6290870.760687914,532.7168242624933,far-field,D20171215,2017-12-15,0.74985135,0
D10132619242,-33.50553969,149.0024269,685999.2317893415,6290871.969607715,528.6157950223894,far-field,D20171215,2017-12-15,0.803805,1
D10132619244,-33.50552065,149.00234588,685991.7456367456,6290874.226332314,520.9605558073343,far-field,D20171215,2017-12-15,0.22086802,0
D10132619245,-33.50551255,149.00231135,685988.5550730256,6290875.186498646,517.7002017091652,far-field,D20171215,2017-12-15,0.6574019,0
D10132619256,-33.50542827,149.00195182,685955.3344288066,6290885.177349312,483.8140475768167,near-field,D20171215,2017-12-15,0.6638674,0
D10132619262,-33.50538833,149.00178114,685939.5633902266,6290889.91247545,467.7722891441755,near-field,D20171215,2017-12-15,0.46863854,0
D10132619265,-33.50536007,149.00166086,685928.4496078221,6290893.261979539,456.4795013554685,near-field,D20171215,2017-12-15,0.91223246,1
D10132619266,-33.50535079,149.00162137,685924.8007634676,6290894.361871211,452.7752605631204,near-field,D20171215,2017-12-15,0.75074315,0
D10132619267,-33.5053415,149.00158182,685921.1463656296,6290895.462977958,449.06740614777215,near-field,D20171215,2017-12-15,0.6749405,0
D10132619268,-33.50533117,149.00153788,685917.0863522387,6290896.687282786,444.94966000733484,near-field,D20171215,2017-12-15,0.7346165,0
D10132619272,-33.50526333,149.00125048,685890.531434381,6290904.725501522,418.0617146369703,near-field,D20171215,2017-12-15,0.5926724,0
D10132619273,-33.50525312,149.00120708,685886.5213243623,6290905.935517967,414.0131658882378,near-field,D20171215,2017-12-15,0.82045186,1
D10132619278,-33.50520148,149.0009875,685866.2323350115,6290912.055625651,393.57569316725807,near-field,D20171215,2017-12-15,0.36667657,0
D10132619280,-33.50518073,149.00089927,685858.0799587149,6290914.514793717,385.3865913554975,near-field,D20171215,2017-12-15,0.08650416,0
D10132619286,-33.50511601,149.00062419,685832.6628351546,6290922.184780665,359.9505001040309,near-field,D20171215,2017-12-15,0.4676724,0
D10132619295,-33.50502166,149.00022311,685795.6033369987,6290933.366218045,323.1854121886483,near-field,D20171215,2017-12-15,0.8118312,1
D10132619296,-33.50501121,149.00017866,685791.4961710597,6290934.604689445,319.1396120976185,near-field,D20171215,2017-12-15,0.43735138,0
D10132619302,-33.50495145,148.9999245,685768.0118664076,6290941.686990429,296.1376125135686,near-field,D20171215,2017-12-15,0.6733799,0
D10132619306,-33.50491181,148.99975591,685752.4341854881,6290946.384790588,281.0224026523536,near-field,D20171215,2017-12-15,0.48498812,0
D10132619309,-33.50488178,148.99962819,685740.6328741019,6290949.9436798245,269.66103387011674,near-field,D20171215,2017-12-15,0.90309155,1
D10132619312,-33.50485277,148.99950477,685729.2288554829,6290953.3817419,258.7667461481983,near-field,D20171215,2017-12-15,0.97800237,1
D10132619313,-33.50484315,148.99946385,685725.4478459952,6290954.521820849,255.17467221760626,near-field,D20171215,2017-12-15,0.41565102,0
D10132619315,-33.5048237,148.99938111,685717.8026611214,6290956.826873525,247.94482044549252,near-field,D20171215,2017-12-15,0.36972353,0
D10132619319,-33.50478435,148.99921372,685702.335799194,6290961.4902824145,233.46871273030663,near-field,D20171215,2017-12-15,0.8059602,1
D10132619320,-33.50477446,148.99917164,685698.4475939337,6290962.662368874,229.86492846514574,near-field,D20171215,2017-12-15,0.8380648,1
D10132619321,-33.50476453,148.99912941,685694.5455379077,6290963.839158059,226.26350673365806,near-field,D20171215,2017-12-15,0.8093044,1
D10132619326,-33.50471602,148.99892303,685675.475954543,6290969.588120883,208.91550719109134,near-field,D20171215,2017-12-15,0.57996434,0
D10132619327,-33.50470658,148.99888288,685671.7660839648,6290970.706838772,205.59446267006166,near-field,D20171215,2017-12-15,0.7758621,1
D10132619328,-33.50469718,148.99884286,685668.0682044885,6290971.820886694,202.30454885506853,near-field,D20171215,2017-12-15,0.70407254,0
D10132619329,-33.5046878,148.99880296,685664.381429825,6290972.932500472,199.04429071409305,near-field,D20171215,2017-12-15,0.8518133,1
D10132619330,-33.50467844,148.99876311,685660.6992567925,6290974.041805405,195.8102097387066,near-field,D20171215,2017-12-15,0.55804104,0
D10132619333,-33.5046488,148.99863706,685649.0521983344,6290977.55434129,185.7311446803272,near-field,D20171215,2017-12-15,0.6883175,0
D10132619343,-33.50455493,148.99823761,685612.1427205247,6290988.678907037,155.4768721473021,near-field,D20171215,2017-12-15,0.78619206,1
D10132619346,-33.5045281,148.99812337,685601.5868105887,6290991.858636045,146.99875770264956,near-field,D20171215,2017-12-15,0.6647592,0
D10132619353,-33.50446369,148.99784924,685576.2569129574,6290999.491851047,126.65209349264371,near-field,D20171215,2017-12-15,0.50876933,0
D10132619356,-33.50443452,148.99772514,685564.7899557757,6291002.948673019,117.44004121491231,near-field,D20171215,2017-12-15,0.5432521,0
D10132619357,-33.50442473,148.9976835,685560.9423839514,6291004.108825866,114.34884820548056,near-field,D20171215,2017-12-15,0.26761296,0
D10132619360,-33.50439623,148.99756226,685549.739688628,6291007.486213526,105.34890064686898,near-field,D20171215,2017-12-15,0.5702289,0
D10132619363,-33.50436784,148.99744146,685538.5776286419,6291010.850602334,96.38222225586182,buffer,D20171215,2017-12-15,0.7769768,1
D10132619367,-33.50433039,148.99728208,685523.8507063258,6291015.2886891,84.55249249771582,buffer,D20171215,2017-12-15,0.75966114,1
D10132619369,-33.50431223,148.99720479,685516.7090016403,6291017.440775817,78.81586554450648,buffer,D20171215,2017-12-15,0.44604638,0
D10132619373,-33.50427543,148.99704818,685502.2380150205,6291021.801792851,67.1916728893691,buffer,D20171215,2017-12-15,0.4707937,0
D10132619381,-33.50419757,148.99671696,685471.6328419516,6291031.028357288,42.60452458211527,buffer,D20171215,2017-12-15,0.25758025,0
D10132619382,-33.5041873,148.99667332,685467.6004679626,6291032.245277515,39.363988178407006,buffer,D20171215,2017-12-15,0.11340666,0
D10132619383,-33.50417708,148.99662984,685463.5828508417,6291033.456365179,36.13646082513751,buffer,D20171215,2017-12-15,0.40041617,0
D10132619386,-33.50414667,148.99650054,685451.635370103,6291037.059855986,25.084476746529052,buffer,D20171215,2017-12-15,0.2983799,0
D10132619387,-33.50413677,148.99645844,685447.7452728689,6291038.232983267,21.09999138621371,buffer,D20171215,2017-12-15,0.5921522,0
D10132619388,-33.50412686,148.99641632,685443.8533380502,6291039.4072536435,17.113346697736446,buffer,D20171215,2017-12-15,0.7569857,1
D10132619389,-33.50411697,148.99637423,685439.9641467902,6291040.579250868,13.13019252671565,buffer,D20171215,2017-12-15,0.7222057,0
D10132619390,-33.50410707,148.99633215,685436.0759050465,6291041.752337558,9.147363451360016,buffer,D20171215,2017-12-15,0.09757729,0
D10132619392,-33.50408756,148.99624918,685428.4093550388,6291044.064219311,1.2948423075610171,buffer,D20171215,2017-12-15,0.36779132,0
D10132619393,-33.50407851,148.99621063,685424.8472455373,6291045.136730354,0.0,core,D20171215,2017-12-15,0.3782699,0
D10132619394,-33.50406951,148.99617232,685421.3073254109,6291046.203266291,0.0,core,D20171215,2017-12-15,0.40450355,0
D10132619395,-33.50406056,148.99613425,685417.7895946769,6291047.263827149,0.0,core,D20171215,2017-12-15,0.399673,0
D10132619396,-33.50405167,148.99609638,685414.2903158782,6291048.317375489,0.0,core,D20171215,2017-12-15,0.27065992,0
D10132619397,-33.50404283,148.99605873,685410.8113684307,6291049.364984539,0.0,core,D20171215,2017-12-15,0.35694113,0
D10132619398,-33.50403391,148.99602078,685407.3047199923,6291050.422000125,0.0,core,D20171215,2017-12-15,0.44091853,0
D10132619401,-33.50400507,148.99589807,685395.9660845785,6291053.839535955,0.0,core,D20171215,2017-12-15,0.6501932,0
D10132619402,-33.50399516,148.99585593,685392.0722802635,6291055.013820596,0.0,core,D20171215,2017-12-15,0.36058265,0
D10132619403,-33.50398542,148.99581452,685388.245931865,6291056.1679468155,0.0,core,D20171215,2017-12-15,0.5691885,0
D10132619409,-33.50392489,148.99555714,685364.4635837744,6291063.340381715,0.0,core,D20171215,2017-12-15,0.82691735,1
D10132619412,-33.50389456,148.99542819,685352.5483814485,6291066.934249321,0.0,core,D20171215,2017-12-15,0.74071044,0
D10132619417,-33.50385042,148.99524023,685335.180390547,6291072.164995393,0.0,core,D20171215,2017-12-15,0.94151306,1
D10132619420,-33.50382471,148.99513075,685325.0641471191,6291075.211706307,0.0,core,D20171215,2017-12-15,0.8611029,1
D10132619455,-33.50346098,148.9935847,685182.2057983321,6291118.308602845,44.9187289553574,buffer,D20171215,2017-12-15,0.7609988,1
D10132619461,-33.50339496,148.99330426,685156.2925050805,6291126.130489632,71.98656095072712,buffer,D20171215,2017-12-15,0.7462842,0
D10132619462,-33.50338446,148.99325963,685152.1685740775,6291127.374547223,76.29403225489882,buffer,D20171215,2017-12-15,0.38674197,0
D10132619463,-33.50337392,148.99321484,685148.0298626999,6291128.623324377,80.61701857379533,buffer,D20171215,2017-12-15,0.6794738,0
D10132619464,-33.50336353,148.99317069,685143.9502893054,6291129.854323188,84.87825443991328,buffer,D20171215,2017-12-15,0.5212545,0
D10132718871,-33.50912958,149.01715028,687359.3220574089,6290447.3676815,1946.2229895131934,far-field,D20171215,2017-12-15,0.6199465,0
D10132718886,-33.50898902,149.01655171,687304.0189386631,6290464.036310662,1888.5773763719221,far-field,D20171215,2017-12-15,0.17679845,0
D10132718902,-33.50885036,149.01596071,687249.4147942319,6290480.480245173,1831.6723707751337,far-field,D20171215,2017-12-15,0.54540724,0
D10132719013,-33.50783815,149.0116493,686851.0678917401,6290600.505243912,1416.8123041189808,far-field,D20171215,2017-12-15,0.70318073,0
D10132719015,-33.50781877,149.01156684,686843.4490679153,6290602.802947331,1408.8836351090833,far-field,D20171215,2017-12-15,0.56413496,0
D10132719025,-33.50771799,149.01113805,686803.8313253777,6290614.751345342,1367.6600077332805,far-field,D20171215,2017-12-15,0.28589478,0
D10132719033,-33.50764086,149.01080975,686773.4981560371,6290623.895946031,1336.1052092268974,far-field,D20171215,2017-12-15,0.80261594,1
D10132719034,-33.50763153,149.01077003,686769.8282326125,6290625.002125576,1332.2879672600843,far-field,D20171215,2017-12-15,0.9498365,1
D10132719078,-33.50721769,149.00900818,686607.0415812767,6290674.066270374,1163.0720678906766,far-field,D20171215,2017-12-15,0.96685493,1
D10132719079,-33.50720853,149.00896918,686603.4381462937,6290675.152237235,1159.3290212441211,far-field,D20171215,2017-12-15,0.96685493,1
D10132719081,-33.50719013,149.00889079,686596.1952148395,6290677.333740044,1151.8063761552576,far-field,D20171215,2017-12-15,0.7627824,1
D10132719082,-33.50718087,149.0088514,686592.5557613004,6290678.431493886,1148.025963326549,far-field,D20171215,2017-12-15,0.7688763,1
D10132719083,-33.50717177,149.00881261,686588.9717035634,6290679.510423677,1144.3040487628539,far-field,D20171215,2017-12-15,0.9811237,1
D10132719085,-33.50715298,149.00873262,686581.580963249,6290681.738042723,1136.6284017693442,far-field,D20171215,2017-12-15,0.9750297,1
D10132719086,-33.50714347,149.00869214,686577.8407822486,6290682.86547547,1132.7442198341093,far-field,D20171215,2017-12-15,0.48617718,0
D10132719090,-33.50710558,149.00853085,686562.9382554397,6290687.357424057,1117.2695627637142,far-field,D20171215,2017-12-15,0.8114596,1
D10132719091,-33.50709623,149.00849106,686559.2618281632,6290688.46586504,1113.452266928366,far-field,D20171215,2017-12-15,0.85775864,1
D10132719092,-33.5070869,149.00845133,686555.5909311986,6290689.571978753,1109.6411270160938,far-field,D20171215,2017-12-15,0.4424792,0
D10132719095,-33.5070589,149.00833213,686544.5773281882,6290692.891438218,1098.2073812498306,far-field,D20171215,2017-12-15,0.44366825,0
D10132719097,-33.50704041,149.00825341,686537.3039086891,6290695.083469658,1090.6573553617416,far-field,D20171215,2017-12-15,0.97777945,1
D10132719098,-33.50703091,149.00821298,686533.5683418565,6290696.209685879,1086.7798176420101,far-field,D20171215,2017-12-15,0.4483502,0
D10132719099,-33.50702175,149.00817396,686529.9630338664,6290697.29566048,1083.0380355575737,far-field,D20171215,2017-12-15,0.7126189,0
D10132719106,-33.50695592,149.00789374,686504.0717926687,6290705.09980568,1056.16952842254,far-field,D20171215,2017-12-15,0.72881985,0
D10132719107,-33.50694585,149.00785089,686500.1126231661,6290706.2935703695,1052.0615478504665,far-field,D20171215,2017-12-15,0.7567628,1
D10132719113,-33.50688598,149.00759616,686476.5765813395,6290713.390870089,1027.645087313453,far-field,D20171215,2017-12-15,0.97711056,1
D10132719115,-33.50686675,149.00751431,686469.0139432441,6290715.670538401,1019.8015878680884,far-field,D20171215,2017-12-15,0.77400416,1
D10132719120,-33.50681985,149.00731469,686450.5697798525,6290721.230383541,1000.6760625539249,far-field,D20171215,2017-12-15,0.630871,0
D10132719123,-33.50679375,149.00720345,686440.2915232516,6290724.324710537,990.0220383609437,far-field,D20171215,2017-12-15,0.56591856,0
D10132719126,-33.50676763,149.00709218,686430.0105165654,6290727.421298107,979.3663298112685,far-field,D20171215,2017-12-15,0.40762484,0
D10132719127,-33.50675851,149.00705337,686426.4246107426,6290728.502419659,975.6497211507689,far-field,D20171215,2017-12-15,0.21655767,0
D10132719134,-33.50669573,149.00678598,686401.718590592,6290735.944991417,950.0518093814251,far-field,D20171215,2017-12-15,0.92479193,1
D10132719136,-33.50667944,149.00671653,686395.3015824456,6290737.87628373,943.4057079992641,far-field,D20171215,2017-12-15,0.57780915,0
D10132719137,-33.5066712,149.00668139,686392.0547274905,6290738.85320906,940.0433437481857,far-field,D20171215,2017-12-15,0.96774673,1
D10132719138,-33.50666288,149.00664594,686388.7792443174,6290739.8395619625,936.6512059027681,far-field,D20171215,2017-12-15,0.2203478,0
D10132719141,-33.50663758,149.00653811,686378.8160273505,6290742.838977611,926.3347889987723,far-field,D20171215,2017-12-15,0.7207937,0
D10132719145,-33.50659865,149.00637247,686363.5114446968,6290747.453757007,910.4885383730206,far-field,D20171215,2017-12-15,0.9134215,1
D10132719147,-33.50657876,149.00628783,686355.6909804245,6290749.811537783,902.393311875306,far-field,D20171215,2017-12-15,0.19790427,0
D10132719150,-33.5065495,149.00616334,686344.188509455,6290753.279994436,890.4888896598524,far-field,D20171215,2017-12-15,0.6111029,0
D10132719152,-33.50653061,149.00608294,686336.7597917564,6290755.519246725,882.8024908561227,far-field,D20171215,2017-12-15,0.39989597,0
D10132719153,-33.50652128,149.00604322,686333.0897775381,6290756.625255409,879.0057488690065,far-field,D20171215,2017-12-15,0.27445006,0
D10132719160,-33.50645221,149.00574934,686305.9361678812,6290764.812693924,850.9227980175707,far-field,D20171215,2017-12-15,0.44351962,0
D10132719163,-33.50642171,149.00561962,686293.9504509972,6290768.42799316,838.5322592281718,far-field,D20171215,2017-12-15,0.04592747,0
D10132719170,-33.5063491,149.00531083,686265.4192153024,6290777.034662938,809.053004913963,far-field,D20171215,2017-12-15,0.4296968,0
D10132719173,-33.50631738,149.00517599,686252.9604325223,6290780.794396456,796.1871441367541,far-field,D20171215,2017-12-15,0.82870096,1
D10132719181,-33.50624101,149.00485096,686222.9284743748,6290789.847064647,765.1989225717647,far-field,D20171215,2017-12-15,0.40405768,0
D10132719183,-33.50622412,149.004779,686216.2795052208,6290791.849278048,758.3433294546745,far-field,D20171215,2017-12-15,0.048602853,0
D10132719185,-33.50620714,149.00470664,686209.5935659659,6290793.862185405,751.4514450446668,far-field,D20171215,2017-12-15,0.16795482,0
D10132719189,-33.50617262,149.00455955,686196.0027040116,6290797.954341568,737.4470129291532,far-field,D20171215,2017-12-15,0.1811088,0
D10132719192,-33.50614597,149.00444608,686185.5183080197,6290801.113384929,726.6476005625885,far-field,D20171215,2017-12-15,0.4384661,0
D10132719193,-33.50613709,149.00440823,686182.021023466,6290802.1660749875,723.0467205165711,far-field,D20171215,2017-12-15,0.3580559,0
D10132719198,-33.50609136,149.00421356,686164.0339148424,6290807.586724231,704.5322507014437,far-field,D20171215,2017-12-15,0.11437277,0
D10132719200,-33.50607217,149.00413187,686156.485921343,6290809.861417625,696.7672876629283,far-field,D20171215,2017-12-15,0.23684601,0
D10132719201,-33.50606246,149.00409057,686152.6698996507,6290811.012331583,692.8421831449562,far-field,D20171215,2017-12-15,0.69195896,0
D10132719204,-33.50603259,149.00396349,686140.9279885932,6290814.552833348,680.7694405622875,far-field,D20171215,2017-12-15,0.7293401,0
D10132719206,-33.50601244,149.00387782,686133.0122942203,6290816.94110967,672.6339502635742,far-field,D20171215,2017-12-15,0.5141944,0
D10132719208,-33.50599227,149.00379202,686125.084561948,6290819.3318304885,664.4899136611999,far-field,D20171215,2017-12-15,0.68326396,0
D10132719209,-33.50598187,149.00374779,686120.9978103491,6290820.564506901,660.2928631894004,far-field,D20171215,2017-12-15,0.48246136,0
D10132719211,-33.50595994,149.00365459,686112.38637192,6290823.163670942,651.4512592107553,far-field,D20171215,2017-12-15,0.75118905,0
D10132719212,-33.50594898,149.00360802,686108.0834274603,6290824.4626416955,647.0347873489982,far-field,D20171215,2017-12-15,0.38718787,0
D10132719214,-33.50592712,149.0035151,686099.4978452052,6290827.053528849,638.2263809821064,far-field,D20171215,2017-12-15,0.56131095,0
D10132719215,-33.50591678,149.00347111,686095.433255522,6290828.2791098105,634.0583271505935,far-field,D20171215,2017-12-15,0.43497324,0
D10132719216,-33.50590796,149.00343354,686091.9618370368,6290829.324610233,630.499931549307,far-field,D20171215,2017-12-15,0.35530618,0
D10132719223,-33.50584408,149.00316159,686066.8340733286,6290836.8964658845,604.7644220531838,far-field,D20171215,2017-12-15,0.6037455,0
D10132719224,-33.50583489,149.00312248,686063.2203731344,6290837.985749424,601.0667681880757,far-field,D20171215,2017-12-15,0.6859394,0
D10132719225,-33.5058257,149.00308335,686059.6048141689,6290839.075067447,597.3684223467269,far-field,D20171215,2017-12-15,0.7658294,1
D10132719230,-33.50577908,149.00288488,686041.2664602529,6290844.600994384,578.6252312316032,far-field,D20171215,2017-12-15,0.533368,0
D10132719232,-33.50575959,149.00280198,686033.6066455749,6290846.911027737,570.803455387564,far-field,D20171215,2017-12-15,0.046819262,0
D10132719234,-33.50574022,149.00271957,686025.9920924703,6290849.206868622,563.0331424741582,far-field,D20171215,2017-12-15,0.8749257,1
D10132719235,-33.50573074,149.00267923,686022.264735734,6290850.330501933,559.2315077653806,far-field,D20171215,2017-12-15,0.7012485,0
D10132719236,-33.50572065,149.00263631,686018.2989978316,6290851.5264067305,555.187931386468,far-field,D20171215,2017-12-15,0.80856127,1
D10132719239,-33.50568806,149.00249779,686005.5000246332,6290855.388890039,542.1464916929755,far-field,D20171215,2017-12-15,0.5490487,0
D10132719243,-33.50564887,149.00233108,685990.0962698145,6290860.033811792,526.4745395883309,far-field,D20171215,2017-12-15,0.67456895,0
D10132719244,-33.50564093,149.00229719,685986.9648254185,6290860.975087,523.293171571981,far-field,D20171215,2017-12-15,0.5959423,0
D10132719250,-33.5055929,149.00209241,685968.0432035087,6290866.668547196,504.09100359763613,far-field,D20171215,2017-12-15,0.37990487,0
D10132719257,-33.50554137,149.00187248,685947.7215886102,6290872.777261511,483.5212300418448,near-field,D20171215,2017-12-15,0.06435791,0
D10132719264,-33.50546954,149.00156703,685919.4984163775,6290881.290393507,455.03690881508044,near-field,D20171215,2017-12-15,0.3686088,0
D10132719266,-33.50544612,149.00146759,685910.3103594693,6290884.065790458,445.7896249086141,near-field,D20171215,2017-12-15,0.7578032,1
D10132719268,-33.50542292,149.00136904,685901.2045098217,6290886.8151863925,436.6406504641503,near-field,D20171215,2017-12-15,0.5993609,0
D10132719273,-33.50536893,149.00113958,685880.002724376,6290893.213636121,415.40338098438707,near-field,D20171215,2017-12-15,0.8717301,1
D10132719274,-33.50535889,149.00109688,685876.0572859788,6290894.403541794,411.46235160748074,near-field,D20171215,2017-12-15,0.90049046,1
D10132719275,-33.50534882,149.00105402,685872.0970465464,6290895.597059369,407.5105943749764,near-field,D20171215,2017-12-15,0.6464774,0
D10132719277,-33.50532864,149.00096821,685864.1682893898,6290897.9886865895,399.60885255828777,near-field,D20171215,2017-12-15,0.30090666,0
D10132719280,-33.50529973,149.00084519,685852.8013153977,6290901.415093435,388.3095571101732,near-field,D20171215,2017-12-15,0.5095868,0
D10132719281,-33.50528982,149.00080306,685848.9085470495,6290902.589550024,384.4473058925284,near-field,D20171215,2017-12-15,0.47547564,0
D10132719286,-33.50523908,149.00058729,685828.9715784518,6290908.60294655,364.7370534259665,near-field,D20171215,2017-12-15,0.569783,0
D10132719293,-33.50516445,149.00027005,685799.658886299,6290917.447346392,335.9999033979871,near-field,D20171215,2017-12-15,0.5383472,0
D10132719295,-33.50514212,149.00017519,685790.8939284836,6290920.093546845,327.47226904396274,near-field,D20171215,2017-12-15,0.7547563,0
D10132719296,-33.50513192,149.00013181,685786.885638723,6290921.302376222,323.5847599009295,near-field,D20171215,2017-12-15,0.4889269,0
D10132719299,-33.50510374,149.00001188,685775.8041221879,6290924.642201809,312.8787050780806,near-field,D20171215,2017-12-15,0.7080856,0
D10132719301,-33.50508463,148.99993056,685768.2901654335,6290926.907048621,305.6551717631586,near-field,D20171215,2017-12-15,0.57260704,0
D10132719306,-33.50503742,148.99972968,685749.7288753937,6290932.502149988,287.9511411889142,near-field,D20171215,2017-12-15,0.8148781,1
D10132719311,-33.50499041,148.9995296,685731.2414602352,6290938.073603157,270.54786352605834,near-field,D20171215,2017-12-15,0.6304994,0
D10132719313,-33.50497192,148.99945094,685723.9732796944,6290940.264896611,263.77789556032366,near-field,D20171215,2017-12-15,0.6545036,0
D10132719315,-33.50495306,148.99937067,685716.5563140751,6290942.500098197,256.9173471795639,near-field,D20171215,2017-12-15,0.9455262,1
D10132719320,-33.50490367,148.99916058,685697.1439967833,6290948.353336601,239.21528419257754,near-field,D20171215,2017-12-15,0.8018728,1
D10132719321,-33.5048936,148.99911778,685693.1892913362,6290949.546671255,235.65918246618492,near-field,D20171215,2017-12-15,0.773261,1
D10132719324,-33.50486365,148.99899038,685681.4175165863,6290953.096042403,225.19215135479092,near-field,D20171215,2017-12-15,0.72777945,0
D10132719325,-33.50485393,148.99894903,685677.5967683569,6290954.247961586,221.83528189915666,near-field,D20171215,2017-12-15,0.85619795,1
D10132719327,-33.50483459,148.99886677,685669.995932851,6290956.539918194,215.22131664530278,near-field,D20171215,2017-12-15,0.828478,1
D10132719329,-33.5048154,148.99878512,685662.4514441255,6290958.814142542,208.74832937274903,near-field,D20171215,2017-12-15,0.7015458,0
D10132719330,-33.50480589,148.99874466,685658.7129263715,6290959.941173064,205.5771024052139,near-field,D20171215,2017-12-15,0.5153835,0
D10132719331,-33.50479675,148.99870576,685655.1185452971,6290961.024378795,202.55260157043793,near-field,D20171215,2017-12-15,0.33189654,0
D10132719333,-33.50477838,148.99862758,685647.8946702502,6290963.201446788,196.55010491280484,near-field,D20171215,2017-12-15,0.38384363,0
D10132719336,-33.50474988,148.99850627,685636.6855444569,6290966.579064347,187.45216318846687,near-field,D20171215,2017-12-15,0.69456005,0
D10132719337,-33.50474021,148.99846516,685632.8869763508,6290967.724991061,184.3998819241138,near-field,D20171215,2017-12-15,0.5897741,0
D10132719338,-33.50473095,148.99842574,685629.2445369998,6290968.822424881,181.4742171014781,near-field,D20171215,2017-12-15,0.85597503,1
D10132719339,-33.50472172,148.99838646,685625.6150391815,6290969.916279903,178.55867998237287,near-field,D20171215,2017-12-15,0.2978597,0
D10132719340,-33.50471252,148.99834731,685621.9975538731,6290971.006574035,175.65274282848696,near-field,D20171215,2017-12-15,0.29117122,0
D10132719342,-33.50469421,148.99826938,685614.7967627697,6290973.176515468,169.8686129397,near-field,D20171215,2017-12-15,0.86236626,1
D10132719343,-33.50468511,148.99823061,685611.214364654,6290974.255035946,166.99186083649835,near-field,D20171215,2017-12-15,0.44812724,0
D10132719344,-33.50467602,148.99819195,685607.6421637465,6290975.3322492875,164.12182737878544,near-field,D20171215,2017-12-15,0.651085,0
D10132719349,-33.50463104,148.99800043,685589.945511378,6290980.662990137,149.90851341899844,near-field,D20171215,2017-12-15,0.46834126,0
D10132719350,-33.50462211,148.99796244,685586.435209274,6290981.72125344,147.08844862536114,near-field,D20171215,2017-12-15,0.30729786,0
D10132719352,-33.50460405,148.99788555,685579.3304886024,6290983.861583171,141.3820398359526,near-field,D20171215,2017-12-15,0.59519917,0
D10132719353,-33.50459472,148.99784584,685575.661245894,6290984.96727768,138.43469180309862,near-field,D20171215,2017-12-15,0.9103746,1
D10132719354,-33.50458526,148.9978056,685571.9430415811,6290986.088335288,135.44750720490418,near-field,D20171215,2017-12-15,0.31814805,0
D10132719356,-33.50456625,148.99772471,685564.4687326596,6290988.341160095,129.4432874486245,near-field,D20171215,2017-12-15,0.1487069,0
D10132719357,-33.5045567,148.99768408,685560.7144860891,6290989.472891491,126.42730775055938,near-field,D20171215,2017-12-15,0.3559007,0
D10132719358,-33.50454703,148.99764293,685556.9121855132,6290990.618858999,123.37293221132242,near-field,D20171215,2017-12-15,0.976962,1
D10132719359,-33.50453805,148.99760469,685553.3787578997,6290991.683101896,120.53511641808468,near-field,D20171215,2017-12-15,0.8654875,1
D10132719361,-33.50451966,148.99752643,685546.1474516869,6290993.862452563,114.72629677537286,near-field,D20171215,2017-12-15,0.5763971,0
D10132719362,-33.50451042,148.99748711,685542.514242014,6290994.957455941,111.80775321359611,near-field,D20171215,2017-12-15,0.63027644,0
D10132719367,-33.50446372,148.99728837,685524.150437774,6291000.491726725,97.05646839020137,buffer,D20171215,2017-12-15,0.25832343,0
D10132719370,-33.50443577,148.99716943,685513.160239099,6291003.8039656095,88.22813997521075,buffer,D20171215,2017-12-15,0.8070006,1
D10132719372,-33.50441728,148.99709072,685505.8873235642,6291005.995179546,82.38646045284744,buffer,D20171215,2017-12-15,0.47659037,0
D10132719377,-33.50437011,148.99689003,685487.3433236595,6291011.5849862695,67.48940178768504,buffer,D20171215,2017-12-15,0.87641203,1
D10132719378,-33.50436056,148.9968494,685483.5890606776,6291012.716686808,64.47343876150838,buffer,D20171215,2017-12-15,0.8689804,1
D10132719380,-33.50434021,148.99676287,685475.5936015506,6291015.128125281,56.545041925552084,buffer,D20171215,2017-12-15,0.26062724,0
D10132719381,-33.50432947,148.99671723,685471.3764319,6291016.4007442165,52.225144757509774,buffer,D20171215,2017-12-15,0.6674346,0
D10132719382,-33.50431852,148.99667073,685467.0798128516,6291017.69818688,47.8234636836755,buffer,D20171215,2017-12-15,0.67479193,0
D10132719383,-33.50430803,148.99662613,685462.9587267496,6291018.941218769,43.60226911441356,buffer,D20171215,2017-12-15,0.45013377,0
D10132719385,-33.50428722,148.99653768,685454.785866125,6291021.407084074,35.23054216903825,buffer,D20171215,2017-12-15,0.6116974,0
D10132719386,-33.50427732,148.99649555,685450.89298857,6291022.580266576,31.243577618632912,buffer,D20171215,2017-12-15,0.25059453,0
D10132719387,-33.50426741,148.99645342,685447.0001314948,6291023.75455642,27.256110020229414,buffer,D20171215,2017-12-15,0.7992717,1
D10132719388,-33.50425751,148.99641131,685443.1091102837,6291024.92769994,23.270801750898006,buffer,D20171215,2017-12-15,0.6629013,0
D10132719391,-33.50422764,148.99628429,685431.3723011105,6291028.467206444,11.24918358072213,buffer,D20171215,2017-12-15,0.8621433,1
D10132719392,-33.50421793,148.99624296,685427.5533354483,6291029.617879103,7.338028024658841,buffer,D20171215,2017-12-15,0.58055884,0
D10132719393,-33.50420844,148.99620262,685423.825873614,6291030.742383629,3.5199252228164837,buffer,D20171215,2017-12-15,0.2509661,0
D10132719396,-33.50418038,148.99608319,685412.7903245959,6291034.067579308,0.0,core,D20171215,2017-12-15,0.35798156,0
D10132719397,-33.50417114,148.99604389,685409.158945522,6291035.162495304,0.0,core,D20171215,2017-12-15,0.67025864,0
D10132719398,-33.50416196,148.99600479,685405.5460183213,6291036.25039871,0.0,core,D20171215,2017-12-15,0.39016053,0
D10132719401,-33.50413323,148.99588261,685394.2564034915,6291039.654787548,0.0,core,D20171215,2017-12-15,0.78998214,1
D10132719402,-33.50412357,148.99584149,685390.4568328008,6291040.799525034,0.0,core,D20171215,2017-12-15,0.50393873,0
D10132719403,-33.5041139,148.99580036,685386.6563535924,6291041.945387806,0.0,core,D20171215,2017-12-15,0.7515606,0
D10132719409,-33.50405411,148.99554613,685363.165107327,6291049.030129181,0.0,core,D20171215,2017-12-15,0.62893873,0
D10132719459,-33.50353703,148.99334816,685160.0683059525,6291110.297211765,65.3807931733928,buffer,D20171215,2017-12-15,0.92769027,1
D10132719462,-33.50350606,148.99321652,685147.9044363765,6291113.966594737,77.82819626093878,buffer,D20171215,2017-12-15,0.55908144,0
D10132719463,-33.5034956,148.99317205,685143.7952892344,6291115.205927576,82.05096198803672,buffer,D20171215,2017-12-15,0.24204816,0
D10132719484,-33.50329457,148.99231693,685064.7794964764,6291139.025038371,163.94960535199237,near-field,D20171215,2017-12-15,0.64484245,0
D10132719485,-33.50328557,148.99227864,685061.2413677012,6291140.091403058,167.6312178214747,near-field,D20171215,2017-12-15,0.33063316,0
D10132719487,-33.50326777,148.99220288,685054.2408634464,6291142.200486609,174.91715196794698,near-field,D20171215,2017-12-15,0.51122177,0
D10132818887,-33.5090981,149.01645537,687294.8339790219,6290452.113718595,1884.189926235149,far-field,D20171215,2017-12-15,0.47978598,0
D10132819079,-33.50733205,149.00893411,686599.9148922306,6290661.517454641,1161.438556218139,far-field,D20171215,2017-12-15,0.77177465,1
D10132819092,-33.50721002,149.00841464,686551.9181028097,6290675.984453583,1111.6637869153337,far-field,D20171215,2017-12-15,0.40762484,0
D10132819094,-33.50719162,149.00833627,686544.6770195352,6290678.16588118,1104.1577190222904,far-field,D20171215,2017-12-15,0.58278835,0
D10132819097,-33.50716381,149.00821787,686533.7373391972,6290681.46281979,1092.8186631036526,far-field,D20171215,2017-12-15,0.32275563,0
D10132819100,-33.50713675,149.00810261,686523.0877488559,6290684.670927426,1081.78260903303,far-field,D20171215,2017-12-15,0.6323573,0
D10132819105,-33.50709142,149.00790959,686505.2534427679,6290690.044906847,1063.3045136573323,far-field,D20171215,2017-12-15,0.71915877,0
D10132819106,-33.50708135,149.00786673,686501.2933507133,6290691.2386903055,1059.2019710387215,far-field,D20171215,2017-12-15,0.3229786,0
D10132819107,-33.50707127,149.00782388,686497.3342082343,6290692.433563074,1055.1001120070573,far-field,D20171215,2017-12-15,0.3297414,0
D10132819108,-33.5070612,149.00778103,686493.375043402,6290693.627325211,1050.9989508362094,far-field,D20171215,2017-12-15,0.5425832,0
D10132819110,-33.50704106,149.00769534,686485.4576400821,6290696.014826496,1042.7982898433881,far-field,D20171215,2017-12-15,0.05283888,0
D10132819111,-33.507031,149.00765254,686481.5030961423,6290697.207384774,1038.7026496546027,far-field,D20171215,2017-12-15,0.16840072,0
D10132819114,-33.50700133,149.00752632,686469.8408873467,6290700.724573802,1026.6258572094669,far-field,D20171215,2017-12-15,0.5862069,0
D10132819115,-33.50699152,149.00748457,686465.9833488126,6290701.887514021,1022.6319153716552,far-field,D20171215,2017-12-15,0.18460166,0
D10132819116,-33.50698175,149.00744299,686462.1415166657,6290703.045711227,1018.6545132178549,far-field,D20171215,2017-12-15,0.5496433,0
D10132819117,-33.50697202,149.00740159,686458.316319922,6290704.199147468,1014.6945039432053,far-field,D20171215,2017-12-15,0.84252375,1
D10132819119,-33.50695341,149.00732236,686450.9957545142,6290706.4053367805,1007.1172240394449,far-field,D20171215,2017-12-15,0.50706005,0
D10132819120,-33.50694443,149.00728411,686447.4615823879,6290707.4699346265,1003.4596926591885,far-field,D20171215,2017-12-15,0.25349286,0
D10132819121,-33.50693545,149.00724586,686443.9274095544,6290708.534531139,999.8024074433747,far-field,D20171215,2017-12-15,0.39001188,0
D10132819125,-33.5068995,149.00709275,686429.7805564587,6290712.796428456,985.1650837492843,far-field,D20171215,2017-12-15,0.68318963,0
D10132819126,-33.50689041,149.00705403,686426.2029528667,6290713.874061555,981.4641646796312,far-field,D20171215,2017-12-15,0.09794887,0
D10132819127,-33.50688123,149.00701496,686422.5930264676,6290714.96230294,977.7297175365968,far-field,D20171215,2017-12-15,0.1847503,0
D10132819130,-33.50685317,149.00689549,686411.5544032532,6290718.288746036,966.3125797625228,far-field,D20171215,2017-12-15,0.51761293,0
D10132819131,-33.50684364,149.00685496,686407.8095899422,6290719.418419037,962.4394628130455,far-field,D20171215,2017-12-15,0.15613852,0
D10132819132,-33.50683401,149.00681395,686404.0203981077,6290720.560042701,958.5213682963431,far-field,D20171215,2017-12-15,0.64766645,0
D10132819134,-33.50681789,149.00674523,686397.6708535326,6290722.471172984,951.9573465850904,far-field,D20171215,2017-12-15,0.5957194,0
D10132819138,-33.50678689,149.00661296,686385.4493937253,6290726.146620163,939.3270033499746,far-field,D20171215,2017-12-15,0.02303805,0
D10132819139,-33.50677895,149.00657911,686382.3217402902,6290727.087955685,936.0949743187904,far-field,D20171215,2017-12-15,0.45251188,0
D10132819141,-33.50676211,149.00650736,686375.6922434301,6290729.084360431,929.2445572310811,far-field,D20171215,2017-12-15,0.6467004,0
D10132819142,-33.50675289,149.00646809,686372.0638123783,6290730.177377554,925.4955241312297,far-field,D20171215,2017-12-15,0.43363556,0
D10132819144,-33.50673425,149.00638875,686364.7330564915,6290732.387024066,917.9215450804622,far-field,D20171215,2017-12-15,0.82691735,1
D10132819145,-33.50672484,149.00634868,686361.030710174,6290733.50254444,914.0970737391235,far-field,D20171215,2017-12-15,0.7081599,0
D10132819146,-33.50671535,149.00630831,686357.3006644624,6290734.627473991,910.243896115858,far-field,D20171215,2017-12-15,0.35508323,0
D10132819150,-33.50667608,149.00614119,686341.8593231599,6290739.282582686,894.2975361390472,far-field,D20171215,2017-12-15,0.35374555,0
D10132819153,-33.50664663,149.00601591,686330.2838769979,6290742.773512512,882.3472823722991,far-field,D20171215,2017-12-15,0.47250298,0
D10132819161,-33.50656658,149.00567537,686298.8190960409,6290752.262383011,849.8838485431563,far-field,D20171215,2017-12-15,0.8613258,1
D10132819163,-33.50654618,149.00558861,686290.8027589726,6290754.680474637,841.6177971119995,far-field,D20171215,2017-12-15,0.24286564,0
D10132819171,-33.50646488,149.0052428,686258.8509993032,6290764.317295312,808.6931741626439,far-field,D20171215,2017-12-15,0.20793697,0
D10132819176,-33.50641515,149.00503125,686239.3044024335,6290770.211983051,788.5703259777512,far-field,D20171215,2017-12-15,0.60761,0
D10132819178,-33.50639582,149.004949,686231.7047284127,6290772.503268357,780.7509677027747,far-field,D20171215,2017-12-15,0.313912,0
D10132819180,-33.50637648,149.0048667,686224.1004274986,6290774.795746229,772.9293522417775,far-field,D20171215,2017-12-15,0.68995243,0
D10132819183,-33.50634984,149.00475321,686213.6141851089,6290777.953748703,762.1490275181557,far-field,D20171215,2017-12-15,0.5603448,0
D10132819184,-33.50634101,149.00471561,686210.1400296825,6290779.000455921,758.5783212019376,far-field,D20171215,2017-12-15,0.81562126,1
D10132819190,-33.5062876,149.00448815,686189.123208143,6290785.331695953,736.9897991182601,far-field,D20171215,2017-12-15,0.24450059,0
D10132819192,-33.50626938,149.00441057,686181.9549822616,6290787.49146435,729.6313434593004,far-field,D20171215,2017-12-15,0.15792212,0
D10132819193,-33.50626032,149.00437198,686178.3893413198,6290788.565442739,725.9722102048476,far-field,D20171215,2017-12-15,0.4617271,0
D10132819200,-33.50619713,149.00410291,686153.5278170574,6290796.055845268,700.4768104269749,far-field,D20171215,2017-12-15,0.6486326,0
D10132819202,-33.50617818,149.00402226,686146.0759339395,6290798.302049499,692.8412323604136,far-field,D20171215,2017-12-15,0.44381687,0
D10132819205,-33.50614796,149.00389373,686134.2000798065,6290801.883959247,680.6784941289188,far-field,D20171215,2017-12-15,0.80417657,1
D10132819206,-33.50613788,149.00385087,686130.2399259151,6290803.078695034,676.6244814829031,far-field,D20171215,2017-12-15,0.503047,0
D10132819216,-33.50603399,149.0034091,686089.4214451637,6290815.39225518,634.9010003014635,far-field,D20171215,2017-12-15,0.6591112,0
D10132819218,-33.50601625,149.00333355,686082.4407405868,6290817.495075867,627.7792679080238,far-field,D20171215,2017-12-15,0.6035969,0
D10132819219,-33.50600742,149.00329594,686078.9656303257,6290818.541752448,624.2354743471725,far-field,D20171215,2017-12-15,0.6141498,0
D10132819220,-33.50599861,149.00325842,686075.4988376793,6290819.586048386,620.7010865480863,far-field,D20171215,2017-12-15,0.2399673,0
D10132819225,-33.50595324,149.00306523,686057.6483717994,6290824.963917672,602.5183947282895,far-field,D20171215,2017-12-15,0.4356421,0
D10132819226,-33.50594404,149.0030261,686054.0328387489,6290826.054342768,598.8384407699914,far-field,D20171215,2017-12-15,0.7534929,0
D10132819232,-33.50588601,149.00277915,686031.2150728285,6290832.932524488,575.644714017155,far-field,D20171215,2017-12-15,0.4539239,0
D10132819233,-33.50587609,149.00273698,686027.3186552904,6290834.10823608,571.6887481252157,far-field,D20171215,2017-12-15,0.33219382,0
D10132819234,-33.50586622,149.00269496,686023.4360650755,6290835.278132273,567.749258012389,far-field,D20171215,2017-12-15,0.8810196,1
D10132819235,-33.50585638,149.00265311,686019.5692030372,6290836.444395134,563.8267913691485,far-field,D20171215,2017-12-15,0.81733054,1
D10132819236,-33.50584656,149.00261135,686015.7106584699,6290837.6082770955,559.9143469253046,far-field,D20171215,2017-12-15,0.8956599,1
D10132819237,-33.50583675,149.00256959,686011.8520916556,6290838.771048511,556.0041354234779,far-field,D20171215,2017-12-15,0.60731274,0
D10132819238,-33.50582656,149.00252629,686007.8512690837,6290839.9787201695,551.9505390075642,far-field,D20171215,2017-12-15,0.6371879,0
D10132819239,-33.50581618,149.00248214,686003.7718860123,6290841.208984451,547.8198662913949,far-field,D20171215,2017-12-15,0.65762484,0
D10132819246,-33.50574944,149.00219812,685977.528834879,6290849.119407296,521.2990683169082,far-field,D20171215,2017-12-15,0.21938169,0
D10132819256,-33.50566776,149.00184996,685945.3590020298,6290858.801513856,488.9305218300434,near-field,D20171215,2017-12-15,0.5578924,0
D10132819257,-33.50566013,149.00181742,685942.3523085223,6290859.7059768075,485.9140137845574,near-field,D20171215,2017-12-15,0.4247176,0
D10132819258,-33.50564998,149.00177425,685938.3634618166,6290860.908949979,481.9129074141199,near-field,D20171215,2017-12-15,0.8298157,1
D10132819262,-33.50560699,149.00159151,685921.4785881795,6290866.003897058,465.00675909477314,near-field,D20171215,2017-12-15,0.5648038,0
D10132819264,-33.50558555,149.00150039,685913.0592530589,6290868.54481188,456.5972394434697,near-field,D20171215,2017-12-15,0.6049346,0
D10132819267,-33.50555324,149.00136304,685900.368319544,6290872.37400501,443.94977954138153,near-field,D20171215,2017-12-15,0.68504757,0
D10132819273,-33.50549008,149.00109456,685875.5611515864,6290879.859286744,419.33599399696607,near-field,D20171215,2017-12-15,0.76426876,1
D10132819274,-33.50547965,149.00105021,685871.4632644948,6290881.095396654,415.28547363370666,near-field,D20171215,2017-12-15,0.5557372,0
D10132819277,-33.50544907,149.00092016,685859.4467845875,6290884.719604617,403.4355459624571,near-field,D20171215,2017-12-15,0.7436831,0
D10132819278,-33.50543927,149.00087847,685855.5946653492,6290885.881077394,399.6460818221289,near-field,D20171215,2017-12-15,0.71752375,0
D10132819279,-33.50542945,149.00083668,685851.7332978506,6290887.044945667,395.85238880778195,near-field,D20171215,2017-12-15,0.69233054,0
D10132819286,-33.50536196,149.00054954,685825.2017702762,6290895.043704053,369.9216561566836,near-field,D20171215,2017-12-15,0.5605678,0
D10132819288,-33.50534185,149.00046401,685817.2988672832,6290897.427027967,362.248206848479,near-field,D20171215,2017-12-15,0.81309456,1
D10132819289,-33.50533166,149.0004207,685813.2970715396,6290898.634634572,358.37196997666956,near-field,D20171215,2017-12-15,0.24777052,0
D10132819292,-33.5053022,149.00029537,685801.7166548201,6290902.126110753,347.19659292799383,near-field,D20171215,2017-12-15,0.9024227,1
D10132819297,-33.50525066,149.00007623,685781.468294336,6290908.234160442,327.8112936029758,near-field,D20171215,2017-12-15,0.8258026,1
D10132819298,-33.50524062,149.00003354,685777.523769072,6290909.424007059,324.0606123576246,near-field,D20171215,2017-12-15,0.7022889,0
D10132819301,-33.50521074,148.99990647,685765.7825770353,6290912.965131223,312.9517692164316,near-field,D20171215,2017-12-15,0.41684008,0
D10132819305,-33.50517311,148.9997463,685750.9828824026,6290917.424952574,299.08031621322226,near-field,D20171215,2017-12-15,0.85642093,1
D10132819310,-33.50512767,148.99955286,685733.109012361,6290922.810414753,282.5475384964565,near-field,D20171215,2017-12-15,0.73647445,0
D10132819316,-33.50507542,148.99933034,685712.5480808753,6290929.003103368,263.88351851804225,near-field,D20171215,2017-12-15,0.6109542,0
D10132819320,-33.50503675,148.99916582,685697.3464390923,6290933.585959208,250.37081070984652,near-field,D20171215,2017-12-15,0.8744798,1
D10132819321,-33.50502693,148.99912406,685693.4878240321,6290934.749708651,246.98530348402917,near-field,D20171215,2017-12-15,0.75356716,0
D10132819323,-33.50500733,148.99904069,685685.7844412486,6290937.072498452,240.28637961423001,near-field,D20171215,2017-12-15,0.76880205,1
D10132819324,-33.50499695,148.99899656,685681.7068417383,6290938.302586902,236.7739708683608,near-field,D20171215,2017-12-15,0.6801427,0
D10132819328,-33.5049556,148.99882076,685665.4629607435,6290943.202782061,223.04012509581707,near-field,D20171215,2017-12-15,0.79221165,1
D10132819329,-33.50494545,148.99877758,685661.4731223844,6290944.40565541,219.7365008854127,near-field,D20171215,2017-12-15,0.85820454,1
D10132819330,-33.50493576,148.99873636,685657.6643890206,6290945.554007219,216.61055821170038,near-field,D20171215,2017-12-15,0.13971463,0
D10132819331,-33.50492663,148.99869752,685654.0755661221,6290946.635996474,213.69107538899024,near-field,D20171215,2017-12-15,0.3304102,0
D10132819333,-33.50490847,148.99862019,685646.9302203467,6290948.788254937,207.94201242176595,near-field,D20171215,2017-12-15,0.582937,0
D10132819337,-33.50487241,148.99846667,685632.7448735007,6290953.061882671,196.54835803534763,near-field,D20171215,2017-12-15,0.10686682,0
D10132819338,-33.50486292,148.99842629,685629.013744766,6290954.186540562,193.55103726423127,near-field,D20171215,2017-12-15,0.57453924,0
D10132819339,-33.50485346,148.99838606,685625.2964865279,6290955.307601688,190.56437194903677,near-field,D20171215,2017-12-15,0.44448572,0
D10132819342,-33.50482529,148.99826619,685614.2204386081,6290958.64602093,181.66682559881536,near-field,D20171215,2017-12-15,0.40940845,0
D10132819344,-33.50480667,148.99818694,685606.8976863883,6290960.852696342,175.78474445084555,near-field,D20171215,2017-12-15,0.10114447,0
D10132819346,-33.50478818,148.99810822,685599.6238918167,6290963.044001358,169.94250376887257,near-field,D20171215,2017-12-15,0.5430291,0
D10132819347,-33.5047788,148.99806834,685595.938972414,6290964.155553002,166.98161846635313,near-field,D20171215,2017-12-15,0.15747622,0
D10132819348,-33.50476964,148.99802931,685592.3325495493,6290965.241185441,164.08567476891162,near-field,D20171215,2017-12-15,0.4881837,0
D10132819349,-33.5047605,148.99799041,685588.7381605663,6290966.324366007,161.1984180735557,near-field,D20171215,2017-12-15,0.50839776,0
D10132819350,-33.50475139,148.99795163,685585.1548550893,6290967.404003645,158.32023357202897,near-field,D20171215,2017-12-15,0.18415576,0
D10132819351,-33.50474231,148.997913,685581.5854202068,6290968.4800447,155.45270442987209,near-field,D20171215,2017-12-15,0.46611178,0
D10132819352,-33.50473323,148.99787436,685578.0150555723,6290969.556102287,152.58464829545855,near-field,D20171215,2017-12-15,0.34326693,0
D10132819353,-33.50472413,148.99783559,685574.4326555918,6290970.634608984,149.70790665406824,near-field,D20171215,2017-12-15,0.0912604,0
D10132819354,-33.50471499,148.9977967,685570.8391919909,6290971.717764806,146.82118138682713,near-field,D20171215,2017-12-15,0.54347503,0
D10132819355,-33.504706,148.99775843,685567.3030069607,6290972.783175829,143.98086949941634,near-field,D20171215,2017-12-15,0.11199465,0
D10132819357,-33.50468759,148.99768008,685560.0633992179,6290974.964916658,138.1654745058095,near-field,D20171215,2017-12-15,0.63443816,0
D10132819361,-33.5046514,148.99752602,685545.8280926949,6290979.253795353,126.73152614279097,near-field,D20171215,2017-12-15,0.1514566,0
D10132819362,-33.50464244,148.99748789,685542.3048449737,6290980.315619679,123.90134621305582,near-field,D20171215,2017-12-15,0.86340666,1
D10132819365,-33.50461574,148.99737418,685531.7978871269,6290983.479907338,115.46312833035209,near-field,D20171215,2017-12-15,0.65807074,0
D10132819367,-33.50459696,148.99729429,685524.4159845569,6290985.70540631,109.53270108153137,near-field,D20171215,2017-12-15,0.8078924,1
D10132819369,-33.50457785,148.99721299,685516.9037905413,6290987.9700165875,103.49774202886668,near-field,D20171215,2017-12-15,0.45191735,0
D10132819370,-33.50456834,148.99717252,685513.1643187584,6290989.097007273,100.49387082573715,near-field,D20171215,2017-12-15,0.4059899,0
D10132819372,-33.50454944,148.99709211,685505.7343551234,6290991.33672894,94.33588929139847,buffer,D20171215,2017-12-15,0.58301127,0
D10132819378,-33.50449409,148.99685652,685483.9655358224,6290997.896065159,72.0414354507379,buffer,D20171215,2017-12-15,0.86013675,1
D10132819379,-33.50448484,148.99681716,685480.3286242543,6290998.992225202,68.31656822912339,buffer,D20171215,2017-12-15,0.20020808,0
D10132819380,-33.50447447,148.9967731,685476.2574590928,6291000.220990252,64.14613517325903,buffer,D20171215,2017-12-15,0.36422414,0
D10132819381,-33.50446402,148.99672867,685472.1520896849,6291001.4592867065,59.94103666127489,buffer,D20171215,2017-12-15,0.76791024,1
D10132819388,-33.50438897,148.99640972,685442.6808824248,6291010.352206913,29.752227100638404,buffer,D20171215,2017-12-15,0.6063466,0
D10132819438,-33.5039019,148.99433804,685251.2541149046,6291068.067536142,16.993231732649758,buffer,D20171215,2017-12-15,0.84906363,1
D10132819451,-33.50375018,148.99369384,685191.7290723637,6291086.042793653,38.811951438771395,buffer,D20171215,2017-12-15,0.85731274,1
D10132819452,-33.50373777,148.99364116,685186.8613590738,6291087.513048049,42.443385156415104,buffer,D20171215,2017-12-15,0.70630205,0
D10132819458,-33.50366925,148.99335017,685159.9733470138,6291095.631020469,66.05423550017696,buffer,D20171215,2017-12-15,0.34051725,0
D10132918887,-33.50921516,149.01639313,687288.7996683838,6290439.244594388,1883.1919215888884,far-field,D20171215,2017-12-15,0.44849882,0
D10132918967,-33.5085187,149.01342505,687014.5695606624,6290521.834700163,1597.8591517242012,far-field,D20171215,2017-12-15,0.54503566,0
D10132919079,-33.50745588,149.00890043,686596.5201117522,6290647.845792721,1163.847022981182,far-field,D20171215,2017-12-15,0.18318966,0
D10132919081,-33.50743781,149.00882344,686589.4065513305,6290649.988177229,1156.479631042844,far-field,D20171215,2017-12-15,0.7635999,1
D10132919092,-33.50733354,149.00837959,686548.3967805398,6290662.349619411,1114.018143058878,far-field,D20171215,2017-12-15,0.21640904,0
D10132919094,-33.50731551,149.00830281,686541.3026238705,6290664.487153934,1106.6761038772474,far-field,D20171215,2017-12-15,0.6412753,0
D10132919097,-33.50728833,149.00818705,686530.6068622883,6290667.709477581,1095.6084920261026,far-field,D20171215,2017-12-15,0.14878121,0
D10132919107,-33.50719667,149.00779673,686494.5428365776,6290678.576024683,1058.3059822108594,far-field,D20171215,2017-12-15,0.513154,0
D10132919108,-33.50718693,149.00775532,686490.7167452907,6290679.730601352,1054.3492856819862,far-field,D20171215,2017-12-15,0.6833383,0
D10132919110,-33.50716725,149.00767155,686482.976734277,6290682.063637098,1046.3470973944657,far-field,D20171215,2017-12-15,0.56562126,0
D10132919111,-33.50715724,149.00762896,686479.0415976929,6290683.250272296,1042.2789450671683,far-field,D20171215,2017-12-15,0.17761594,0
D10132919112,-33.50714712,149.00758595,686475.0676782072,6290684.449859434,1038.1705029233026,far-field,D20171215,2017-12-15,0.46819264,0
D10132919115,-33.50711657,149.00745597,686463.0580668775,6290688.071388688,1025.7580270118663,far-field,D20171215,2017-12-15,0.103819855,0
D10132919116,-33.50710632,149.00741238,686459.0305406103,6290689.286428105,1021.595890118752,far-field,D20171215,2017-12-15,0.585538,0
D10132919119,-33.50707803,149.00729198,686447.9060536693,6290692.640092572,1010.1025461840148,far-field,D20171215,2017-12-15,0.33412606,0
D10132919123,-33.50704212,149.00713902,686433.773075076,6290696.897291496,995.5066337498583,far-field,D20171215,2017-12-15,0.32134363,0
D10132919124,-33.50703316,149.00710087,686430.2481521398,6290697.9594854675,991.8668356653912,far-field,D20171215,2017-12-15,0.4415131,0
D10132919127,-33.50700743,149.00699121,686420.1159045557,6290701.009920687,981.4073209163563,far-field,D20171215,2017-12-15,0.095868014,0
D10132919128,-33.50699873,149.00695415,686416.6916824873,6290702.041317709,977.872878395856,far-field,D20171215,2017-12-15,0.17657551,0
D10132919129,-33.50698996,149.00691678,686413.2388108148,6290703.081033297,974.3093067300167,far-field,D20171215,2017-12-15,0.7503716,0
D10132919130,-33.50698111,149.00687908,686409.7554529676,6290704.130212322,970.7144665781591,far-field,D20171215,2017-12-15,0.54763675,0
D10132919131,-33.50697218,149.00684109,686406.2453249419,6290705.188782863,967.0917506891726,far-field,D20171215,2017-12-15,0.084720574,0
D10132919132,-33.5069634,149.00680365,686402.7859696541,6290706.229729357,963.5227602033934,far-field,D20171215,2017-12-15,0.8454221,1
D10132919134,-33.50694657,149.00673196,686396.1620433922,6290708.224932277,956.6889449706537,far-field,D20171215,2017-12-15,0.5212545,0
D10132919138,-33.50691345,149.00659077,686383.1164770941,6290712.151505284,943.2348608321917,far-field,D20171215,2017-12-15,0.2667955,0
D10132919139,-33.50690525,149.0065558,686379.8853373162,6290713.1236855835,939.9034500240087,far-field,D20171215,2017-12-15,0.24390607,0
D10132919140,-33.50689677,149.00651966,686376.5461039899,6290714.129017818,936.4606383330926,far-field,D20171215,2017-12-15,0.39655173,0
D10132919142,-33.50687859,149.00644226,686369.3946017105,6290716.284170708,929.0875134782211,far-field,D20171215,2017-12-15,0.3335315,0
D10132919143,-33.5068695,149.00640355,686365.8179204768,6290717.361763075,925.4006861401054,far-field,D20171215,2017-12-15,0.46016645,0
D10132919146,-33.5068422,149.00628728,686355.0749307092,6290720.598110385,914.3293799429206,far-field,D20171215,2017-12-15,0.21239595,0
D10132919147,-33.50683273,149.006247,686351.3532077157,6290721.720658241,910.4941603981684,far-field,D20171215,2017-12-15,0.10879905,0
D10132919149,-33.50681252,149.00616102,686343.4089620074,6290724.11632392,902.3093546116289,far-field,D20171215,2017-12-15,0.082342446,0
D10132919152,-33.5067823,149.00603246,686331.5304722516,6290727.698538227,890.0750067816759,far-field,D20171215,2017-12-15,0.15576695,0
D10132919153,-33.50677232,149.00599,686327.6073146425,6290728.881549507,886.0354177147952,far-field,D20171215,2017-12-15,0.49234542,0
D10132919155,-33.50675292,149.00590746,686319.9808994553,6290731.181190513,878.184237081037,far-field,D20171215,2017-12-15,0.07743757,0
D10132919158,-33.50672363,149.00578282,686308.4645703544,6290734.653201358,866.3327182077851,far-field,D20171215,2017-12-15,0.2969679,0
D10132919160,-33.50670383,149.00569859,686300.6820024124,6290737.000220402,858.326110890173,far-field,D20171215,2017-12-15,0.62358797,0
D10132919161,-33.50669363,149.00565519,686296.6719830018,6290738.209304081,854.2016598107889,far-field,D20171215,2017-12-15,0.44500595,0
D10132919162,-33.50668342,149.0056118,686292.6629131282,6290739.419477046,850.0781880706754,far-field,D20171215,2017-12-15,0.33189654,0
D10132919164,-33.50666302,149.00552501,686284.6437987642,6290741.837617876,841.8332796154817,far-field,D20171215,2017-12-15,0.26538348,0
D10132919165,-33.50665282,149.00548163,686280.6356337197,6290743.046658784,837.7130526186778,far-field,D20171215,2017-12-15,0.39001188,0
D10132919166,-33.50664263,149.00543829,686276.6311623601,6290744.25451719,833.5973136259578,far-field,D20171215,2017-12-15,0.2914685,0
D10132919167,-33.50663257,149.0053955,686272.6775068028,6290745.446969772,829.5344949821146,far-field,D20171215,2017-12-15,0.20273484,0
D10132919168,-33.50662251,149.00535271,686268.7238503617,6290746.639420686,825.4723387707759,far-field,D20171215,2017-12-15,0.5368609,0
D10132919171,-33.50659211,149.0052234,686256.7760205757,6290750.2428483665,813.200809208109,far-field,D20171215,2017-12-15,0.02125446,0
D10132919176,-33.5065425,149.00501237,686237.2775031533,6290756.123292112,793.188068168027,far-field,D20171215,2017-12-15,0.17367718,0
D10132919178,-33.50652313,149.00492993,686229.6602746993,6290758.419353278,785.3754335715872,far-field,D20171215,2017-12-15,0.043772295,0
D10132919179,-33.50651348,149.00488886,686225.8655193511,6290759.5632308945,781.4843969487333,far-field,D20171215,2017-12-15,0.3020957,0
D10132919185,-33.50645877,149.00465592,686204.3424382727,6290766.048509257,759.4305977198276,far-field,D20171215,2017-12-15,0.8923157,1
D10132919186,-33.50644982,149.00461778,686200.8183771061,6290767.109490113,755.8224414150036,far-field,D20171215,2017-12-15,0.21328776,0
D10132919187,-33.50644093,149.00457995,686197.3229859448,6290768.163259448,752.2436587604645,far-field,D20171215,2017-12-15,0.40353745,0
D10132919188,-33.50643211,149.00454235,686193.8488113112,6290769.208851928,748.6881307065163,far-field,D20171215,2017-12-15,0.3266944,0
D10132919189,-33.50642325,149.00450464,686190.3645025997,6290770.2590764,745.1221837194452,far-field,D20171215,2017-12-15,0.25854638,0
D10132919190,-33.50641437,149.00446681,686186.8690879424,6290771.311732881,741.5460201912002,far-field,D20171215,2017-12-15,0.57104635,0
D10132919191,-33.50640546,149.00442887,686183.3635177703,6290772.367912369,737.9599763038917,far-field,D20171215,2017-12-15,0.5262337,0
D10132919192,-33.50639652,149.00439081,686179.8468630679,6290773.427632799,734.3632428399062,far-field,D20171215,2017-12-15,0.37618905,0
D10132919193,-33.50638756,149.00435263,686176.3191024018,6290774.489785205,730.7563484467207,far-field,D20171215,2017-12-15,0.24509512,0
D10132919195,-33.50636936,149.00427513,686169.1582717447,6290776.64718285,723.4366188660836,far-field,D20171215,2017-12-15,0.43400714,0
D10132919206,-33.50626337,149.00382411,686127.4851080746,6290789.210393967,680.9033761028683,far-field,D20171215,2017-12-15,0.06606718,0
D10132919207,-33.50625327,149.00378118,686123.5184986178,6290790.407470724,676.8608563973494,far-field,D20171215,2017-12-15,0.40078774,0
D10132919210,-33.50622264,149.00365092,686111.482807052,6290794.037923963,664.603314143104,far-field,D20171215,2017-12-15,0.6455856,0
D10132919211,-33.50621227,149.00360679,686107.4052909187,6290795.267088763,660.4537009964566,far-field,D20171215,2017-12-15,0.13570155,0
D10132919212,-33.50620181,149.00356234,686103.298238236,6290796.506806519,656.2746205038902,far-field,D20171215,2017-12-15,0.3521106,0
D10132919213,-33.50619129,149.00351759,686099.1634427516,6290797.753714437,652.0693587563177,far-field,D20171215,2017-12-15,0.058412604,0
D10132919214,-33.50618092,149.00347351,686095.0905688291,6290798.982784184,647.9281145698819,far-field,D20171215,2017-12-15,0.6620838,0
D10132919215,-33.50617178,149.00343461,686091.4962878712,6290800.066157616,644.275359502785,far-field,D20171215,2017-12-15,0.25609395,0
D10132919216,-33.50616267,149.00339583,686087.9130900775,6290801.145987526,640.6351352456211,far-field,D20171215,2017-12-15,0.30551428,0
D10132919217,-33.50615359,149.00335716,686084.3400464418,6290802.222291866,637.0066404541823,far-field,D20171215,2017-12-15,0.17523782,0
D10132919219,-33.50613552,149.00328019,686077.2281377199,6290804.364252125,629.788125947133,far-field,D20171215,2017-12-15,0.3712842,0
D10132919220,-33.50612652,149.00324187,686073.6874360353,6290805.431052906,626.1959615851836,far-field,D20171215,2017-12-15,0.350327,0
D10132919224,-33.50608996,149.00308625,686059.3084323558,6290809.764541447,611.6203311886626,far-field,D20171215,2017-12-15,0.51226217,0
D10132919226,-33.50607158,149.00300797,686052.0754766418,6290811.943210013,604.2972583935341,far-field,D20171215,2017-12-15,0.9247176,1
D10132919232,-33.50601279,149.00275787,686028.9667317049,6290818.911318498,580.9363226575075,far-field,D20171215,2017-12-15,0.57282996,0
D10132919233,-33.50600239,149.00271365,686024.8808996088,6290820.143935708,576.8122324103567,far-field,D20171215,2017-12-15,0.30603448,0
D10132919234,-33.50599216,149.00267016,686020.862520619,6290821.356389767,572.7581810902747,far-field,D20171215,2017-12-15,0.47881985,0
D10132919241,-33.50592789,149.00239652,685995.5785655656,6290828.974338241,547.3051972938272,far-field,D20171215,2017-12-15,0.5242271,0
D10132919242,-33.50591835,149.00235594,685991.8290461332,6290830.105044078,543.5378234143919,far-field,D20171215,2017-12-15,0.49620986,0
D10132919246,-33.5058813,149.00219825,685977.2587184763,6290834.496457279,528.9199748869216,far-field,D20171215,2017-12-15,0.41572532,0
D10132919247,-33.50587203,149.00215875,685973.6089508733,6290835.595277704,525.264297545193,far-field,D20171215,2017-12-15,0.76798457,1
D10132919249,-33.50585407,149.00208228,685966.5432128713,6290837.724059124,518.1926599779418,far-field,D20171215,2017-12-15,0.9334126,1
D10132919255,-33.50580034,149.00185351,685945.4051178963,6290844.092589866,497.09035004320646,near-field,D20171215,2017-12-15,0.15963139,0
D10132919277,-33.50557884,149.00091145,685858.3600696046,6290870.344270441,411.25562809269246,near-field,D20171215,2017-12-15,0.42895362,0
D10132919278,-33.50556948,149.00087161,685854.6788833144,6290871.45363439,407.67471525103707,near-field,D20171215,2017-12-15,0.4844679,0
D10132919279,-33.50556005,149.00083149,685850.9718334773,6290872.571261246,404.07325123301933,near-field,D20171215,2017-12-15,0.6113258,0
D10132919288,-33.50546899,149.00044425,685815.1912739244,6290883.363141218,369.5900524951835,near-field,D20171215,2017-12-15,0.60664386,0
D10132919291,-33.50543924,149.00031772,685803.5000143553,6290886.888929719,358.4485722316896,near-field,D20171215,2017-12-15,0.8156956,1
D10132919293,-33.50542022,149.00023678,685796.0212031566,6290889.143138589,351.3595535783589,near-field,D20171215,2017-12-15,0.49383175,0
D10132919299,-33.50536025,148.9999817,685772.4519936804,6290896.250391731,329.2304158596525,near-field,D20171215,2017-12-15,0.68564206,0
D10132919304,-33.50531143,148.99977405,685753.2652609788,6290902.036168879,311.49180733325915,near-field,D20171215,2017-12-15,0.0885107,0
D10132919305,-33.50530215,148.99973452,685749.612681381,6290903.136064846,308.14798359878716,near-field,D20171215,2017-12-15,0.08843639,0
D10132919306,-33.50529286,148.99969501,685745.9619804408,6290904.237032536,304.815748338335,near-field,D20171215,2017-12-15,0.67761594,0
D10132919307,-33.50528358,148.99965549,685742.310328354,6290905.336907756,301.4950448007884,near-field,D20171215,2017-12-15,0.2627824,0
D10132919309,-33.50526543,148.99957824,685735.1724402446,6290907.487981739,295.03764978062213,near-field,D20171215,2017-12-15,0.23260999,0
D10132919310,-33.50525726,148.99954341,685731.9541241105,6290908.456361355,292.1427911457595,near-field,D20171215,2017-12-15,0.3818371,0
D10132919315,-33.50521569,148.99936628,685715.5872251613,6290913.383422829,277.581645743072,near-field,D20171215,2017-12-15,0.100475624,0
D10132919316,-33.50520738,148.99933087,685712.3153214351,6290914.368359471,274.7057383486957,near-field,D20171215,2017-12-15,0.48283294,0
D10132919317,-33.5051984,148.99929264,685708.7828649913,6290915.432643508,271.6141844730025,near-field,D20171215,2017-12-15,0.22213139,0
D10132919320,-33.50517,148.99917179,685697.6163341869,6290918.798422427,261.94205971428784,near-field,D20171215,2017-12-15,0.24962842,0
D10132919321,-33.50516033,148.99913066,685693.8159330322,6290919.944410166,258.68733027329466,near-field,D20171215,2017-12-15,0.44537753,0
D10132919324,-33.50513063,148.9990043,685682.1402795528,6290923.464198347,248.8186846910668,near-field,D20171215,2017-12-15,0.47242865,0
D10132919325,-33.50511997,148.99895902,685677.9564463324,6290924.7273947075,245.33172803681376,near-field,D20171215,2017-12-15,0.8052913,1
D10132919328,-33.5050883,148.9988244,685665.5176190735,6290928.480411382,235.14129490298987,near-field,D20171215,2017-12-15,0.5524673,0
D10132919331,-33.50505857,148.99869795,685653.8336497501,6290932.0036522895,225.74852027472846,near-field,D20171215,2017-12-15,0.41505647,0
D10132919333,-33.50503998,148.99861881,685646.5210805635,6290934.206835426,219.87497203810798,near-field,D20171215,2017-12-15,0.82520807,1
D10132919334,-33.50503072,148.99857943,685642.8823714949,6290935.30420349,216.95142109860328,near-field,D20171215,2017-12-15,0.9023484,1
D10132919335,-33.5050215,148.99854017,685639.2547245017,6290936.396919571,214.03785531480267,near-field,D20171215,2017-12-15,0.30075803,0
D10132919336,-33.50501231,148.99850104,685635.6390899731,6290937.486074743,211.1338894874686,near-field,D20171215,2017-12-15,0.6203924,0
D10132919337,-33.50500312,148.99846195,685632.0271707978,6290938.575156944,208.23203531824313,near-field,D20171215,2017-12-15,0.57780915,0
D10132919338,-33.50499391,148.99842275,685628.4050743477,6290939.666652505,205.32255107533265,near-field,D20171215,2017-12-15,0.08732164,0
D10132919339,-33.50498467,148.99838341,685624.7700349148,6290940.761724054,202.402940672935,near-field,D20171215,2017-12-15,0.7728151,1
D10132919340,-33.5049754,148.99834395,685621.123910534,6290941.860335788,199.47425956778198,near-field,D20171215,2017-12-15,0.45563316,0
D10132919341,-33.50496609,148.99830435,685617.4648645163,6290942.963632437,196.5345393995184,near-field,D20171215,2017-12-15,0.23610285,0
D10132919345,-33.50492842,148.99814404,685602.6521477134,6290947.427907235,184.63561553241615,near-field,D20171215,2017-12-15,0.48573127,0
D10132919346,-33.50491891,148.99810356,685598.9117709203,6290948.55495026,181.6312011358366,near-field,D20171215,2017-12-15,0.4644025,0
D10132919350,-33.50488088,148.99794176,685583.9613827548,6290953.061783811,169.6207972039785,near-field,D20171215,2017-12-15,0.6038942,0
D10132919353,-33.50485379,148.99782643,685573.3047969799,6290956.272266196,161.06146756296414,near-field,D20171215,2017-12-15,0.26018134,0
D10132919356,-33.50482691,148.99771198,685562.7295105227,6290959.457874259,152.5677553311736,near-field,D20171215,2017-12-15,0.92085314,1
D10132919359,-33.50479994,148.99759719,685552.1228230514,6290962.654059162,144.0478907254134,near-field,D20171215,2017-12-15,0.6875,0
D10132919361,-33.50478204,148.99752096,685545.0790848008,6290964.775440164,138.39094368166394,near-field,D20171215,2017-12-15,0.43534482,0
D10132919365,-33.50474641,148.99736929,685531.0646299316,6290968.997921143,127.13426771708127,near-field,D20171215,2017-12-15,0.47458383,0
D10132919370,-33.50470112,148.99717648,685513.2487735072,6290974.365204719,108.9530489177604,near-field,D20171215,2017-12-15,0.9348246,1
D10132919371,-33.50469188,148.99713718,685509.6174264636,6290975.460160125,105.23365843274581,near-field,D20171215,2017-12-15,0.6625297,0
D10132919372,-33.50468259,148.99709763,685505.9629597551,6290976.561105966,101.49104930869426,near-field,D20171215,2017-12-15,0.34787455,0
D10132919429,-33.50410728,148.99465144,685279.9321754428,6291044.732112986,20.6821061234784,buffer,D20171215,2017-12-15,0.7184899,0
D10132919438,-33.50401753,148.9942698,685244.6679231239,6291055.366542359,31.221959947451186,buffer,D20171215,2017-12-15,0.97235435,1
D10132919452,-33.50385928,148.99359766,685182.5611446777,6291074.115785585,53.04102844272789,buffer,D20171215,2017-12-15,0.7955559,1
D10132919458,-33.50379171,148.99331067,685156.0427578964,6291082.121257642,73.09408787333305,buffer,D20171215,2017-12-15,0.619129,0
D10132919481,-33.50356915,148.99236407,685068.5742876913,6291108.491263613,156.73033797709047,near-field,D20171215,2017-12-15,0.8834721,1
D10133018967,-33.50864639,149.01340759,687012.6727253683,6290507.705854734,1601.483021255333,far-field,D20171215,2017-12-15,0.59408444,0
D10133018968,-33.50863784,149.01337114,687009.3049689352,6290508.719734101,1597.9844090692936,far-field,D20171215,2017-12-15,0.6586653,0
D10133019079,-33.50757966,149.00886648,686593.100363786,6290634.180160257,1166.39546177565,far-field,D20171215,2017-12-15,0.3841409,0
D10133019091,-33.50746647,149.00838462,686548.5786919006,6290647.599172669,1120.3713477789124,far-field,D20171215,2017-12-15,0.2509661,0
D10133019122,-33.50717775,149.00715543,686435.0065774033,6290681.826982926,1003.1668485460236,far-field,D20171215,2017-12-15,0.54436684,0
D10133019124,-33.50715948,149.00707764,686427.8190719851,6290683.992862468,995.760838540151,far-field,D20171215,2017-12-15,0.29503566,0
D10133019126,-33.50714242,149.00700492,686421.0999716999,6290686.015440714,988.8397999987556,far-field,D20171215,2017-12-15,0.6256688,0
D10133019131,-33.50710092,149.00682805,686404.7577409757,6290690.935475638,972.0118365670525,far-field,D20171215,2017-12-15,0.6591112,0
D10133019133,-33.5070836,149.00675422,686397.9360703792,6290692.98886493,964.9900512064688,far-field,D20171215,2017-12-15,0.8961058,1
D10133019138,-33.50704035,149.00656999,686380.9138257154,6290698.116151774,947.4735740429898,far-field,D20171215,2017-12-15,0.4964328,0
D10133019143,-33.50699556,149.00637923,686363.2882283309,6290703.425919378,929.3463430269746,far-field,D20171215,2017-12-15,0.29704222,0
D10133019144,-33.50698647,149.00634051,686359.7106224447,6290704.503527645,925.6683407579665,far-field,D20171215,2017-12-15,0.24509512,0
D10133019146,-33.50696825,149.00626293,686352.5424882283,6290706.663427437,918.3001101840385,far-field,D20171215,2017-12-15,0.6374108,0
D10133019147,-33.50695872,149.00622235,686348.793029077,6290707.793167256,914.4467720224599,far-field,D20171215,2017-12-15,0.09757729,0
D10133019149,-33.5069394,149.00614013,686341.1961915258,6290710.083379524,906.640548188794,far-field,D20171215,2017-12-15,0.4945749,0
D10133019153,-33.50690003,149.00597263,686325.719796624,6290714.750236144,890.7440525565914,far-field,D20171215,2017-12-15,0.24301428,0
D10133019154,-33.50689036,149.00593149,686321.9186077181,6290715.896496549,886.8411540622154,far-field,D20171215,2017-12-15,0.4493163,0
D10133019155,-33.50688066,149.00589019,686318.1026182484,6290717.046369681,882.9240547960827,far-field,D20171215,2017-12-15,0.8491379,1
D10133019156,-33.50687091,149.00584874,686314.2728000915,6290718.202055473,878.9926193795434,far-field,D20171215,2017-12-15,0.7550535,0
D10133019157,-33.50686114,149.00580713,686310.4281599096,6290719.360245,875.0475070427926,far-field,D20171215,2017-12-15,0.7929548,1
D10133019159,-33.50684144,149.00572334,686302.6862668011,6290721.695386402,867.1038996356531,far-field,D20171215,2017-12-15,0.2509661,0
D10133019160,-33.50683122,149.00567985,686298.6679359475,6290722.906850789,862.9821776409893,far-field,D20171215,2017-12-15,0.6510107,0
D10133019162,-33.50681049,149.0055917,686290.5231996068,6290725.364035422,854.6293456562104,far-field,D20171215,2017-12-15,0.28344232,0
D10133019163,-33.50680029,149.00554832,686286.515042163,6290726.573079134,850.5199879101326,far-field,D20171215,2017-12-15,0.8362069,1
D10133019164,-33.50679009,149.00550496,686282.5087418174,6290727.7820852185,846.4130456971279,far-field,D20171215,2017-12-15,0.51798457,0
D10133019165,-33.50677991,149.00546163,686278.505184705,6290728.988817802,842.3103581595611,far-field,D20171215,2017-12-15,0.31881687,0
D10133019166,-33.50676983,149.00541878,686274.5460045828,6290730.183597126,838.2532442893146,far-field,D20171215,2017-12-15,0.2969679,0
D10133019167,-33.50676005,149.00537715,686270.6995191697,6290731.342915244,834.3130333320943,far-field,D20171215,2017-12-15,0.47242865,0
D10133019170,-33.50673048,149.00525136,686259.0769403775,6290734.847982226,822.4108163919436,far-field,D20171215,2017-12-15,0.07401902,0
D10133019171,-33.50672056,149.00520915,686255.176869332,6290736.023860851,818.4186057685182,far-field,D20171215,2017-12-15,0.20273484,0
D10133019174,-33.50669183,149.00508686,686243.87763214,6290739.429471992,806.8575473579609,far-field,D20171215,2017-12-15,0.77445006,1
D10133019175,-33.50668249,149.0050471,686240.2039212064,6290740.536625924,803.100268475957,far-field,D20171215,2017-12-15,0.3301873,0
D10133019177,-33.50666361,149.00496676,686232.7807471373,6290742.774580829,795.510164093479,far-field,D20171215,2017-12-15,0.60746133,0
D10133019178,-33.50665408,149.00492619,686229.0321915469,6290743.9042548295,791.6787283445476,far-field,D20171215,2017-12-15,0.034705706,0
D10133019182,-33.50661623,149.00476511,686214.1488634718,6290748.390839778,776.4739330523621,far-field,D20171215,2017-12-15,0.5834572,0
D10133019183,-33.50660678,149.00472488,686210.4317187355,6290749.511024323,772.6787828167145,far-field,D20171215,2017-12-15,0.7919144,1
D10133019185,-33.50658779,149.00464406,686202.964175502,6290751.762015839,765.0568806909837,far-field,D20171215,2017-12-15,0.8046968,1
D10133019187,-33.50656885,149.00456344,686195.5151021212,6290754.007097623,757.4575982545738,far-field,D20171215,2017-12-15,0.55127823,0
D10133019189,-33.50655054,149.00448549,686188.3127207782,6290756.177516699,750.1136592389743,far-field,D20171215,2017-12-15,0.109913796,0
D10133019190,-33.50654141,149.00444661,686184.7203010109,6290757.259781254,746.4521089736314,far-field,D20171215,2017-12-15,0.49286562,0
D10133019191,-33.50653264,149.00440925,686181.2683183838,6290758.299393768,742.9347166693528,far-field,D20171215,2017-12-15,0.18772295,0
D10133019193,-33.5065151,149.00433454,686174.3652801086,6290760.378597042,735.9032965660518,far-field,D20171215,2017-12-15,0.3891201,0
D10133019195,-33.50649689,149.00425702,686167.2026232497,6290762.537138572,728.6105408376079,far-field,D20171215,2017-12-15,0.060047563,0
D10133019196,-33.5064877,149.00421789,686163.587102523,6290763.626497461,724.930912662264,far-field,D20171215,2017-12-15,0.25022295,0
D10133019197,-33.50647851,149.00417877,686159.9725100659,6290764.715837011,721.2530961832836,far-field,D20171215,2017-12-15,0.6932967,0
D10133019198,-33.50646932,149.00413962,686156.3551298404,6290765.805229007,717.5738483673455,far-field,D20171215,2017-12-15,0.12343936,0
D10133019201,-33.50644175,149.00402226,686145.5113458042,6290769.073235117,706.5496629243542,far-field,D20171215,2017-12-15,0.3486177,0
D10133019202,-33.50643217,149.00398149,686141.7442986105,6290770.208777932,702.7220565781898,far-field,D20171215,2017-12-15,0.046299048,0
D10133019203,-33.50642252,149.00394043,686137.9504592983,6290771.352602323,698.8683235527031,far-field,D20171215,2017-12-15,0.09794887,0
D10133019205,-33.50640301,149.00385742,686130.2805462314,6290773.665131594,691.0810387685423,far-field,D20171215,2017-12-15,0.46447682,0
D10133019206,-33.50639314,149.00381544,686126.4017068313,6290774.834999193,687.1446110360228,far-field,D20171215,2017-12-15,0.33747026,0
D10133019207,-33.5063832,149.00377312,686122.4914301945,6290776.013237948,683.1782052385535,far-field,D20171215,2017-12-15,0.094901904,0
D10133019208,-33.50637302,149.00372983,686118.4915528173,6290777.219830474,679.12166254161,far-field,D20171215,2017-12-15,0.12983055,0
D10133019210,-33.50635242,149.00364226,686110.4003374111,6290779.661401616,670.9199666047804,far-field,D20171215,2017-12-15,0.14580856,0
D10133019211,-33.50634207,149.00359822,686106.33114565,6290780.888186859,666.7981451734458,far-field,D20171215,2017-12-15,0.1044887,0
D10133019212,-33.50633167,149.00355403,686102.2481248897,6290782.12078424,662.6630979724789,far-field,D20171215,2017-12-15,0.08397741,0
D10133019213,-33.50632125,149.00350971,686098.1530688838,6290783.355830983,658.5181391782014,far-field,D20171215,2017-12-15,0.12143282,0
D10133019214,-33.50631103,149.00346624,686094.1365494686,6290784.567171883,654.4543379399762,far-field,D20171215,2017-12-15,0.65621287,0
D10133019215,-33.50630151,149.00342574,686090.3944460874,6290785.6955559505,650.6697857298452,far-field,D20171215,2017-12-15,0.23365042,0
D10133019216,-33.506292,149.00338524,686086.652320496,6290786.822829569,646.8872671451866,far-field,D20171215,2017-12-15,0.20659928,0
D10133019217,-33.50628248,149.00334475,686082.9111445373,6290787.951192713,643.1064931329421,far-field,D20171215,2017-12-15,0.434676,0
D10133019219,-33.50626347,149.00326385,686075.4361580841,6290790.204444149,635.5576425084579,far-field,D20171215,2017-12-15,0.08873365,0
D10133019222,-33.50623588,149.00314639,686064.5830770369,6290793.474754017,624.6092734751535,far-field,D20171215,2017-12-15,0.7284483,0
D10133019223,-33.50622669,149.00310728,686060.9693933085,6290794.564037485,620.9667360479943,far-field,D20171215,2017-12-15,0.19560048,0
D10133019224,-33.5062175,149.00306815,686057.3538508196,6290795.653355435,617.3241885348823,far-field,D20171215,2017-12-15,0.115487516,0
D10133019226,-33.50619912,149.00298988,686050.1218346126,6290797.832005089,610.0431703964728,far-field,D20171215,2017-12-15,0.1158591,0
D10133019227,-33.50618991,149.0029507,686046.5016876681,6290798.923626449,606.4004315985266,far-field,D20171215,2017-12-15,0.15472652,0
D10133019229,-33.50617059,149.00286847,686038.9037909594,6290801.213611864,598.7612866342653,far-field,D20171215,2017-12-15,0.07989001,0
D10133019230,-33.50616071,149.00282644,686035.0203078169,6290802.384640314,594.8594159553164,far-field,D20171215,2017-12-15,0.6736029,0
D10133019231,-33.50615079,149.00278427,686031.1239032891,6290803.560354058,590.9462240201507,far-field,D20171215,2017-12-15,0.5503864,0
D10133019232,-33.50614085,149.00274196,686027.2145345525,6290804.7385351695,587.0229388770211,far-field,D20171215,2017-12-15,0.30945304,0
D10133019233,-33.50613087,149.00269953,686023.2941024356,6290805.921365678,583.0900372957726,far-field,D20171215,2017-12-15,0.43824315,0
D10133019234,-33.50612089,149.00265708,686019.3718114244,6290807.104230415,579.1578069911302,far-field,D20171215,2017-12-15,0.13978894,0
D10133019236,-33.5061025,149.00257878,686012.137014023,6290809.284013543,571.9118634749562,far-field,D20171215,2017-12-15,0.7957788,1
D10133019241,-33.5060578,149.00238844,685994.5498743213,6290814.58235462,554.3324467277314,far-field,D20171215,2017-12-15,0.0022294887,0
D10133019243,-33.50603973,149.00231148,685987.4388695476,6290816.72422941,547.2394952753411,far-field,D20171215,2017-12-15,0.42724437,0
D10133019244,-33.50603054,149.00227236,685983.8242410127,6290817.813501093,543.6371638885965,far-field,D20171215,2017-12-15,0.14409928,0
D10133019245,-33.50602135,149.00223323,685980.2086827231,6290818.902789313,540.0364170424464,far-field,D20171215,2017-12-15,0.35374555,0
D10133019246,-33.50601215,149.0021941,685976.5931450941,6290819.993185097,536.4374714171987,far-field,D20171215,2017-12-15,0.16765755,0
D10133019247,-33.50600296,149.00215496,685972.9766563133,6290821.082488459,532.8408192251629,far-field,D20171215,2017-12-15,0.25423604,0
D10133019254,-33.50593621,149.00187092,685946.7318047344,6290828.99397382,506.8148022053982,far-field,D20171215,2017-12-15,0.5329964,0
D10133019255,-33.50592684,149.00183105,685943.0478769919,6290830.104535445,503.17334090025827,far-field,D20171215,2017-12-15,0.72607017,0
D10133019256,-33.50591705,149.00178939,685939.1985536852,6290831.264880381,499.3717398962815,near-field,D20171215,2017-12-15,0.18980381,0
D10133019258,-33.50589611,149.00170035,685930.9714184273,6290833.746636275,491.2572445568543,near-field,D20171215,2017-12-15,0.1669887,0
D10133019260,-33.50587481,149.0016098,685922.6047684114,6290836.271013826,483.0218114886938,near-field,D20171215,2017-12-15,0.35998812,0
D10133019261,-33.50586403,149.00156398,685918.3710887616,6290837.548593042,478.86121621033766,near-field,D20171215,2017-12-15,0.06606718,0
D10133019262,-33.50585328,149.00151831,685914.1512791329,6290838.822574641,474.7186061761184,near-field,D20171215,2017-12-15,0.09059156,0
D10133019264,-33.50583212,149.00142834,685905.8382044733,6290841.330372338,466.5730269994287,near-field,D20171215,2017-12-15,0.2951843,0
D10133019266,-33.50581115,149.00133918,685897.5999696455,6290843.8156409,458.52021366605146,near-field,D20171215,2017-12-15,0.52772,0
D10133019267,-33.50580057,149.00129421,685893.4448224271,6290845.069506457,454.4660440707061,near-field,D20171215,2017-12-15,0.3417063,0
D10133019268,-33.50579057,149.00125171,685889.5179002462,6290846.254624422,450.63937545649145,near-field,D20171215,2017-12-15,0.6714477,0
D10133019272,-33.50575411,149.00109647,685875.1738576381,6290850.576061278,436.7086782435139,near-field,D20171215,2017-12-15,0.51352555,0
D10133019273,-33.50574492,149.00105735,685871.5592061023,6290851.665289709,433.2090935752597,near-field,D20171215,2017-12-15,0.74606127,0
D10133019274,-33.50573571,149.00101812,685867.9343774356,6290852.7569317585,429.7047533268462,near-field,D20171215,2017-12-15,0.6094679,0
D10133019276,-33.50571767,149.00094134,685860.8399797704,6290854.895061202,422.85918687093323,near-field,D20171215,2017-12-15,0.7340963,0
D10133019277,-33.5057088,149.00090358,685857.350987054,6290855.946360794,419.49974125953855,near-field,D20171215,2017-12-15,0.3499554,0
D10133019278,-33.50569987,149.00086554,685853.8361095248,6290857.004814493,416.1206271171611,near-field,D20171215,2017-12-15,0.25200653,0
D10133019282,-33.5056635,149.0007107,685839.5290061075,6290861.315499581,402.417367673689,near-field,D20171215,2017-12-15,0.13473544,0
D10133019283,-33.50565402,149.00067036,685835.8016274392,6290862.439059631,398.86158352917437,near-field,D20171215,2017-12-15,0.90978,1
D10133019284,-33.50564424,149.00062874,685831.9559754167,6290863.598179951,395.19969346614914,near-field,D20171215,2017-12-15,0.4739893,0
D10133019285,-33.50563438,149.00058682,685828.0826231298,6290864.766707771,391.5177577210416,near-field,D20171215,2017-12-15,0.19225624,0
D10133019287,-33.50561445,149.00050202,685820.247179444,6290867.128766378,384.0930961597179,near-field,D20171215,2017-12-15,0.28663793,0
D10133019288,-33.50560437,149.00045916,685816.2869674196,6290868.323370224,380.35183962237573,near-field,D20171215,2017-12-15,0.102853745,0
D10133019291,-33.50557482,149.00033346,685804.67240764,6290871.825495137,369.4290116610657,near-field,D20171215,2017-12-15,0.4679697,0
D10133019293,-33.5055553,149.00025042,685796.9995840071,6290874.138914635,362.25544923713255,near-field,D20171215,2017-12-15,0.39744353,0
D10133019294,-33.50554553,149.00020889,685793.1622633027,6290875.296748899,358.6805787068347,near-field,D20171215,2017-12-15,0.662827,0
D10133019295,-33.50553576,149.00016731,685789.3202966737,6290876.4546711445,355.1115647356057,near-field,D20171215,2017-12-15,0.19812723,0
D10133019296,-33.50552568,149.00012443,685785.3582196692,6290877.649297755,351.4406450592557,near-field,D20171215,2017-12-15,0.42590666,0
D10133019299,-33.50549411,148.99999025,685772.9601506145,6290881.390580183,340.02081833493145,near-field,D20171215,2017-12-15,0.60820454,0
D10133019300,-33.50548333,148.99994441,685768.7245769982,6290882.668127687,336.1452973071588,near-field,D20171215,2017-12-15,0.76746434,1
D10133019301,-33.50547242,148.99989805,685764.4409713164,6290883.961020922,332.2391450076123,near-field,D20171215,2017-12-15,0.5171671,0
D10133019305,-33.50543136,148.99972347,685748.3099376532,6290888.827017397,317.6660970400358,near-field,D20171215,2017-12-15,0.09074019,0
D10133019306,-33.50542192,148.99968328,685744.5963894929,6290889.9458367955,314.3444645887757,near-field,D20171215,2017-12-15,0.21574019,0
D10133019307,-33.50541247,148.99964308,685740.8819329066,6290891.065781586,311.0342767597367,near-field,D20171215,2017-12-15,0.061385255,0
D10133019308,-33.50540326,148.99960388,685737.2598644579,6290892.157319433,307.81964482573875,near-field,D20171215,2017-12-15,0.30670333,0
D10133019309,-33.50539492,148.99956835,685733.9768857503,6290893.145805599,304.91788145145927,near-field,D20171215,2017-12-15,0.058561236,0
D10133019310,-33.50538706,148.99953483,685730.8796133562,6290894.077461898,302.1910723362287,near-field,D20171215,2017-12-15,0.041245542,0
D10133019311,-33.50537934,148.99950191,685727.8377823513,6290894.992517529,299.52284716514646,near-field,D20171215,2017-12-15,0.23833235,0
D10133019312,-33.50537141,148.9994681,685724.7137169313,6290895.932453707,296.7927973709932,near-field,D20171215,2017-12-15,0.5155321,0
D10133019314,-33.50535543,148.99939996,685718.4175318894,6290897.826561399,291.3241522203715,near-field,D20171215,2017-12-15,0.75966114,1
D10133019316,-33.50533925,148.99933101,685712.0465214379,6290899.744294109,285.8370931807762,near-field,D20171215,2017-12-15,0.6124405,0
D10133019317,-33.50533096,148.99929566,685708.7801535481,6290900.72690443,283.04378969213354,near-field,D20171215,2017-12-15,0.39060643,0
D10133019318,-33.50532224,148.99925852,685705.3484094411,6290901.760403205,280.12289609424465,near-field,D20171215,2017-12-15,0.20399822,0
D10133019321,-33.50529557,148.99914496,685694.855452657,6290904.921279591,271.2898991856106,near-field,D20171215,2017-12-15,0.061013673,0
D10133019322,-33.50528649,148.99910633,685691.2860511207,6290905.9973629005,268.3202262057937,near-field,D20171215,2017-12-15,0.35939357,0
D10133019325,-33.50525727,148.99898202,685679.7998377591,6290909.46024948,258.8970368807106,near-field,D20171215,2017-12-15,0.89380205,1
D10133019326,-33.50524658,148.9989366,685675.6030683318,6290910.72702256,255.50659880569086,near-field,D20171215,2017-12-15,0.30083233,0
D10133019330,-33.50520313,148.99875192,685658.5387485281,6290915.875983328,241.79379983369975,near-field,D20171215,2017-12-15,0.94872177,1
D10133019334,-33.50516235,148.99857853,685642.5175733884,6290920.7086173445,228.92066948057575,near-field,D20171215,2017-12-15,0.9133472,1
D10133019335,-33.50515243,148.99853636,685638.6210821307,6290921.884168083,225.78963417256946,near-field,D20171215,2017-12-15,0.1824465,0
D10133019339,-33.50511585,148.99838065,685624.2334279147,6290926.219369862,214.2329657563299,near-field,D20171215,2017-12-15,0.20890309,0
D10133019340,-33.50510679,148.99834208,685620.6695434934,6290927.293101032,211.3704264831335,near-field,D20171215,2017-12-15,0.62641203,0
D10133019341,-33.5050977,148.99830339,685617.0945741726,6290928.370372437,208.49881649275446,near-field,D20171215,2017-12-15,0.14261296,0
D10133019343,-33.50507943,148.9982256,685609.9067356833,6290930.535625365,202.7257457597619,near-field,D20171215,2017-12-15,0.11689953,0
D10133019345,-33.50506057,148.99814535,685602.4916149139,6290932.770702628,196.76899572787224,near-field,D20171215,2017-12-15,0.36823723,0
D10133019353,-33.5049857,148.99782675,685573.0528489923,6290941.643449204,173.12071698527473,near-field,D20171215,2017-12-15,0.1436534,0
D10133019369,-33.50484263,148.99721764,685516.770560366,6290958.5987570435,119.48021713707617,near-field,D20171215,2017-12-15,0.4191439,0
D10133019372,-33.50481617,148.99710495,685506.3578683352,6290961.734578685,108.81690251545437,near-field,D20171215,2017-12-15,0.5290577,0
D10133019387,-33.50466547,148.99646413,685447.1457078086,6290979.592307389,48.16744348732905,buffer,D20171215,2017-12-15,0.91914386,1
D10133019457,-33.50392812,148.99333033,685157.5786185109,6291066.958911531,77.92997732359976,buffer,D20171215,2017-12-15,0.886519,1
D10133019458,-33.50391734,148.99328454,685153.3475422313,6291068.236092001,81.03635694820402,buffer,D20171215,2017-12-15,0.616305,0
D10133019459,-33.50390669,148.99323927,685149.1644977154,6291069.497926075,84.22327437791199,buffer,D20171215,2017-12-15,0.46863854,0
D10133019460,-33.50389626,148.99319494,685145.0683126661,6291070.733683638,87.44302802492311,buffer,D20171215,2017-12-15,0.6321344,0
D10133019461,-33.50388671,148.99315432,685141.3149234294,6291071.8652302055,90.47070453080141,buffer,D20171215,2017-12-15,0.3654132,0
D10133118966,-33.50878199,149.01342388,687013.8941961541,6290492.638970334,1608.4615963924848,far-field,D20171215,2017-12-15,0.9808264,1
D10133119091,-33.50759044,149.00835147,686545.23292487,6290633.911017239,1123.243827382141,far-field,D20171215,2017-12-15,0.47287455,0
D10133119105,-33.50746544,149.00781908,686496.042319828,6290648.730337223,1072.5444534335645,far-field,D20171215,2017-12-15,0.9847652,1
D10133119143,-33.50712044,149.00634993,686360.2984295943,6290689.629879303,933.017912316011,far-field,D20171215,2017-12-15,0.6427616,0
D10133119144,-33.50711187,149.00631341,686356.9240939296,6290690.645868381,929.5585252810007,far-field,D20171215,2017-12-15,0.2531956,0
D10133119145,-33.50710315,149.00627626,686353.4915521776,6290691.679622447,926.0398530245725,far-field,D20171215,2017-12-15,0.48684603,0
D10133119153,-33.50702913,149.00596112,686324.3736976036,6290700.454251086,896.2098979716166,far-field,D20171215,2017-12-15,0.28024673,0
D10133119154,-33.50701969,149.00592092,686320.6593474558,6290701.573316732,892.4076502029448,far-field,D20171215,2017-12-15,0.14744352,0
D10133119155,-33.50701021,149.00588058,686316.9320762525,6290702.697068209,888.5924692267852,far-field,D20171215,2017-12-15,0.7641201,1
D10133119157,-33.50699115,149.00579947,686309.4377987478,6290704.956428628,880.9235538856352,far-field,D20171215,2017-12-15,0.25854638,0
D10133119161,-33.50695213,149.00563342,686294.0953553191,6290709.581816305,865.2324553333407,far-field,D20171215,2017-12-15,0.5338882,0
D10133119165,-33.50691147,149.00546049,686278.1172594853,6290714.401403226,848.9032639110524,far-field,D20171215,2017-12-15,0.36652794,0
D10133119169,-33.50687104,149.0052885,686262.225982579,6290719.19376898,832.6774588797864,far-field,D20171215,2017-12-15,0.81733054,1
D10133119170,-33.5068609,149.00524537,686258.2409214687,6290720.395698245,828.6107503200824,far-field,D20171215,2017-12-15,0.2066736,0
D10133119171,-33.50685073,149.00520213,686254.2457047084,6290721.601150206,824.5344123047158,far-field,D20171215,2017-12-15,0.28321937,0
D10133119172,-33.50684056,149.00515886,686250.2477000325,6290722.806654329,820.4565893207032,far-field,D20171215,2017-12-15,0.67367715,0
D10133119175,-33.50681261,149.00503991,686239.2570932595,6290726.1197649045,809.2521259481226,far-field,D20171215,2017-12-15,0.39677468,0
D10133119179,-33.50677652,149.0048862,686225.0547021602,6290730.3979592845,794.7865295879035,far-field,D20171215,2017-12-15,0.41996136,0
D10133119182,-33.506749,149.00476904,686214.2294502333,6290733.6601417735,783.7692371245317,far-field,D20171215,2017-12-15,0.52526754,0
D10133119193,-33.50664771,149.0043378,686174.384028561,6290745.666848136,743.2920281838075,far-field,D20171215,2017-12-15,0.48104936,0
D10133119194,-33.50663831,149.00429782,686170.6899993022,6290746.78102372,739.5452916250821,far-field,D20171215,2017-12-15,0.6140755,0
D10133119197,-33.5066094,149.00417477,686159.3205067627,6290750.207859108,728.0221156951445,far-field,D20171215,2017-12-15,0.60277945,0
D10133119198,-33.50659976,149.00413376,686155.5313007701,6290751.350492196,724.1839346030134,far-field,D20171215,2017-12-15,0.27757135,0
D10133119201,-33.50657084,149.00401071,686144.1618198877,6290754.778418168,712.6756305592495,far-field,D20171215,2017-12-15,0.09616528,0
D10133119202,-33.50656121,149.0039697,686140.3725892161,6290755.919936178,708.8433102655076,far-field,D20171215,2017-12-15,0.24256837,0
D10133119203,-33.50655157,149.0039287,686136.5843081581,6290757.06254367,705.0126170591094,far-field,D20171215,2017-12-15,0.16007729,0
D10133119208,-33.50650374,149.00372516,686117.7777333563,6290762.731907155,686.0182747541041,far-field,D20171215,2017-12-15,0.106346615,0
D10133119209,-33.50649373,149.00368255,686113.8406696089,6290763.918425624,682.0467274782562,far-field,D20171215,2017-12-15,0.105306186,0
D10133119212,-33.50646345,149.00355377,686101.9417527016,6290767.507399448,670.052304407244,far-field,D20171215,2017-12-15,0.59884065,0
D10133119213,-33.50645329,149.00351056,686097.9492661477,6290768.711622066,666.0313371678128,far-field,D20171215,2017-12-15,0.7531956,0
D10133119215,-33.50643367,149.00342709,686090.2368488366,6290771.037142959,658.2695423807171,far-field,D20171215,2017-12-15,0.26880202,0
D10133119218,-33.50640511,149.00330557,686079.0086933488,6290774.422322721,646.9825697571575,far-field,D20171215,2017-12-15,0.59690845,0
D10133119223,-33.50635751,149.00310298,686060.2898206029,6290780.06436077,628.202342203951,far-field,D20171215,2017-12-15,0.68318963,0
D10133119224,-33.50634799,149.00306246,686056.5458578682,6290781.192767486,624.4518149389347,far-field,D20171215,2017-12-15,0.091409035,0
D10133119225,-33.50633847,149.00302194,686052.8018943394,6290782.321172707,620.7032599600176,far-field,D20171215,2017-12-15,0.67486626,0
D10133119226,-33.50632894,149.0029814,686049.0560934102,6290783.450721264,616.9545497935034,far-field,D20171215,2017-12-15,0.45838287,0
D10133119227,-33.5063194,149.0029408,686045.3047390328,6290784.581484893,613.2025856716367,far-field,D20171215,2017-12-15,0.20920035,0
D10133119228,-33.5063097,149.00289952,686041.4905537385,6290785.731209921,609.38991152423,far-field,D20171215,2017-12-15,0.05209572,0
D10133119230,-33.50628963,149.00281415,686033.6025632084,6290788.109994981,601.5114780966051,far-field,D20171215,2017-12-15,0.18802021,0
D10133119231,-33.50627943,149.00277077,686029.5943536458,6290789.318929222,597.5117514988073,far-field,D20171215,2017-12-15,0.79615045,1
D10133119232,-33.50626941,149.00272816,686025.6572916281,6290790.5065196445,593.5854655901276,far-field,D20171215,2017-12-15,0.10255648,0
D10133119233,-33.50625949,149.00268597,686021.7590330946,6290791.682265652,589.7004535495931,far-field,D20171215,2017-12-15,0.25423604,0
D10133119234,-33.50624979,149.00264471,686017.9467007291,6290792.831945242,585.9036127749395,far-field,D20171215,2017-12-15,0.06279726,0
D10133119235,-33.50624054,149.00260532,686014.3071292372,6290793.92836686,582.2817939014147,far-field,D20171215,2017-12-15,0.47837394,0
D10133119236,-33.50623132,149.00256606,686010.6795699169,6290795.02122708,578.674184882811,far-field,D20171215,2017-12-15,0.69775563,0
D10133119241,-33.50618564,149.00237158,685992.7099431973,6290800.435667639,560.838120965431,far-field,D20171215,2017-12-15,0.17367718,0
D10133119244,-33.50615807,149.00225424,685981.8679335654,6290803.703449542,550.1061159999858,far-field,D20171215,2017-12-15,0.21507135,0
D10133119245,-33.50614888,149.0022151,685978.2514515076,6290804.7927552,546.5320483761798,far-field,D20171215,2017-12-15,0.06829667,0
D10133119246,-33.50613969,149.00217597,685974.6358977224,6290805.882041537,542.9614918544972,far-field,D20171215,2017-12-15,0.22703627,0
D10133119247,-33.50613049,149.00213682,685971.0185065777,6290806.972471295,539.3915759259002,far-field,D20171215,2017-12-15,0.22703627,0
D10133119255,-33.50605364,149.00180984,685940.806125892,6290816.080971118,509.6922170397805,far-field,D20171215,2017-12-15,0.16631986,0
D10133119256,-33.50604344,149.00176644,685936.796037222,6290817.28990156,505.767146264696,far-field,D20171215,2017-12-15,0.2824019,0
D10133119258,-33.50602303,149.00167964,685928.7758785315,6290819.708866264,497.92921599762286,near-field,D20171215,2017-12-15,0.31866825,0
D10133119259,-33.50601282,149.00163623,685924.7648795072,6290820.918918448,494.0158102399076,near-field,D20171215,2017-12-15,0.7171522,0
D10133119260,-33.50600261,149.00159281,685920.7529505558,6290822.128986837,490.10622695124096,near-field,D20171215,2017-12-15,0.046893578,0
D10133119263,-33.5059708,149.00145757,685908.2570341232,6290825.898963787,477.9589715077677,near-field,D20171215,2017-12-15,0.2945898,0
D10133119264,-33.50595997,149.00141155,685904.0048843415,6290827.182440054,473.8360545096733,near-field,D20171215,2017-12-15,0.019099286,0
D10133119265,-33.5059492,149.00136577,685899.7749014988,6290828.458830544,469.7406445315417,near-field,D20171215,2017-12-15,0.12931034,0
D10133119266,-33.50593848,149.00132021,685895.565248973,6290829.729280089,465.67065784062044,near-field,D20171215,2017-12-15,0.40569264,0
D10133119267,-33.50592769,149.00127433,685891.3260167523,6290831.00806389,461.5785141586999,near-field,D20171215,2017-12-15,0.22867122,0
D10133119268,-33.50591816,149.00123382,685887.5829685711,6290832.137494217,457.9703256818358,near-field,D20171215,2017-12-15,0.6310939,0
D10133119270,-33.50590037,149.00115804,685880.5809565098,6290834.246123189,451.23675208775325,near-field,D20171215,2017-12-15,0.7625595,1
D10133119271,-33.50589161,149.00112074,685877.1344724937,6290835.284407582,447.92881508412296,near-field,D20171215,2017-12-15,0.19626932,0
D10133119273,-33.50587367,149.00104434,685870.07517825,6290837.410774039,441.1677526495775,near-field,D20171215,2017-12-15,0.40405768,0
D10133119274,-33.50586466,149.00100598,685866.5307513996,6290838.478677789,437.78033616861467,near-field,D20171215,2017-12-15,0.058115337,0
D10133119275,-33.50585564,149.00096756,685862.9807711362,6290839.547796662,434.39305478605445,near-field,D20171215,2017-12-15,0.23706897,0
D10133119276,-33.50584698,149.00093069,685859.5740174258,6290840.574214583,431.1471055771938,near-field,D20171215,2017-12-15,0.18043995,0
D10133119278,-33.50582976,149.00085736,685852.7983837563,6290842.615222569,424.70642920398274,near-field,D20171215,2017-12-15,0.565324,0
D10133119279,-33.50582104,149.00082018,685849.3629569473,6290843.648845932,421.4494360461121,near-field,D20171215,2017-12-15,0.20243758,0
D10133119282,-33.50579466,149.00070786,685838.9846798354,6290846.775502918,411.6408083680128,near-field,D20171215,2017-12-15,0.7284483,0
D10133119283,-33.50578542,149.0006685,685835.3478371012,6290847.870692411,408.21624318926325,near-field,D20171215,2017-12-15,0.11667658,0
D10133119284,-33.50577611,149.00062888,685831.6869889199,6290848.97410897,404.77512904856826,near-field,D20171215,2017-12-15,0.48595423,0
D10133119285,-33.50576676,149.00058912,685828.0132193031,6290850.082210723,401.32828909126056,near-field,D20171215,2017-12-15,0.2783145,0
D10133119286,-33.50575739,149.00054923,685824.3274144902,6290851.192761829,397.8781485083458,near-field,D20171215,2017-12-15,0.15361176,0
D10133119287,-33.50574799,149.0005092,685820.6286668477,6290852.306889147,394.42354482275346,near-field,D20171215,2017-12-15,0.002303805,0
D10133119288,-33.50573855,149.00046903,685816.9169977409,6290853.4257016145,390.9640065849682,near-field,D20171215,2017-12-15,0.10255648,0
D10133119289,-33.50572907,149.00042872,685813.1924071677,6290854.549199216,387.4998135273311,near-field,D20171215,2017-12-15,0.7523781,0
D10133119290,-33.50571955,149.00038819,685809.447462992,6290855.677525237,384.02583329115873,near-field,D20171215,2017-12-15,0.05804102,0
D10133119291,-33.50571019,149.00034837,685805.7681360312,6290856.786834711,380.62045667990424,near-field,D20171215,2017-12-15,0.35478598,0
D10133119295,-33.50567124,149.00018268,685790.4585495653,6290861.402991235,366.5434356739196,near-field,D20171215,2017-12-15,0.09326694,0
D10133119296,-33.50566154,149.0001414,685786.6443091794,6290862.552612656,363.06125947446685,near-field,D20171215,2017-12-15,0.22198276,0
D10133119297,-33.50565197,149.00010068,685782.8818149574,6290863.686813148,359.63639875336975,near-field,D20171215,2017-12-15,0.41312426,0
D10133119298,-33.5056423,149.00005953,685779.0795860116,6290864.832871799,356.18604654280256,near-field,D20171215,2017-12-15,0.49658147,0
D10133119299,-33.50563252,149.00001792,685775.234856649,6290865.991951243,352.7081173873869,near-field,D20171215,2017-12-15,0.011741973,0
D10133119300,-33.50562263,148.99997585,685771.3476268391,6290867.1640514275,349.2033207832606,near-field,D20171215,2017-12-15,0.52571344,0
D10133119301,-33.50561263,148.99993332,685767.4178965535,6290868.349172298,345.67240577695156,near-field,D20171215,2017-12-15,0.14974733,0
D10133119302,-33.50560252,148.99989032,685763.4447367497,6290869.547331714,342.1155282328908,near-field,D20171215,2017-12-15,0.25007433,0
D10133119304,-33.5055827,148.99980605,685755.6582793574,6290871.896189321,335.1838712229871,near-field,D20171215,2017-12-15,0.18675683,0
D10133119305,-33.50557283,148.99976404,685751.776576586,6290873.065956042,331.7495762052033,near-field,D20171215,2017-12-15,0.60166466,0
D10133119308,-33.50554283,148.99963645,685739.9873700202,6290876.621289128,321.40574405815636,near-field,D20171215,2017-12-15,0.3717301,0
D10133119310,-33.50552391,148.99955593,685732.5473602731,6290878.863606904,314.9519250773302,near-field,D20171215,2017-12-15,0.24212247,0
D10133119311,-33.50551519,148.99951881,685729.1174841811,6290879.897078816,311.99709687252664,near-field,D20171215,2017-12-15,0.37024376,0
D10133119312,-33.50550655,148.99948201,685725.7171650073,6290880.9211048875,309.08125384985937,near-field,D20171215,2017-12-15,0.22525267,0
D10133119313,-33.50549798,148.99944551,685722.344566111,6290881.936829921,306.2023991253768,near-field,D20171215,2017-12-15,0.5755054,0
D10133119315,-33.50548105,148.99937337,685715.6788131401,6290883.943448596,300.5535326700091,near-field,D20171215,2017-12-15,0.6920333,0
D10133119316,-33.50547268,148.99933772,685712.3847514442,6290884.935469154,297.7821940330594,near-field,D20171215,2017-12-15,0.6877229,0
D10133119317,-33.5054643,148.99930199,685709.0832783614,6290885.928740732,295.0195410488918,near-field,D20171215,2017-12-15,0.2532699,0
D10133119318,-33.50545581,148.99926583,685705.7420919507,6290886.934979463,292.23765156737625,near-field,D20171215,2017-12-15,0.068816885,0
D10133119322,-33.50542191,148.99912143,685692.3995082143,6290890.952839126,281.28621214115566,near-field,D20171215,2017-12-15,0.54050237,0
D10133119324,-33.50540474,148.99904828,685685.6404258795,6290892.987859398,275.8388464041349,near-field,D20171215,2017-12-15,0.17285968,0
D10133119327,-33.505375,148.99892179,685673.9528116919,6290896.512307629,266.44860474362895,near-field,D20171215,2017-12-15,0.44426277,0
D10133119329,-33.50535442,148.99883427,685665.8660073245,6290898.951188579,259.95115414461424,near-field,D20171215,2017-12-15,0.94181037,1
D10133119337,-33.50526992,148.99847512,685632.6807884092,6290908.964625929,233.2837267963348,near-field,D20171215,2017-12-15,0.31636444,0
D10133119338,-33.50526001,148.99843294,685628.7833506837,6290910.139081806,230.15308201039562,near-field,D20171215,2017-12-15,0.41750893,0
D10133119341,-33.50523119,148.99831034,685617.4551226645,6290913.554474676,221.0521517185415,near-field,D20171215,2017-12-15,0.5306183,0
D10133119343,-33.5052123,148.99822997,685610.0289324832,6290915.79310003,215.0863329678665,near-field,D20171215,2017-12-15,0.66869795,0
D10133119386,-33.50480811,148.99651004,685451.1064789806,6290963.692085126,59.14490207613993,buffer,D20171215,2017-12-15,0.39090368,0
D10133119395,-33.50470113,148.99605582,685409.1365734506,6290976.367618986,18.08570525117117,buffer,D20171215,2017-12-15,0.82691735,1
D10133119400,-33.50464911,148.99583468,685388.703075818,6290982.531630005,12.71359098964374,buffer,D20171215,2017-12-15,0.8302616,1
D10133119403,-33.50461903,148.99570678,685376.8849973746,6290986.09593251,16.245473068026794,buffer,D20171215,2017-12-15,0.84824616,1
D10133119418,-33.5044619,148.99503889,685315.1713274627,6291004.714264773,34.68414803894027,buffer,D20171215,2017-12-15,0.9528835,1
D10133119436,-33.50427762,148.99425551,685242.7859527158,6291026.549239168,56.31370678130903,buffer,D20171215,2017-12-15,0.32877526,0
D10133119459,-33.50403178,148.99321084,685146.2567671447,6291055.6767473165,93.44778988823809,buffer,D20171215,2017-12-15,0.33732164,0
D10133119460,-33.5040221,148.99316966,685142.4516351679,6291056.823710483,96.10007079044516,buffer,D20171215,2017-12-15,0.5095125,0
D10133119461,-33.50401255,148.99312904,685138.6982512316,6291057.95525628,98.80309328737283,buffer,D20171215,2017-12-15,0.3353894,0
D10133119463,-33.50399347,148.99304788,685131.1988706181,6291060.215982694,104.4353422286326,near-field,D20171215,2017-12-15,0.8320452,1
D10133119476,-33.50386653,148.99250803,685081.3153970933,6291075.256335468,147.11650064151326,near-field,D20171215,2017-12-15,0.37797266,0
D10133219077,-33.50784885,149.00889059,686594.7621259687,6290604.28469947,1180.7454744173597,far-field,D20171215,2017-12-15,0.66996133,0
D10133219095,-33.50767825,149.00816434,686527.6601076401,6290624.509762622,1111.645295548488,far-field,D20171215,2017-12-15,0.6811831,0
D10133219096,-33.50766936,149.00812649,686524.1629395958,6290625.56369047,1108.0474417239398,far-field,D20171215,2017-12-15,0.3452735,0
D10133219097,-33.50766056,149.00808899,686520.6980925476,6290626.607007016,1104.4835852832884,far-field,D20171215,2017-12-15,0.32751188,0
D10133219106,-33.50757994,149.00774563,686488.9730936938,6290636.164806083,1071.8668186292907,far-field,D20171215,2017-12-15,0.036637932,0
D10133219112,-33.50752513,149.00751225,686467.4097729268,6290642.662573378,1049.7152107445686,far-field,D20171215,2017-12-15,0.6538347,0
D10133219115,-33.50749759,149.00739496,686456.5726524615,6290645.927487916,1038.5887469823276,far-field,D20171215,2017-12-15,0.8060345,1
D10133219122,-33.50743162,149.00711413,686430.6251371964,6290653.748061849,1011.9641911541013,far-field,D20171215,2017-12-15,0.25832343,0
D10133219125,-33.5074033,149.00699359,686419.4877428493,6290657.105273567,1000.5438420190693,far-field,D20171215,2017-12-15,0.26293105,0
D10133219127,-33.50738443,149.00691327,686412.0665039237,6290659.342226524,992.9368287302291,far-field,D20171215,2017-12-15,0.89179546,1
D10133219128,-33.507375,149.00687314,686408.3586595634,6290660.460092407,989.1368986849146,far-field,D20171215,2017-12-15,0.24561533,0
D10133219129,-33.50736566,149.00683335,686404.6822073348,6290661.567365201,985.3702291271867,far-field,D20171215,2017-12-15,0.18029132,0
D10133219132,-33.50733884,149.00671914,686394.1296358228,6290664.746827658,974.5612813668995,far-field,D20171215,2017-12-15,0.8006094,1
D10133219144,-33.50723229,149.00626529,686352.1954923903,6290677.378233168,931.6590350071991,far-field,D20171215,2017-12-15,0.7847057,1
D10133219146,-33.50721582,149.00619508,686345.7082982969,6290679.330820538,925.0302649048476,far-field,D20171215,2017-12-15,0.82186383,1
D10133219156,-33.50712964,149.00582793,686311.7848113136,6290689.547339184,890.3993556698124,far-field,D20171215,2017-12-15,0.85062426,1
D10133219170,-33.50699584,149.00525847,686259.1686815841,6290705.4078865,836.8108761250436,far-field,D20171215,2017-12-15,0.6612663,0
D10133219172,-33.50697598,149.00517398,686251.3621028811,6290707.761986954,828.8748237827562,far-field,D20171215,2017-12-15,0.42531213,0
D10133219173,-33.5069661,149.00513195,686247.4786786356,6290708.933103919,824.9285453245593,far-field,D20171215,2017-12-15,0.24420333,0
D10133219175,-33.50694671,149.00504944,686239.8550301248,6290711.231518643,817.1849563030713,far-field,D20171215,2017-12-15,0.7202735,0
D10133219179,-33.50690875,149.00488786,686224.9255432261,6290715.7312191315,802.0336792347229,far-field,D20171215,2017-12-15,0.68958086,0
D10133219188,-33.50682685,149.00453914,686192.7048091256,6290725.439585688,769.3958951630865,far-field,D20171215,2017-12-15,0.6701843,0
D10133219191,-33.50679974,149.00442372,686182.0403226728,6290728.653141284,758.6127501545712,far-field,D20171215,2017-12-15,0.08152497,0
D10133219192,-33.50679058,149.0043847,686178.4349710629,6290729.738982115,754.969911598797,far-field,D20171215,2017-12-15,0.54414386,0
D10133219195,-33.50676246,149.00426503,686167.3778125714,6290733.072153859,743.8037991146767,far-field,D20171215,2017-12-15,0.585761,0
D10133219207,-33.50664677,149.00377273,686121.8906780261,6290746.785124232,697.9989055723917,far-field,D20171215,2017-12-15,0.6716706,0
D10133219208,-33.50663688,149.00373065,686118.002601669,6290747.957386274,694.094229361279,far-field,D20171215,2017-12-15,0.5260107,0
D10133219209,-33.50662687,149.00368806,686114.0674021349,6290749.143869244,690.144058284043,far-field,D20171215,2017-12-15,0.1418698,0
D10133219213,-33.50658645,149.00351615,686098.1834129299,6290753.934705796,674.2181317922465,far-field,D20171215,2017-12-15,0.531956,0
D10133219222,-33.5064992,149.00314489,686063.8799192379,6290764.276360059,639.9420121138745,far-field,D20171215,2017-12-15,0.1533145,0
D10133219226,-33.5064611,149.00298278,686048.9013457751,6290768.792256507,625.02987691447,far-field,D20171215,2017-12-15,0.44872177,0
D10133219227,-33.50645156,149.00294217,686045.1490682195,6290769.923038287,621.300165945114,far-field,D20171215,2017-12-15,0.3089328,0
D10133219228,-33.50644188,149.002901,686041.3450651232,6290771.07034833,617.520896384392,far-field,D20171215,2017-12-15,0.079072535,0
D10133219231,-33.50641177,149.00277292,686029.5107845736,6290774.639123432,605.7797338761333,far-field,D20171215,2017-12-15,0.7563912,1
D10133219232,-33.50640174,149.00273024,686025.5672470322,6290775.827948599,601.8729668236276,far-field,D20171215,2017-12-15,0.11370392,0
D10133219233,-33.50639171,149.00268758,686021.6255666283,6290777.016736242,597.970581028693,far-field,D20171215,2017-12-15,0.23387337,0
D10133219235,-33.50637208,149.00260409,686013.9112913837,6290779.34333978,590.3416337735717,far-field,D20171215,2017-12-15,0.18370987,0
D10133219243,-33.50629592,149.00227998,685983.9641803816,6290788.370316153,560.8423444374369,far-field,D20171215,2017-12-15,0.3480975,0
D10133219245,-33.50627688,149.00219893,685976.475304416,6290790.62708565,553.4963500571583,far-field,D20171215,2017-12-15,0.115264565,0
D10133219247,-33.506258,149.00211862,685969.0548296174,6290792.8647791855,546.2295453744267,far-field,D20171215,2017-12-15,0.31911415,0
D10133219248,-33.50624861,149.00207862,685965.3588837052,6290793.977801088,542.6160537202691,far-field,D20171215,2017-12-15,0.4658145,0
D10133219254,-33.50619072,149.0018323,685942.599373774,6290800.839119138,520.437713441127,far-field,D20171215,2017-12-15,0.2696195,0
D10133219255,-33.50618071,149.00178974,685938.6669221424,6290802.025474759,516.6195111231938,far-field,D20171215,2017-12-15,0.097205706,0
D10133219256,-33.50617051,149.00174635,685934.6577682565,6290803.234386659,512.7318033735826,far-field,D20171215,2017-12-15,0.015978003,0
D10133219259,-33.5061399,149.00161619,685922.6312515344,6290806.862203112,501.0977123547418,far-field,D20171215,2017-12-15,0.49286562,0
D10133219260,-33.5061297,149.0015728,685918.6220940007,6290808.071108158,497.22970050768913,near-field,D20171215,2017-12-15,0.39127526,0
D10133219261,-33.50611949,149.0015294,685914.612027941,6290809.28113837,493.36548728251154,near-field,D20171215,2017-12-15,0.14097801,0
D10133219263,-33.50609886,149.00144166,685906.5050152402,6290811.726166407,485.5705770376825,near-field,D20171215,2017-12-15,0.47198275,0
D10133219264,-33.50608842,149.00139728,685902.4043952954,6290812.963453753,481.63610941672187,near-field,D20171215,2017-12-15,0.3394025,0
D10133219265,-33.50607789,149.00135254,685898.270522499,6290814.211365078,477.6754267018838,near-field,D20171215,2017-12-15,0.63964033,0
D10133219266,-33.50606729,149.00130748,685894.1070700941,6290815.467610741,473.6931050337308,near-field,D20171215,2017-12-15,0.19991082,0
D10133219267,-33.50605655,149.00126182,685889.8881754501,6290816.740455165,469.6644702019089,near-field,D20171215,2017-12-15,0.43816885,0
D10133219272,-33.50601172,149.00107095,685872.252009247,6290822.053935779,452.90480289781095,near-field,D20171215,2017-12-15,0.41267836,0
D10133219273,-33.50600278,149.00103285,685868.7315929752,6290823.113612041,449.5755415281161,near-field,D20171215,2017-12-15,0.3490636,0
D10133219274,-33.50599367,149.00099408,685865.1492957482,6290824.193339741,446.19239880696324,near-field,D20171215,2017-12-15,0.43489894,0
D10133219277,-33.50596806,149.00088499,685855.069468508,6290827.228838146,436.7061023690518,near-field,D20171215,2017-12-15,0.30008918,0
D10133219279,-33.50595099,149.00081225,685848.3483346693,6290829.252151968,430.4081182521303,near-field,D20171215,2017-12-15,0.832937,1
D10133219280,-33.50594259,149.00077645,685845.0404318362,6290830.247814953,427.31682265476525,near-field,D20171215,2017-12-15,0.71782106,0
D10133219281,-33.50593399,149.00073984,685841.6577060169,6290831.267107066,424.1606367104583,near-field,D20171215,2017-12-15,0.6434304,0
D10133219282,-33.50592534,149.00070297,685838.2509321256,6290832.292408535,420.9889198383184,near-field,D20171215,2017-12-15,0.027719976,0
D10133219284,-33.50590718,149.00062565,685831.1066345711,6290834.444791434,414.3563534866051,near-field,D20171215,2017-12-15,0.49063614,0
D10133219285,-33.50589805,149.00058681,685827.517869385,6290835.526848082,411.0347667608037,near-field,D20171215,2017-12-15,0.33501783,0
D10133219286,-33.5058889,149.00054785,685823.9179980695,6290836.611336237,407.7109811083009,near-field,D20171215,2017-12-15,0.20882878,0
D10133219290,-33.50585173,149.00038965,685809.3004768975,6290841.016712887,394.29374251331706,near-field,D20171215,2017-12-15,0.7717004,1
D10133219291,-33.50584222,149.00034916,685805.5592324242,6290842.143857026,390.8817909979569,near-field,D20171215,2017-12-15,0.70518726,0
D10133219292,-33.5058327,149.00030868,685801.8189375479,6290843.272090716,387.4790643869816,near-field,D20171215,2017-12-15,0.18356124,0
D10133219293,-33.50582319,149.0002682,685798.0786205023,6290844.399213959,384.0867220920632,near-field,D20171215,2017-12-15,0.2376635,0
D10133219295,-33.50580418,149.00018732,685790.6053947662,6290846.652203733,377.3378253750218,near-field,D20171215,2017-12-15,0.6160821,0
D10133219297,-33.50578631,149.00011122,685783.573797744,6290848.770205613,371.0269686674843,near-field,D20171215,2017-12-15,0.21633472,0
D10133219299,-33.50576899,149.00003743,685776.7556245794,6290850.8230725955,364.94519743958745,near-field,D20171215,2017-12-15,0.8850327,1
D10133219301,-33.50575112,148.99996136,685769.7268090865,6290852.94101037,358.7143124109281,near-field,D20171215,2017-12-15,0.38845125,0
D10133219303,-33.50573285,148.99988356,685762.5381262071,6290855.106399185,352.3864843768957,near-field,D20171215,2017-12-15,0.6783591,0
D10133219307,-33.50569441,148.99972002,685747.427174416,6290859.662079659,339.2389577684906,near-field,D20171215,2017-12-15,0.26701844,0
D10133219308,-33.5056847,148.99967872,685743.6110940299,6290860.812828634,335.9543970268934,near-field,D20171215,2017-12-15,0.92739296,1
D10133219309,-33.50567496,148.99963728,685739.7820707216,6290861.967153605,332.67435709735395,near-field,D20171215,2017-12-15,0.2828478,0
D10133219313,-33.50563701,148.9994758,685724.8614295525,6290866.464770321,320.0494261622335,near-field,D20171215,2017-12-15,0.24056183,0
D10133219315,-33.50561878,148.99939821,685717.6921522592,6290868.625312967,314.07819415086436,near-field,D20171215,2017-12-15,0.87425685,1
D10133219322,-33.50555914,148.99914414,685694.2160741647,6290875.693970947,294.9930609598624,near-field,D20171215,2017-12-15,0.46061236,0
D10133219329,-33.50549223,148.99885946,685667.9117746607,6290883.623569189,273.8614029545343,near-field,D20171215,2017-12-15,0.4356421,0
D10133219333,-33.50545083,148.99868342,685651.6457928626,6290888.529719532,260.79184156244673,near-field,D20171215,2017-12-15,0.67397445,0
D10133219337,-33.50540732,148.99849852,685634.5611929647,6290893.685686659,247.06210602145856,near-field,D20171215,2017-12-15,0.6135553,0
D10133219385,-33.5049434,148.996525,685452.207593978,6290948.662273761,68.3099461625286,buffer,D20171215,2017-12-15,0.54488707,0
D10133219386,-33.5049322,148.99647743,685447.812131824,6290949.989345948,64.06529029425404,buffer,D20171215,2017-12-15,0.26582938,0
D10133219388,-33.50490965,148.99638163,685438.9602087585,6290952.661298299,55.68473799057424,buffer,D20171215,2017-12-15,0.6065696,0
D10133219403,-33.50474059,148.99566348,685372.6030211882,6290972.692841111,29.79154705780004,buffer,D20171215,2017-12-15,0.9165428,1
D10133219476,-33.50399035,148.99247425,685077.9134362688,6291061.585522624,153.7847981454797,near-field,D20171215,2017-12-15,0.2914685,0
D10133319102,-33.5077416,149.00787294,686500.4531902457,6290618.008472826,1090.4034787343594,far-field,D20171215,2017-12-15,0.92694706,1
D10133319103,-33.50773227,149.00783323,686496.7841734316,6290619.114529187,1086.6401411695288,far-field,D20171215,2017-12-15,0.45749107,0
D10133319105,-33.50771353,149.00775342,686489.4100783784,6290621.336210448,1079.07854797867,far-field,D20171215,2017-12-15,0.1386742,0
D10133319108,-33.50768538,149.00763359,686478.3383324108,6290624.673364053,1067.728369343282,far-field,D20171215,2017-12-15,0.26300535,0
D10133319115,-33.50762196,149.00736351,686453.3840895114,6290632.191892153,1042.1651963629192,far-field,D20171215,2017-12-15,0.3991528,0
D10133319116,-33.50761251,149.00732332,686449.670728555,6290633.312100407,1038.3626823123811,far-field,D20171215,2017-12-15,0.24947979,0
D10133319121,-33.50756531,149.00712236,686431.1028757637,6290638.907592813,1019.3604343371485,far-field,D20171215,2017-12-15,0.47978598,0
D10133319125,-33.50752755,149.00696164,686416.2530386539,6290643.38387401,1004.1733411325922,far-field,D20171215,2017-12-15,0.07372176,0
D10133319126,-33.50751812,149.00692148,686412.5424139684,6290644.501795737,1000.3802758039408,far-field,D20171215,2017-12-15,0.015755054,0
D10133319127,-33.50750868,149.00688133,686408.8327389549,6290645.620806983,996.5881544489421,far-field,D20171215,2017-12-15,0.12381094,0
D10133319128,-33.50749925,149.00684119,686405.1239707044,6290646.7386898305,992.798008727177,far-field,D20171215,2017-12-15,0.24204816,0
D10133319129,-33.50748983,149.00680108,686401.4179672183,6290647.855408346,989.0114934695995,far-field,D20171215,2017-12-15,0.55737215,0
D10133319132,-33.50746305,149.00668704,686390.8811174018,6290651.030126593,978.2494832058871,far-field,D20171215,2017-12-15,0.24479786,0
D10133319143,-33.50736152,149.00625473,686350.937330655,6290663.066126389,937.5027934802266,far-field,D20171215,2017-12-15,0.33100477,0
D10133319144,-33.50735383,149.00622192,686347.9057753305,6290663.977859228,934.4146592015974,far-field,D20171215,2017-12-15,0.8605083,1
D10133319145,-33.50734608,149.00618887,686344.8520521665,6290664.896675991,931.3042644556774,far-field,D20171215,2017-12-15,0.98387337,1
D10133319146,-33.50733827,149.00615558,686341.776161158,6290665.822576658,928.1716252940646,far-field,D20171215,2017-12-15,0.7237663,0
D10133319147,-33.50733041,149.00612205,686338.6780808424,6290666.754452247,925.0172872394749,far-field,D20171215,2017-12-15,0.72666466,0
D10133319178,-33.50705094,149.00493192,686228.7140076321,6290699.883834889,813.4401459391308,far-field,D20171215,2017-12-15,0.35552913,0
D10133319191,-33.50693002,149.00441716,686181.1517660915,6290714.21740409,765.4775528760381,far-field,D20171215,2017-12-15,0.55714923,0
D10133319208,-33.50677089,149.00373983,686118.5684068893,6290733.0797649035,702.7289328817196,far-field,D20171215,2017-12-15,0.46588883,0
D10133319209,-33.50676114,149.00369833,686114.7339183235,6290734.235459793,698.8999084468585,far-field,D20171215,2017-12-15,0.69366825,0
D10133319214,-33.50671184,149.0034886,686095.3554726118,6290740.078904111,679.5784579057529,far-field,D20171215,2017-12-15,0.7277051,0
D10133319222,-33.50663355,149.00315552,686064.5797886745,6290749.358440453,649.0087991149965,far-field,D20171215,2017-12-15,0.83041024,1
D10133319231,-33.506544,149.00277456,686029.3800700137,6290759.972430509,614.2415418473108,far-field,D20171215,2017-12-15,0.7181183,0
D10133319232,-33.50653392,149.00273171,686025.4208525163,6290761.167105568,610.3451255464488,far-field,D20171215,2017-12-15,0.013897146,0
D10133319234,-33.50651376,149.00264596,686017.4977698138,6290763.556540336,602.5580781219364,far-field,D20171215,2017-12-15,0.20659928,0
D10133319235,-33.50650424,149.00260544,686013.7538096985,6290764.684930524,598.8833834177237,far-field,D20171215,2017-12-15,0.2915428,0
D10133319237,-33.5064852,149.0025244,686006.2658870806,6290766.941706417,591.5430582266954,far-field,D20171215,2017-12-15,0.22384067,0
D10133319246,-33.50639946,149.00215954,685972.5536022425,6290777.104100434,558.6555840198939,far-field,D20171215,2017-12-15,0.30640605,0
D10133319249,-33.5063697,149.00203297,685960.8588253891,6290780.631269118,547.3133153276159,far-field,D20171215,2017-12-15,0.25416172,0
D10133319250,-33.50635934,149.00198891,685956.7877815905,6290781.859135207,543.3738420901136,far-field,D20171215,2017-12-15,0.5425832,0
D10133319251,-33.50634906,149.0019452,685952.7490809816,6290783.077500447,539.4701982427515,far-field,D20171215,2017-12-15,0.09906361,0
D10133319254,-33.50631869,149.00181602,685940.8131247716,6290786.676969325,527.9625155943496,far-field,D20171215,2017-12-15,0.07238407,0
D10133319255,-33.50630845,149.00177248,685936.7901280769,6290787.890587136,524.0934845157037,far-field,D20171215,2017-12-15,0.12039239,0
D10133319272,-33.50614237,149.00106594,685871.5071262778,6290807.574383199,462.1296341631561,near-field,D20171215,2017-12-15,0.37693223,0
D10133319273,-33.50613343,149.00102785,685867.9876443692,6290808.634041522,458.84027489778583,near-field,D20171215,2017-12-15,0.15257135,0
D10133319274,-33.50612434,149.00098916,685864.4127419015,6290809.711407946,455.5044596770038,near-field,D20171215,2017-12-15,0.24048752,0
D10133319281,-33.5060654,149.00073805,685841.2103860734,6290816.697504787,434.01595245186587,near-field,D20171215,2017-12-15,0.12663496,0
D10133319282,-33.50605683,149.00070152,685837.835032745,6290817.713325575,430.91450750722254,near-field,D20171215,2017-12-15,0.12975624,0
D10133319285,-33.50602986,149.00058671,685827.2267188805,6290820.909860405,421.20759484515037,near-field,D20171215,2017-12-15,0.553805,0
D10133319287,-33.50601175,149.00050958,685820.099972344,6290823.056350294,414.725750640233,near-field,D20171215,2017-12-15,0.7287455,0
D10133319292,-33.5059649,149.00031019,685801.6765639792,6290828.608971035,398.12254082382424,near-field,D20171215,2017-12-15,0.8079667,1
D10133319293,-33.50595539,149.00026973,685797.9381107714,6290829.736058675,394.782416537106,near-field,D20171215,2017-12-15,0.2094233,0
D10133319295,-33.50593641,149.00018895,685790.4741226423,6290831.985542908,388.1458298970946,near-field,D20171215,2017-12-15,0.6263377,0
D10133319296,-33.5059269,149.00014851,685786.7375250859,6290833.112590262,384.8390769342555,near-field,D20171215,2017-12-15,0.8830262,1
D10133319307,-33.50583405,148.99975288,685750.1814420467,6290844.117762652,353.14746020804654,near-field,D20171215,2017-12-15,0.38518134,0
D10133319338,-33.50552994,148.99845931,685630.6565857509,6290880.157825647,256.18711245442483,near-field,D20171215,2017-12-15,0.8890458,1
D10133319342,-33.50548897,148.9982851,685614.5596867551,6290885.012952995,240.393669556597,near-field,D20171215,2017-12-15,0.565547,0
D10133319343,-33.50547892,148.99824237,685610.6114602583,6290886.203911414,236.34950273984782,near-field,D20171215,2017-12-15,0.17174494,0
D10133319387,-33.50503922,148.99637249,685437.8346027477,6290938.308893094,65.74477036449369,buffer,D20171215,2017-12-15,0.95778835,1
D10133319426,-33.50462492,148.99461173,685275.1394354001,6290987.3990624305,71.18034602173155,buffer,D20171215,2017-12-15,0.38473544,0
D10133319427,-33.50461444,148.99456721,685271.0257539204,6290988.640759994,72.40888406837468,buffer,D20171215,2017-12-15,0.3559007,0
D10133319428,-33.50460371,148.99452162,685266.8131986331,6290989.912090585,73.66712711786906,buffer,D20171215,2017-12-15,0.77355826,1
D10133319474,-33.50413418,148.99252555,685082.373064338,6291045.543899966,154.99493490686575,near-field,D20171215,2017-12-15,0.31918848,0
D10133319476,-33.50411368,148.99243844,685074.3239337674,6291047.97266914,161.56453388296904,near-field,D20171215,2017-12-15,0.37507433,0
D10133419067,-33.50819264,149.00923229,686625.7674967404,6290565.545029455,1225.81310610456,far-field,D20171215,2017-12-15,0.5077289,0
D10133419074,-33.50812742,149.0089546,686600.110403986,6290573.2772544725,1199.4587311864186,far-field,D20171215,2017-12-15,0.63577586,0
D10133419091,-33.50797229,149.00829397,686539.0714595066,6290591.668798376,1136.8457967096947,far-field,D20171215,2017-12-15,0.1418698,0
D10133419111,-33.507785,149.00749665,686465.4028877427,6290613.872087257,1061.4547303832035,far-field,D20171215,2017-12-15,0.43816885,0
D10133419112,-33.50777605,149.00745852,686461.8798351769,6290614.933149496,1057.8552663159492,far-field,D20171215,2017-12-15,0.4485731,0
D10133419113,-33.50776706,149.00742025,686458.3438618078,6290615.998897908,1054.2427732395495,far-field,D20171215,2017-12-15,0.40294293,0
D10133419120,-33.50770014,149.00713542,686432.026870076,6290623.932020972,1027.3737262974626,far-field,D20171215,2017-12-15,0.9776308,1
D10133419121,-33.50769047,149.00709427,686428.2247988143,6290625.07834354,1023.4945091732827,far-field,D20171215,2017-12-15,0.71559155,0
D10133419125,-33.50765182,149.00692979,686413.0275891635,6290629.660075877,1007.9961961560775,far-field,D20171215,2017-12-15,0.5940101,0
D10133419127,-33.50763295,149.00684945,686405.6045127034,6290631.897060754,1000.4307880895078,far-field,D20171215,2017-12-15,0.39246434,0
D10133419128,-33.50762344,149.00680896,686401.8634062952,6290633.024443231,996.6190507078958,far-field,D20171215,2017-12-15,0.5262337,0
D10133419129,-33.50761446,149.00677072,686398.3301864422,6290634.089006154,993.0198919282915,far-field,D20171215,2017-12-15,0.4725773,0
D10133419134,-33.50756955,149.00657948,686380.6603820324,6290639.412981639,975.0305051806996,far-field,D20171215,2017-12-15,0.48513675,0
D10133419135,-33.50756059,149.00654128,686377.1308310264,6290640.475246787,971.4398055368733,far-field,D20171215,2017-12-15,0.34445602,0
D10133419136,-33.50755171,149.0065035,686373.6401256212,6290641.527884299,967.8883008484249,far-field,D20171215,2017-12-15,0.7589179,1
D10133419158,-33.50736636,149.00571354,686300.6504474893,6290663.501517214,893.820489976571,far-field,D20171215,2017-12-15,0.90546966,1
D10133419161,-33.5073402,149.0056021,686290.3537646639,6290666.602698181,883.400561553089,far-field,D20171215,2017-12-15,0.57818073,0
D10133419167,-33.50728568,149.00536997,686268.9057720321,6290673.065607637,861.7205243919283,far-field,D20171215,2017-12-15,0.37983057,0
D10133419168,-33.5072761,149.00532919,686265.1378457164,6290674.201219061,857.9155386507335,far-field,D20171215,2017-12-15,0.5295779,0
D10133419178,-33.50718187,149.00492809,686228.0776042414,6290685.371114902,820.5561322266065,far-field,D20171215,2017-12-15,0.19054697,0
D10133419215,-33.50683663,149.00345851,686092.2928566439,6290726.294195932,684.9563600483363,far-field,D20171215,2017-12-15,0.8903835,1
D10133419222,-33.50676881,149.00316994,686065.6297984008,6290734.332806934,658.6356303979252,far-field,D20171215,2017-12-15,0.11756837,0
D10133419251,-33.50647927,149.00193834,685951.8331500917,6290768.6500586085,547.9946107220396,far-field,D20171215,2017-12-15,0.34066588,0
D10133419260,-33.50638704,149.00154617,685915.5975764749,6290779.580920303,513.533019922912,far-field,D20171215,2017-12-15,0.4105975,0
D10133419267,-33.50631841,149.0012542,685888.620120669,6290787.714947527,488.20493138865976,near-field,D20171215,2017-12-15,0.34021997,0
D10133419276,-33.50623861,149.00091434,685857.2174847936,6290797.173408287,459.1475311572214,near-field,D20171215,2017-12-15,0.83055884,1
D10133419285,-33.50616266,149.00059075,685827.3180608811,6290806.175669247,431.98140268776626,near-field,D20171215,2017-12-15,0.7824019,1
D10133419296,-33.50605994,149.00015359,685786.9250346762,6290818.349924838,396.2223721509965,near-field,D20171215,2017-12-15,0.79592746,1
D10133419297,-33.50605214,149.00012032,685783.850887948,6290819.274498031,393.55455776571966,near-field,D20171215,2017-12-15,0.3434899,0
D10133419309,-33.50595384,148.99970135,685745.1381892255,6290830.925836468,360.70936198533803,near-field,D20171215,2017-12-15,0.34884065,0
D10133419333,-33.50571759,148.99869645,685652.2864134724,6290858.9238686785,285.8324563410501,near-field,D20171215,2017-12-15,0.39997026,0
D10133419340,-33.50563995,148.99836656,685621.8049723819,6290868.124163508,254.75945042147745,near-field,D20171215,2017-12-15,0.93437874,1
D10133419396,-33.50505863,148.99589529,685393.4602731115,6290937.009348784,54.39919942399487,buffer,D20171215,2017-12-15,0.5413942,0
D10133419426,-33.50475062,148.99458587,685272.4689958717,6290973.505676956,84.24836054554267,buffer,D20171215,2017-12-15,0.38807967,0
D10133419427,-33.50473997,148.99454065,685268.2906508757,6290974.767476058,85.49572337864437,buffer,D20171215,2017-12-15,0.28388822,0
D10133419474,-33.5042575,148.99248969,685078.7789356826,6291031.932245978,163.9593606180733,near-field,D20171215,2017-12-15,0.67219085,0
D10133419475,-33.50424672,148.99244388,685074.5460088402,6291033.209427835,167.19564461546543,near-field,D20171215,2017-12-15,0.37492567,0
D10133519066,-33.50832507,149.00923519,686625.7524748573,6290550.853854267,1232.5581027089734,far-field,D20171215,2017-12-15,0.6946344,0
D10133519068,-33.50830641,149.00915577,686618.4145154805,6290553.0660646465,1225.0334641182208,far-field,D20171215,2017-12-15,0.8321195,1
D10133519074,-33.50825145,149.00892171,686596.7886045898,6290559.581991911,1202.8693879816458,far-field,D20171215,2017-12-15,0.5881391,0
D10133519111,-33.50791193,149.00747597,686463.2093515588,6290599.83323966,1066.3569688829148,far-field,D20171215,2017-12-15,0.39075506,0
D10133519112,-33.50790333,149.00743935,686459.8258310683,6290600.852773383,1062.909275979754,far-field,D20171215,2017-12-15,0.45407254,0
D10133519114,-33.50788549,149.00736337,686452.8056170971,6290602.967735802,1055.7579248570817,far-field,D20171215,2017-12-15,0.3289239,0
D10133519115,-33.50787582,149.00732221,686449.0026272547,6290604.114085047,1051.8846212726717,far-field,D20171215,2017-12-15,0.39662606,0
D10133519125,-33.50777912,149.00691067,686410.9782577286,6290615.577384883,1013.1985019949583,far-field,D20171215,2017-12-15,0.83085614,1
D10133519129,-33.50774179,149.00675174,686396.2938178389,6290620.0027345745,998.2809365162195,far-field,D20171215,2017-12-15,0.35790727,0
D10133519134,-33.50769632,149.00655811,686378.4032101362,6290625.39310359,980.124400416196,far-field,D20171215,2017-12-15,0.3695749,0
D10133519135,-33.50768705,149.00651867,686374.7591336104,6290626.491973871,976.4281315320036,far-field,D20171215,2017-12-15,0.43073723,0
D10133519136,-33.5076781,149.00648055,686371.2369974595,6290627.552984362,972.8569100441673,far-field,D20171215,2017-12-15,0.53269917,0
D10133519159,-33.50748414,149.00565394,686294.8611057258,6290650.547241002,895.6371869274338,far-field,D20171215,2017-12-15,0.5547711,0
D10133519167,-33.50741305,149.00535115,686266.8843688553,6290658.974594317,867.4640956897862,far-field,D20171215,2017-12-15,0.6232907,0
D10133519184,-33.50725441,149.00467586,686204.4899751652,6290677.779535258,804.8947505120492,far-field,D20171215,2017-12-15,0.5729786,0
D10133519192,-33.50717953,149.00435709,686175.036671986,6290686.655595586,775.5079740488334,far-field,D20171215,2017-12-15,0.6897295,0
D10133519193,-33.50717025,149.00431759,686171.38700089,6290687.755603515,771.8739273238087,far-field,D20171215,2017-12-15,0.6182372,0
D10133519213,-33.50698428,149.00352596,686098.2427854533,6290709.799419716,699.4430865656709,far-field,D20171215,2017-12-15,0.31458086,0
D10133519216,-33.50695639,149.00340724,686087.2733912745,6290713.105289079,688.6545471673429,far-field,D20171215,2017-12-15,0.47272593,0
D10133519226,-33.50686098,149.00300119,686049.7555036928,6290724.414220341,651.9263160920856,far-field,D20171215,2017-12-15,0.8821344,1
D10133519268,-33.50644182,149.0012183,685885.0209930695,6290774.093634507,495.12079186123424,near-field,D20171215,2017-12-15,0.3582045,0
D10133519291,-33.50624201,149.00036722,685806.382219722,6290797.776504082,424.48100424223605,near-field,D20171215,2017-12-15,0.9329667,1
D10133519309,-33.50608696,148.99970675,685745.3553194563,6290816.153729947,372.9203196782955,near-field,D20171215,2017-12-15,0.9109691,1
D10133519313,-33.50604871,148.99954401,685730.318338644,6290820.686883508,360.78885221158066,near-field,D20171215,2017-12-15,0.25066885,0
D10133519333,-33.50584739,148.99868787,685651.2120213795,6290844.544964791,291.96821828202104,near-field,D20171215,2017-12-15,0.4146106,0
D10133519373,-33.50542545,148.99689435,685485.4921764547,6290894.544678278,129.85525232118235,near-field,D20171215,2017-12-15,0.23944709,0
D10133519374,-33.50541476,148.99684893,685481.2953935314,6290895.811365979,126.12907552536177,near-field,D20171215,2017-12-15,0.5561831,0
D10133519375,-33.50540413,148.99680375,685477.1207779815,6290897.070968946,122.4660939269515,near-field,D20171215,2017-12-15,0.29302913,0
D10133519376,-33.50539346,148.99675838,685472.9285954672,6290898.335345594,118.83551228222369,near-field,D20171215,2017-12-15,0.78180736,1
D10133519392,-33.50522334,148.9960354,685406.1253914274,6290918.493325189,73.03641485004766,buffer,D20171215,2017-12-15,0.98424494,1
D10133519396,-33.50517857,148.9958452,685388.5509406994,6290923.798049243,68.11903100128227,buffer,D20171215,2017-12-15,0.4771849,0
D10133519397,-33.50516707,148.99579635,685384.0372085901,6290925.1606487185,67.60689134412702,buffer,D20171215,2017-12-15,0.81807375,1
D10133519427,-33.50486512,148.99451246,685265.4049333807,6290960.939242788,98.62788687120421,buffer,D20171215,2017-12-15,0.46009216,0
D10133519438,-33.50475174,148.99403048,685220.869515988,6290974.37325527,111.93560951588593,near-field,D20171215,2017-12-15,0.22131391,0
D10133519439,-33.50474117,148.99398558,685216.7207235585,6290975.625588711,113.17460179645416,near-field,D20171215,2017-12-15,0.60426575,0
D10133519440,-33.50473049,148.99394021,685212.5285004268,6290976.890957972,114.42662592207468,near-field,D20171215,2017-12-15,0.74427766,0
D10133519445,-33.50467566,148.99370727,685191.0046407126,6290983.387228649,120.85517355783283,near-field,D20171215,2017-12-15,0.17129906,0
D10133519446,-33.50466474,148.99366086,685186.7163042463,6290984.681057908,122.1363619237704,near-field,D20171215,2017-12-15,0.3709869,0
D10133619003,-33.50906913,149.0118409,686866.2201332154,6290463.649235841,1486.4087452120848,far-field,D20171215,2017-12-15,0.8470571,1
D10133619113,-33.50802222,149.00738438,686454.4640417817,6290587.767166687,1064.7696720692445,far-field,D20171215,2017-12-15,0.707937,0
D10133619115,-33.50800314,149.0073032,686446.9634211503,6290590.028983472,1057.1514770921121,far-field,D20171215,2017-12-15,0.6925535,0
D10133619121,-33.50794515,149.00705638,686424.1584394305,6290596.903464794,1034.01006081809,far-field,D20171215,2017-12-15,0.3097503,0
D10133619122,-33.50793547,149.0070152,686420.3536128225,6290598.0509476075,1030.1518366092578,far-field,D20171215,2017-12-15,0.7135107,0
D10133619127,-33.50788724,149.00680996,686401.3904163749,6290603.768300187,1010.9367600941272,far-field,D20171215,2017-12-15,0.9613555,1
D10133619131,-33.50785291,149.00666364,686387.8710180128,6290607.838289345,997.2550569764804,far-field,D20171215,2017-12-15,0.87641203,1
D10133619136,-33.50780891,149.00647624,686370.5560404601,6290613.054432999,979.7484944668088,far-field,D20171215,2017-12-15,0.9900416,1
D10133619153,-33.50766104,149.00584627,686312.3492285786,6290630.584318096,921.0637631023191,far-field,D20171215,2017-12-15,0.34467897,0
D10133619154,-33.50765272,149.0058108,686309.0719186642,6290631.570681255,917.76803934429,far-field,D20171215,2017-12-15,0.43958086,0
D10133619157,-33.50762798,149.00570533,686299.3268392596,6290634.503678497,907.9737237653269,far-field,D20171215,2017-12-15,0.7213882,0
D10133619217,-33.50707614,149.00335589,686082.2465276934,6290699.917632443,692.6139429919673,far-field,D20171215,2017-12-15,0.31264862,0
D10133619218,-33.50706684,149.0033163,686078.5885249234,6290701.019983906,689.0473497876841,far-field,D20171215,2017-12-15,0.781956,1
D10133619226,-33.50698987,149.00298878,686048.3266552169,6290710.143117247,659.6484901547971,far-field,D20171215,2017-12-15,0.18029132,0
D10133619233,-33.5069203,149.00269286,686020.9845427178,6290718.388855746,633.2672738043302,far-field,D20171215,2017-12-15,0.18237218,0
D10133619234,-33.50691047,149.00265105,686017.1214230664,6290719.553939174,629.5551995998732,far-field,D20171215,2017-12-15,0.3365785,0
D10133619267,-33.50658213,149.00125439,685888.0736415456,6290758.469177133,508.3918878172579,far-field,D20171215,2017-12-15,0.6666914,0
D10133619268,-33.50657351,149.00121765,685884.6789108026,6290759.490936626,505.29913580754896,far-field,D20171215,2017-12-15,0.33732164,0
D10133619281,-33.5064618,149.00074177,685840.7082506367,6290772.7317674365,465.8180034384086,near-field,D20171215,2017-12-15,0.78574616,1
D10133619282,-33.50645319,149.00070513,685837.3227794872,6290773.752221681,462.82671957481756,near-field,D20171215,2017-12-15,0.2011742,0
D10133619285,-33.50642506,149.00058538,685826.2580656377,6290777.086246909,453.1059091153116,near-field,D20171215,2017-12-15,0.90026754,1
D10133619292,-33.50636123,149.00031365,685801.1506081349,6290784.651468664,431.3839814799219,near-field,D20171215,2017-12-15,0.526085,0
D10133619293,-33.50635205,149.00027459,685797.5415279883,6290785.739453741,428.30256108683966,near-field,D20171215,2017-12-15,0.5601962,0
D10133619374,-33.50553548,148.9968021,685476.6871489948,6290882.507778583,133.7255041652005,near-field,D20171215,2017-12-15,0.4184007,0
D10133619375,-33.5055243,148.99675462,685472.3000388516,6290883.832484692,130.12139901869475,near-field,D20171215,2017-12-15,0.56956005,0
D10133619376,-33.50551318,148.99670736,685467.9332379355,6290885.150141675,126.59761028997706,near-field,D20171215,2017-12-15,0.5433264,0
D10133619377,-33.50550211,148.99666031,685463.585838588,6290886.461876391,123.15720955333545,near-field,D20171215,2017-12-15,0.7884215,1
D10133619392,-33.50534307,148.99598439,685401.1310268972,6290905.306963757,85.88035281312285,buffer,D20171215,2017-12-15,0.9953924,1
D10133619413,-33.50512379,148.99505232,685315.007601266,6290931.289605029,96.06619824563877,buffer,D20171215,2017-12-15,0.76880205,1
D10133619439,-33.50486713,148.99396082,685214.1520094499,6290961.701393845,126.21232315768603,near-field,D20171215,2017-12-15,0.4443371,0
D10133619440,-33.50485695,148.99391755,685210.1538215494,6290962.907565171,127.40692451060904,near-field,D20171215,2017-12-15,0.54392093,0
D10133619441,-33.50484669,148.99387393,685206.1232874169,6290964.12323131,128.61141031540453,near-field,D20171215,2017-12-15,0.31212842,0
D10133619443,-33.50482592,148.99378563,685197.9642726439,6290966.584174669,131.04959466254545,near-field,D20171215,2017-12-15,0.8103448,1
D10133619451,-33.50474032,148.9934219,685164.3552823149,6290976.72612939,141.08913343565152,near-field,D20171215,2017-12-15,0.28195602,0
D10133719111,-33.50816751,149.00744192,686459.4976948152,6290571.551661468,1077.3416273526177,far-field,D20171215,2017-12-15,0.50795186,0
D10133719112,-33.50815874,149.00740455,686456.0448746459,6290572.591394841,1073.8441994291798,far-field,D20171215,2017-12-15,0.9051724,1
D10133719113,-33.50814982,149.00736654,686452.5329202403,6290573.648911757,1070.2876242649618,far-field,D20171215,2017-12-15,0.9303656,1
D10133719119,-33.5080918,149.00711964,686429.7206137677,6290580.526878957,1047.1996096347289,far-field,D20171215,2017-12-15,0.3028389,0
D10133719124,-33.50804436,149.00691771,686411.0632586161,6290586.150695573,1028.342555855781,far-field,D20171215,2017-12-15,0.8836207,1
D10133719128,-33.50800733,149.00676004,686396.4952741753,6290590.540514568,1013.6359100772307,far-field,D20171215,2017-12-15,0.24940547,0
D10133719131,-33.50798165,149.00665065,686386.3881093615,6290593.58488933,1003.4421107573742,far-field,D20171215,2017-12-15,0.32870096,0
D10133719134,-33.50795638,149.00654292,686376.4342721885,6290596.580803198,993.4115496782022,far-field,D20171215,2017-12-15,0.48647442,0
D10133719152,-33.50779703,149.00586418,686313.7214797394,6290615.471414834,930.3910044978229,far-field,D20171215,2017-12-15,0.7430886,0
D10133719153,-33.5077881,149.00582617,686310.2095184771,6290616.529987429,926.8715839478473,far-field,D20171215,2017-12-15,0.34832045,0
D10133719154,-33.50777926,149.0057885,686306.7289493668,6290617.577967402,923.385383066186,far-field,D20171215,2017-12-15,0.21410523,0
D10133719449,-33.50488974,148.99349675,685170.9906564669,6290960.022513961,151.37908863313578,near-field,D20171215,2017-12-15,0.7859691,1
D10133719473,-33.50464198,148.99244361,685073.6791861549,6290989.377356224,190.99785960119257,near-field,D20171215,2017-12-15,0.79808265,1
D10133719475,-33.5046192,148.99234689,685064.7421636315,6290992.076106075,196.5958140646308,near-field,D20171215,2017-12-15,0.65584123,0
D10133819101,-33.5083819,149.00779386,686491.7324710643,6290547.143971199,1117.5388267399765,far-field,D20171215,2017-12-15,0.3174792,0
D10133819111,-33.50829332,149.00741652,686456.8680920718,6290557.645500572,1082.2916629523238,far-field,D20171215,2017-12-15,0.48379904,0
D10133819113,-33.50827549,149.00734059,686449.8525333105,6290559.759263489,1075.2081432197117,far-field,D20171215,2017-12-15,0.7303062,0
D10133819128,-33.50813579,149.00674585,686394.9014749283,6290576.320322325,1019.8414056562214,far-field,D20171215,2017-12-15,0.31710762,0
D10133819150,-33.50794284,149.00592387,686318.9540014465,6290599.194467014,943.7261433163917,far-field,D20171215,2017-12-15,0.69760704,0
D10133819151,-33.50793339,149.00588368,686315.2406411966,6290600.314623419,940.0171803562936,far-field,D20171215,2017-12-15,0.9932372,1
D10133819152,-33.50792386,149.0058431,686311.4912209583,6290601.444350533,936.2743242012505,far-field,D20171215,2017-12-15,0.6860137,0
D10133819384,-33.50566521,148.99623389,685423.6226906291,6290869.137102737,124.53138110215532,near-field,D20171215,2017-12-15,0.9446344,1
D10133819464,-33.50486643,148.99283729,685109.7749713184,6290963.784439197,182.86840225730407,near-field,D20171215,2017-12-15,0.6456599,0
D10133819474,-33.5047552,148.9923648,685066.1164346375,6290976.962367371,204.61988853232808,near-field,D20171215,2017-12-15,0.52177465,0
D10133819475,-33.50474354,148.99231531,685061.5435242277,6290978.343697736,207.34634000223795,near-field,D20171215,2017-12-15,0.42048156,0
D10133819493,-33.50455523,148.99151499,684987.5927070326,6291000.653869359,259.8057918600161,near-field,D20171215,2017-12-15,0.7701397,1
D10133919152,-33.50804822,149.00581161,686308.2991824863,6290587.709896481,941.3776740993477,far-field,D20171215,2017-12-15,0.44849882,0
D10133919153,-33.50803878,149.00577144,686304.5876623314,6290588.828904061,937.6900638104698,far-field,D20171215,2017-12-15,0.7775713,1
D10133919154,-33.50802935,149.00573128,686300.8770489495,6290589.946783252,934.0053725262765,far-field,D20171215,2017-12-15,0.8101219,1
D10133919464,-33.50499224,148.9928119,685107.1482062005,6290949.877981003,195.4254501384466,near-field,D20171215,2017-12-15,0.65769917,0
D10133919466,-33.50497124,148.99272265,685098.9014166368,6290952.366041163,198.59251706962758,near-field,D20171215,2017-12-15,0.31123662,0
D10134019129,-33.50837826,149.00665611,686386.0446086562,6290549.592642944,1027.075638643434,far-field,D20171215,2017-12-15,0.91869795,1
D10134019153,-33.50816302,149.00573944,686301.3485152763,6290575.108671602,942.9462920713697,far-field,D20171215,2017-12-15,0.72064507,0
D10134019461,-33.50515126,148.99292758,685117.5563939936,6290932.036950013,204.16201908787818,near-field,D20171215,2017-12-15,0.53871876,0
D10134019467,-33.5050843,148.99264314,685091.2739658233,6290939.970063549,213.0179208966277,near-field,D20171215,2017-12-15,0.81606716,1
D10134019476,-33.50497802,148.99219195,685049.5837955081,6290952.560983565,232.9734569992997,near-field,D20171215,2017-12-15,0.46410522,0
D10134119109,-33.5086789,149.00737555,686452.2346470889,6290514.959884431,1101.3497800279526,far-field,D20171215,2017-12-15,0.44626933,0
D10134119128,-33.50851156,149.00666268,686386.3690218595,6290534.798409019,1035.684137387955,far-field,D20171215,2017-12-15,0.7063763,0
D10134119137,-33.50842893,149.00631089,686353.8654015573,6290544.593820937,1003.4302838788096,far-field,D20171215,2017-12-15,0.88436383,1
D10134119149,-33.50832162,149.00585383,686311.6351759725,6290557.315120825,961.7018819373949,far-field,D20171215,2017-12-15,0.5935642,0
D10134119153,-33.50828536,149.00569941,686297.3674711186,6290561.6135626985,947.652077648686,far-field,D20171215,2017-12-15,0.781956,1
D10134119154,-33.50827577,149.00565863,686293.5996134988,6290562.750296451,943.9451780879614,far-field,D20171215,2017-12-15,0.7086058,0
D10134119155,-33.50826616,149.0056177,686289.8178631107,6290563.889516001,940.2274951448779,far-field,D20171215,2017-12-15,0.7436831,0
D10134119469,-33.50518358,148.99250525,685078.2522658692,6290929.206379911,229.60107687963557,near-field,D20171215,2017-12-15,0.87663496,1
D10134119470,-33.50517158,148.99245431,685073.5453962613,6290930.628008592,231.56741569144597,near-field,D20171215,2017-12-15,0.83776754,1
D10134119476,-33.50510035,148.99215188,685045.6007281297,6290939.066615513,244.95595683076323,near-field,D20171215,2017-12-15,0.44939062,0
D10134219141,-33.50851433,149.0061136,686335.3542658822,6290535.477742624,993.7386234162018,far-field,D20171215,2017-12-15,0.8266944,1
D10134219144,-33.50848655,149.0059953,686324.4239205215,6290538.770941865,982.9867332712691,far-field,D20171215,2017-12-15,0.6253716,0
D10134219145,-33.50847755,149.00595701,686320.8861272597,6290539.837785429,979.5093558421237,far-field,D20171215,2017-12-15,0.6738258,0
D10134219469,-33.50530776,148.99247299,685074.990787907,6290915.492931373,242.30393875895936,near-field,D20171215,2017-12-15,0.7294144,0
D10134219470,-33.50529576,148.99242204,685070.2829957578,6290916.914576601,244.1516000698205,near-field,D20171215,2017-12-15,0.6536118,0
D10134319040,-33.5095739,149.01006405,686700.0693561713,6290410.871952278,1366.3442666024348,far-field,D20171215,2017-12-15,0.9571938,1
D10134319141,-33.50863606,149.00607103,686331.1385307629,6290522.054854969,998.3742540636883,far-field,D20171215,2017-12-15,0.7692479,1
D10134319149,-33.50856277,149.00575898,686302.3066764715,6290530.742935892,970.1856908690171,far-field,D20171215,2017-12-15,0.917063,1
D10134319152,-33.50853605,149.00564514,686291.7883831322,6290533.910537599,959.9323614292207,far-field,D20171215,2017-12-15,0.6469233,0
D10134319153,-33.50852699,149.00560659,686288.2265638313,6290534.984489821,956.4631461782245,far-field,D20171215,2017-12-15,0.80306184,1
D10134319158,-33.5084818,149.00541413,686270.4441613606,6290540.341511317,939.1747249259085,far-field,D20171215,2017-12-15,0.66371876,0
D10134319468,-33.50544369,148.99249063,685076.3400877516,6290900.387432788,253.53052018440786,near-field,D20171215,2017-12-15,0.5915577,0
D10134319469,-33.50543188,148.99244048,685071.7062200285,6290901.786581622,255.16138620906003,near-field,D20171215,2017-12-15,0.6034483,0
D10134319470,-33.50541993,148.99238973,685067.016908212,6290903.202323964,256.8942044510187,near-field,D20171215,2017-12-15,0.61987215,0
D10134319480,-33.50530613,148.99190643,685022.3598095098,6290916.684351306,277.21685038485515,near-field,D20171215,2017-12-15,0.6722652,0
D10134419110,-33.50902505,149.00716718,686432.1346827624,6290476.947787381,1106.4349584306644,far-field,D20171215,2017-12-15,0.8312277,1
D10134419124,-33.50891202,149.00668521,686387.6030160554,6290490.348535934,1062.5775709690872,far-field,D20171215,2017-12-15,0.44567478,0
D10134419141,-33.50875732,149.00602646,686326.73801694,6290508.687679524,1003.0056637098028,far-field,D20171215,2017-12-15,0.6204667,0
D10134419152,-33.50865389,149.00558621,686286.0612302434,6290520.948400592,963.4750285629236,far-field,D20171215,2017-12-15,0.48513675,0
D10134419157,-33.50860762,149.0053892,686267.8584800225,6290526.433357656,945.869194399282,far-field,D20171215,2017-12-15,0.9416617,1
D10134419468,-33.50556689,148.99245422,685072.6951645904,6290886.790065205,266.72311406292334,near-field,D20171215,2017-12-15,0.8234245,1
D10134419469,-33.50555549,148.99240582,685068.2230077109,6290888.140623327,268.2104853104509,near-field,D20171215,2017-12-15,0.6753121,0
D10134419470,-33.50554422,148.99235794,685063.7988816692,6290889.475835213,269.75410170688707,near-field,D20171215,2017-12-15,0.59341556,0
D10134419475,-33.50548853,148.99212142,685041.94438609,6290896.073534995,278.3795461162455,near-field,D20171215,2017-12-15,0.63897145,0
D10134419477,-33.50546577,148.99202472,685033.0092605699,6290898.7700056005,282.362778181548,near-field,D20171215,2017-12-15,0.34735435,0
D10134419480,-33.50543143,148.99187893,685019.5382423662,6290902.838194504,288.8327051834263,near-field,D20171215,2017-12-15,0.8216409,1
D10134419481,-33.50542009,148.99183074,685015.0854535992,6290904.181699018,291.09014911056005,near-field,D20171215,2017-12-15,0.85471165,1
D10134519148,-33.50880959,149.00568839,686295.2197807004,6290503.498391451,981.5679864853486,far-field,D20171215,2017-12-15,0.6460315,0
D10134519153,-33.50876174,149.00548472,686276.4017521272,6290509.170543646,963.4270576561727,far-field,D20171215,2017-12-15,0.7012485,0
D10134519470,-33.50566937,148.99232976,685060.9144054846,6290875.647535188,282.6207881897277,near-field,D20171215,2017-12-15,0.48424494,0
D10134619149,-33.50891857,149.00559169,686286.0028664848,6290491.586628614,982.0650364191225,far-field,D20171215,2017-12-15,0.9153538,1
D10134619153,-33.50887954,149.0054256,686270.6570674885,6290496.213175645,967.3631664240319,far-field,D20171215,2017-12-15,0.7947384,1
D10134619469,-33.50580261,148.99233607,685061.2168734876,6290860.860560127,294.6068969722753,near-field,D20171215,2017-12-15,0.7000595,0
D10134619470,-33.50579241,148.99229273,685057.2122528052,6290862.069011995,295.86028242488743,near-field,D20171215,2017-12-15,0.7711058,1
D10134619483,-33.50565041,148.99168948,685001.4718486259,6290878.89218249,318.53850598262994,near-field,D20171215,2017-12-15,0.5381986,0
D10134719145,-33.50907698,149.00570528,686296.2155414799,6290473.81559651,1001.3436618372374,far-field,D20171215,2017-12-15,0.7821046,1
D10134719153,-33.5089967,149.00536376,686264.6610860195,6290483.331662526,971.2511714757724,far-field,D20171215,2017-12-15,0.58583534,0
D10134719167,-33.50885931,149.00477921,686210.6519063003,6290499.617209912,920.201661845714,far-field,D20171215,2017-12-15,0.30558857,0
D10134719168,-33.50884929,149.00473657,686206.71219609,6290500.804934794,916.5026013085277,far-field,D20171215,2017-12-15,0.21663198,0
D10134719483,-33.50577544,148.99166079,684998.5403406445,6290865.078084651,330.51592762252375,near-field,D20171215,2017-12-15,0.50185794,0
D10134819149,-33.5091564,149.00548282,686275.3791753545,6290465.407775014,991.1476659812453,far-field,D20171215,2017-12-15,0.9505054,1
D10134819153,-33.50911572,149.0053098,686259.3931686883,6290470.229729521,976.019027586796,far-field,D20171215,2017-12-15,0.6749405,0
D10134819154,-33.50910549,149.00526625,686255.3693884503,6290471.442397371,972.2198461323118,far-field,D20171215,2017-12-15,0.7434602,0
D10134819167,-33.50897731,149.00472092,686204.9839939469,6290486.636137515,924.9362447408753,far-field,D20171215,2017-12-15,0.4580113,0
D10134919145,-33.50931569,149.00560011,686285.9336727345,6290447.532519597,1010.9298449789576,far-field,D20171215,2017-12-15,0.31376338,0
D10134919167,-33.50909785,149.00467332,686200.303732515,6290473.3541965755,930.7792055467456,far-field,D20171215,2017-12-15,0.5069114,0
D10134919469,-33.50617223,148.99222705,685050.3016928991,6290820.0658466015,334.66238585076866,near-field,D20171215,2017-12-15,0.8962545,1
D10134919470,-33.5061623,148.99218481,685046.3987045365,6290821.24239064,335.82930051974176,near-field,D20171215,2017-12-15,0.93690544,1
D10134919478,-33.5060807,148.99183794,685014.3479015335,6290830.910181666,346.2993817547874,near-field,D20171215,2017-12-15,0.65487516,0
D10134919482,-33.50603641,148.99164978,684996.9619403405,6290836.157321919,353.13628955323605,near-field,D20171215,2017-12-15,0.73238707,0
D10134919483,-33.50602513,148.99160188,684992.535994198,6290837.493646441,355.0036888569372,near-field,D20171215,2017-12-15,0.49843937,0
D10135019031,-33.5105359,149.0102328,686713.678552347,6290303.886184351,1436.2353224141943,far-field,D20171215,2017-12-15,0.46313912,0
D10135019045,-33.51039849,149.00964805,686659.6524637964,6290320.176906837,1382.6861268440525,far-field,D20171215,2017-12-15,0.9233056,1
D10135019051,-33.51033527,149.00937916,686634.8092571906,6290327.671627954,1358.1383469843202,far-field,D20171215,2017-12-15,0.88577586,1
D10135019173,-33.50915857,149.00437126,686172.1128550872,6290467.162799783,915.2538346014164,far-field,D20171215,2017-12-15,0.94151306,1
D10135019470,-33.50628562,148.99214894,685042.8037558352,6290807.63074263,349.1711811225724,near-field,D20171215,2017-12-15,0.957937,1
D10135019477,-33.50621599,148.99185286,685015.4459453312,6290815.880517844,357.6910741097978,near-field,D20171215,2017-12-15,0.8689804,1
D10135019478,-33.50620581,148.9918096,685011.4487287411,6290817.086590752,359.0808704281655,near-field,D20171215,2017-12-15,0.5902943,0
D10135019483,-33.50615147,148.99157871,684990.1145311221,6290823.524429122,367.2126122084151,near-field,D20171215,2017-12-15,0.50200653,0
D10135119033,-33.51064317,149.01012849,686703.7579984056,6290292.178134736,1434.8535285889277,far-field,D20171215,2017-12-15,0.7034037,0
D10135119034,-33.51063392,149.0100891,686700.1186819626,6290293.274827773,1431.25255025453,far-field,D20171215,2017-12-15,0.83234245,1
D10135119045,-33.51052436,149.00962291,686657.0466316167,6290306.263664211,1388.7097597849224,far-field,D20171215,2017-12-15,0.8313763,1
D10135119139,-33.50960178,149.00569703,686294.3239375218,6290415.632233126,1038.6605956238163,far-field,D20171215,2017-12-15,0.77549046,1
D10135119141,-33.50958549,149.00562759,686287.9080597649,6290417.563445322,1032.6541572911044,far-field,D20171215,2017-12-15,0.6912158,0
D10135119147,-33.50953517,149.00541312,686268.0922008588,6290423.528898991,1014.1572279329583,far-field,D20171215,2017-12-15,0.7141796,0
D10135119155,-33.50945813,149.00508528,686237.8017874444,6290432.661014197,986.0423649643552,far-field,D20171215,2017-12-15,0.8945452,1
D10135119469,-33.50641713,148.99214794,685042.430821101,6290793.048657017,361.54905282532485,near-field,D20171215,2017-12-15,0.94827586,1
D10135119470,-33.50640789,148.99210864,685038.7995017912,6290794.1434360435,362.63463641688685,near-field,D20171215,2017-12-15,0.89164686,1
D10135219033,-33.51076722,149.0100957,686700.4453597635,6290278.480502283,1440.150823576872,far-field,D20171215,2017-12-15,0.5442182,0
D10135219034,-33.51075856,149.01005879,686697.0351635381,6290279.5073015755,1436.7875264660531,far-field,D20171215,2017-12-15,0.39328182,0
D10135219053,-33.51056261,149.00922528,686620.0259961282,6290302.73740429,1361.079990109625,far-field,D20171215,2017-12-15,0.70318073,0
D10135219470,-33.5065304,148.99206934,685034.8876469532,6290780.627729325,376.07092255414113,near-field,D20171215,2017-12-15,0.595868,0
D10135219471,-33.50652062,148.99202776,685031.0456684022,6290781.786456209,377.2191173129957,near-field,D20171215,2017-12-15,0.3157699,0
D10135319039,-33.51083705,149.00983195,686675.7939109426,6290271.211363691,1424.602372743753,far-field,D20171215,2017-12-15,0.6417212,0
D10135319048,-33.51074018,149.00942005,686637.7380213084,6290282.695133278,1387.3061536149444,far-field,D20171215,2017-12-15,0.80766946,1
D10135319052,-33.5106966,149.00923477,686620.6197867021,6290287.861368965,1370.5742455400523,far-field,D20171215,2017-12-15,0.9181778,1
D10135319053,-33.51068608,149.00919006,686616.4889832584,6290289.108440217,1366.54077692988,far-field,D20171215,2017-12-15,0.5629459,0
D10135319054,-33.51067558,149.00914537,686612.3599938178,6290290.353255743,1362.511847749298,far-field,D20171215,2017-12-15,0.7157402,0
D10135319147,-33.50977362,149.0053069,686257.7134679793,6290397.276514407,1025.1057874013502,far-field,D20171215,2017-12-15,0.549346,0
D10135319168,-33.50957372,149.00445608,686179.1029104926,6290420.97212565,953.6432746961632,far-field,D20171215,2017-12-15,0.76486325,1
D10135319469,-33.50665978,148.99205942,685033.6905860901,6290766.297762166,388.69211262394674,near-field,D20171215,2017-12-15,0.8825803,1
D10135319470,-33.50665058,148.99202024,685030.0703391877,6290767.387888471,389.77548347928104,near-field,D20171215,2017-12-15,0.9444857,1
D10135319471,-33.50664131,148.99198081,685026.4270154967,6290768.48622199,390.86470972338697,near-field,D20171215,2017-12-15,0.94173604,1
D10135419035,-33.51099809,149.00995669,686687.0357677855,6290253.12814532,1444.450929658486,far-field,D20171215,2017-12-15,0.3863704,0
D10135419038,-33.51097101,149.00984132,686676.3765266687,6290256.33886325,1434.0151610886246,far-field,D20171215,2017-12-15,0.35411713,0
D10135419040,-33.51094996,149.00975182,686668.1075476483,6290258.834306593,1425.9239442592784,far-field,D20171215,2017-12-15,0.98261,1
D10135419041,-33.51093944,149.00970706,686663.9721169812,6290260.081489047,1421.8803249931238,far-field,D20171215,2017-12-15,0.9421076,1
D10135419042,-33.51092891,149.00966229,686659.8357778622,6290261.3297966365,1417.8369270037497,far-field,D20171215,2017-12-15,0.38800535,0
D10135419046,-33.51088625,149.00948086,686643.0732655821,6290266.387121456,1401.468876734268,far-field,D20171215,2017-12-15,0.98944706,1
D10135419049,-33.51085365,149.00934226,686630.267875191,6290270.251735456,1388.982854573946,far-field,D20171215,2017-12-15,0.373588,0
D10135419052,-33.51082155,149.00920579,686617.6592706454,6290274.057051536,1376.7049864914036,far-field,D20171215,2017-12-15,0.9005648,1
D10135419058,-33.51076027,149.00894509,686593.5728147983,6290281.3217964675,1353.2998721400636,far-field,D20171215,2017-12-15,0.7523781,0
D10135419060,-33.51074113,149.00886365,686586.048439895,6290283.590855893,1346.0015421901646,far-field,D20171215,2017-12-15,0.54451543,0
D10135419061,-33.51073156,149.0088229,686582.2834643524,6290284.725437309,1342.3525427300788,far-field,D20171215,2017-12-15,0.434676,0
D10135419138,-33.50997032,149.00558385,686283.0196660355,6290374.965922261,1058.7736787722968,far-field,D20171215,2017-12-15,0.8283294,1
D10135419147,-33.50989469,149.00526151,686253.2373321174,6290383.931852771,1031.4800687575812,far-field,D20171215,2017-12-15,0.790651,1
D10135519040,-33.51107406,149.00971922,686664.812510723,6290245.130777233,1431.6733754770923,far-field,D20171215,2017-12-15,0.7358056,0
D10135519041,-33.51106362,149.00967482,686660.710356442,6290246.368438968,1427.6757170765063,far-field,D20171215,2017-12-15,0.95474136,1
D10135519044,-33.51103179,149.00953946,686648.2043279723,6290250.141857452,1415.498491491281,far-field,D20171215,2017-12-15,0.6345868,0
D10135519047,-33.51099982,149.00940352,686635.6447116258,6290253.9318283815,1403.2848820895515,far-field,D20171215,2017-12-15,0.9008621,1
D10135519049,-33.51097863,149.00931339,686627.3175025749,6290256.443895464,1395.1966028890595,far-field,D20171215,2017-12-15,0.89335614,1
D10135519059,-33.51087649,149.00887892,686587.176277118,6290268.552498944,1356.3134780958806,far-field,D20171215,2017-12-15,0.19285077,0
D10135519060,-33.51086693,149.0088382,686583.4140731064,6290269.685918163,1352.6794265617023,far-field,D20171215,2017-12-15,0.779132,1
D10135519061,-33.51085736,149.00879748,686579.651889763,6290270.820444831,1349.0463457999767,far-field,D20171215,2017-12-15,0.62061536,0
D10135519147,-33.51001768,149.00522424,686249.5114156881,6290370.359688401,1038.6875240904487,far-field,D20171215,2017-12-15,0.52199763,0
D10135519150,-33.50999245,149.00511673,686239.5781326864,6290373.350639315,1029.6921949639168,far-field,D20171215,2017-12-15,0.9387634,1
D10135519470,-33.50689381,148.99193414,685021.5537398481,6290740.5683480855,416.8527085168151,near-field,D20171215,2017-12-15,0.83382875,1
D10135519471,-33.50688488,148.99189613,685018.0416200231,6290741.626441596,417.90328260441794,near-field,D20171215,2017-12-15,0.9036861,1
D10135519478,-33.50681328,148.99159178,684989.9198938299,6290750.10936714,426.3069995098313,near-field,D20171215,2017-12-15,0.52504456,0
D10135619038,-33.51121902,149.00977536,686669.716245248,6290228.954246229,1445.504793002201,far-field,D20171215,2017-12-15,0.9068817,1
D10135619039,-33.5112089,149.00973231,686665.7388204462,6290230.153994022,1441.639030762577,far-field,D20171215,2017-12-15,0.9488704,1
D10135619042,-33.51117822,149.00960181,686653.6818186368,6290233.79114351,1429.930234944906,far-field,D20171215,2017-12-15,0.7773484,1
D10135619044,-33.51115625,149.0095084,686645.0516080669,6290236.395628631,1421.5578852333558,far-field,D20171215,2017-12-15,0.5753567,0
D10135619045,-33.51114529,149.00946182,686640.748059488,6290237.694870875,1417.3855612561008,far-field,D20171215,2017-12-15,0.14402497,0
D10135619047,-33.51112355,149.00936935,686632.2046707316,6290240.2721465565,1409.1098058645025,far-field,D20171215,2017-12-15,0.9965071,1
D10135619048,-33.51111278,149.00932359,686627.9768855912,6290241.548837174,1405.0165800532984,far-field,D20171215,2017-12-15,0.6183115,0
D10135619049,-33.51110264,149.00928045,686623.9911336938,6290242.750947125,1401.1604195399223,far-field,D20171215,2017-12-15,0.84230083,1
D10135619151,-33.51010552,149.00503725,686231.952320779,6290360.954346896,1033.5978255697667,far-field,D20171215,2017-12-15,0.69730973,0
D10135619470,-33.50701589,148.99189306,685017.477478696,6290727.103495293,430.33706852496465,near-field,D20171215,2017-12-15,0.984022,1
D10135619471,-33.50700679,148.99185431,685013.8969795036,6290728.181759636,431.40845555994275,near-field,D20171215,2017-12-15,0.9847652,1
D10135619478,-33.50693447,148.99154693,684985.4953361393,6290736.749923042,439.8944855048343,near-field,D20171215,2017-12-15,0.6328775,0
D10135719038,-33.51134212,149.00973857,686666.0341280028,6290215.369154207,1451.0791129351592,far-field,D20171215,2017-12-15,0.90093637,1
D10135719047,-33.51124691,149.00933365,686628.6233021999,6290226.656248267,1414.9139223823556,far-field,D20171215,2017-12-15,0.5593044,0
D10135719049,-33.51122726,149.00925003,686620.8975600036,6290228.98581695,1407.4656571683574,far-field,D20171215,2017-12-15,0.85798156,1
D10135719050,-33.51121759,149.00920888,686617.0956659765,6290230.132222498,1403.802827071097,far-field,D20171215,2017-12-15,0.9537753,1
D10135719053,-33.51118815,149.00908361,686605.5218320137,6290233.622389665,1392.6625754069914,far-field,D20171215,2017-12-15,0.42367718,0
D10135719063,-33.51108983,149.00866519,686566.8634602054,6290245.278412625,1355.5713158530987,far-field,D20171215,2017-12-15,0.77288944,1
D10135719094,-33.51076658,149.00729044,686439.8483664452,6290283.5975674335,1235.1417569259324,far-field,D20171215,2017-12-15,0.59319264,0
D10135719479,-33.50704456,148.99145492,684976.7132572212,6290724.705516016,454.78421123120313,near-field,D20171215,2017-12-15,0.11927765,0
D10135719480,-33.50703325,148.99140689,684972.2753481258,6290726.045392251,456.11476708237063,near-field,D20171215,2017-12-15,0.8802021,1
D10135819048,-33.51136214,149.0092633,686621.8405692929,6290214.004280834,1417.7592269049737,far-field,D20171215,2017-12-15,0.90918547,1
D10135819049,-33.51135245,149.00922203,686618.0275768803,6290215.153120881,1414.0983096156012,far-field,D20171215,2017-12-15,0.94872177,1
D10135819054,-33.51130422,149.00901676,686599.0624574069,6290220.870957701,1395.9133219351647,far-field,D20171215,2017-12-15,0.41617122,0
D10135819056,-33.51128431,149.00893207,686591.2378742212,6290223.231260527,1388.4227363888751,far-field,D20171215,2017-12-15,0.7154429,0
D10135819074,-33.51111042,149.00819193,686522.8553050256,6290243.846253839,1323.3113324151402,far-field,D20171215,2017-12-15,0.9131986,1
D10135819077,-33.5110817,149.00806969,686511.561356526,6290247.251011757,1312.6207929727932,far-field,D20171215,2017-12-15,0.85471165,1
D10135819079,-33.51106251,149.00798802,686504.0157349007,6290249.525965985,1305.4887962344135,far-field,D20171215,2017-12-15,0.8266944,1
D10135819087,-33.51097372,149.0076106,686469.1454878993,6290260.051024213,1272.6367179851188,far-field,D20171215,2017-12-15,0.71975327,0
D10135819088,-33.51096203,149.00756095,686464.5582854693,6290261.436659666,1268.3288090008814,far-field,D20171215,2017-12-15,0.9754013,1
D10135819181,-33.51005423,149.00369805,686107.6545931493,6290369.04592722,943.1880661508748,far-field,D20171215,2017-12-15,0.93653387,1
D10135819480,-33.50715453,148.99136243,684967.8868630106,6290712.675265122,469.6865206801832,near-field,D20171215,2017-12-15,0.68950653,0
D10135918980,-33.51213213,149.01198041,686872.5923335296,6290123.723099738,1670.5337925926565,far-field,D20171215,2017-12-15,0.96908444,1
D10135919017,-33.51177934,149.01047854,686733.834483068,6290165.551161274,1535.1419239139184,far-field,D20171215,2017-12-15,0.96128124,1
D10135919056,-33.51140819,149.00889854,686587.8570356107,6290209.5537797585,1394.7763961170674,far-field,D20171215,2017-12-15,0.77251786,1
D10135919057,-33.51139824,149.0088562,686583.9452018182,6290210.733364126,1391.0497132655212,far-field,D20171215,2017-12-15,0.5907402,0
D10135919059,-33.51137836,149.00877161,686576.1298492912,6290213.090148147,1383.6102610255389,far-field,D20171215,2017-12-15,0.5318817,0
D10135919060,-33.51136879,149.00873088,686572.366758943,6290214.224690989,1380.03124765397,far-field,D20171215,2017-12-15,0.95496434,1
D10135919061,-33.51135935,149.00869066,686568.6507654422,6290215.3438984435,1376.4996580950456,far-field,D20171215,2017-12-15,0.76657254,1
D10135919062,-33.5113499,149.00865045,686564.9357215895,6290216.464195399,1372.9699472277355,far-field,D20171215,2017-12-15,0.39892983,0
D10135919063,-33.51134045,149.00861024,686561.2206769518,6290217.584490882,1369.4421336923708,far-field,D20171215,2017-12-15,0.584349,0
D10135919068,-33.51129332,149.00840957,686542.68048478,6290223.171955252,1351.8675020501757,far-field,D20171215,2017-12-15,0.99598694,1
D10135919073,-33.51124576,149.00820714,686523.977699653,6290228.810233402,1334.1877199350706,far-field,D20171215,2017-12-15,0.46477407,0
D10135919079,-33.51118828,149.00796247,686501.3722677856,6290235.624517489,1312.8892673272162,far-field,D20171215,2017-12-15,0.82907254,1
D10135919081,-33.51116744,149.00787383,686493.1827109642,6290238.09497508,1305.1916401378237,far-field,D20171215,2017-12-15,0.2075654,0
D10135919084,-33.51113443,149.00773351,686480.2184107297,6290242.007948975,1293.0266069144323,far-field,D20171215,2017-12-15,0.8040279,1
D10135919184,-33.51014567,149.00352664,686091.5352783634,6290359.213155658,937.7309324719614,far-field,D20171215,2017-12-15,0.9963585,1
D10135919470,-33.50737871,148.99175536,685003.912708143,6290687.113980494,471.18764981134456,near-field,D20171215,2017-12-15,0.98929846,1
D10135919471,-33.50736848,148.99171188,684999.8952136205,6290688.325988254,472.388009672327,near-field,D20171215,2017-12-15,0.97837394,1
D10136018982,-33.51223588,149.01186127,686861.3016838601,6290112.4322836865,1668.3224160237505,far-field,D20171215,2017-12-15,0.9188466,1
D10136019015,-33.51192345,149.0105311,686738.4073148895,6290149.475293829,1548.7784454381074,far-field,D20171215,2017-12-15,0.6455856,0
D10136019053,-33.5115619,149.00899197,686596.2061543711,6290192.339864297,1412.384175385296,far-field,D20171215,2017-12-15,0.74204814,0
D10136019054,-33.51155195,149.00894963,686592.2943285343,6290193.519452434,1408.6664782864884,far-field,D20171215,2017-12-15,0.5685196,0
D10136019057,-33.51152211,149.00882264,686580.5616112222,6290197.057044132,1397.528563528404,far-field,D20171215,2017-12-15,0.661415,0
D10136019059,-33.51150233,149.00873849,686572.7869286989,6290199.401944809,1390.157900362001,far-field,D20171215,2017-12-15,0.94649225,1
D10136019060,-33.51149289,149.00869828,686569.0718700441,6290200.521134715,1386.6397214044073,far-field,D20171215,2017-12-15,0.9178062,1
D10136019062,-33.511474,149.00861786,686561.6417718609,6290202.76061907,1379.6084609353682,far-field,D20171215,2017-12-15,0.3280321,0
D10136019063,-33.51146455,149.00857765,686557.9267323335,6290203.880913523,1376.0954071628955,far-field,D20171215,2017-12-15,0.37031808,0
D10136019068,-33.51141803,149.00837956,686539.624926688,6290209.396085957,1358.8204292048458,far-field,D20171215,2017-12-15,0.95927465,1
D10136019071,-33.51139037,149.00826177,686528.742134149,6290212.67531295,1348.571928919459,far-field,D20171215,2017-12-15,0.9965071,1
D10136019074,-33.51136197,149.00814089,686517.5738758581,6290216.042147178,1338.0722924694874,far-field,D20171215,2017-12-15,0.7546076,0
D10136019075,-33.5113524,149.00810017,686513.8117078558,6290217.17664882,1334.5394833350033,far-field,D20171215,2017-12-15,0.94931626,1
D10136019081,-33.51129299,149.00784735,686490.4533405775,6290224.219593527,1312.656229856953,far-field,D20171215,2017-12-15,0.5428062,0
D10136019082,-33.51128231,149.00780194,686486.2578681901,6290225.485611545,1308.734430356811,far-field,D20171215,2017-12-15,0.88986325,1
D10136019083,-33.51127159,149.00775635,686482.0457594164,6290226.756387161,1304.8002085462815,far-field,D20171215,2017-12-15,0.9383175,1
D10136019090,-33.51119524,149.00743181,686452.0612145826,6290235.8067627195,1276.8787295048262,far-field,D20171215,2017-12-15,0.8109394,1
D10136019091,-33.51118419,149.0073848,686447.7178936867,6290237.1166713,1272.848101619895,far-field,D20171215,2017-12-15,0.684453,0
D10136019092,-33.51117353,149.00733951,686443.5335157106,6290238.380236572,1268.967093154472,far-field,D20171215,2017-12-15,0.55811536,0
D10136019099,-33.51110111,149.00703146,686415.0723273237,6290246.96503017,1242.662528389223,far-field,D20171215,2017-12-15,0.35255647,0
D10136019107,-33.51102671,149.00671471,686385.8071452754,6290255.784945633,1215.7846901617722,far-field,D20171215,2017-12-15,0.43742567,0
D10136019157,-33.51052876,149.00459623,686190.075935454,6290314.810526427,1041.0001912245984,far-field,D20171215,2017-12-15,0.87068963,1
D10136019180,-33.51031229,149.00367483,686104.9447791227,6290340.469798899,960.2813993911788,far-field,D20171215,2017-12-15,0.97250295,1
D10136019470,-33.50749959,148.9917092,684999.3671140444,6290673.791256013,484.8117888681726,near-field,D20171215,2017-12-15,0.9665577,1
D10136019471,-33.50748955,148.9916665,684995.4216818429,6290674.980800885,485.99122120508605,near-field,D20171215,2017-12-15,0.99620986,1
D10136118980,-33.51238222,149.01192324,686866.7436170235,6290096.09209139,1682.5830091353432,far-field,D20171215,2017-12-15,0.7025119,0
D10136118999,-33.51218653,149.01109076,686789.8313954319,6290119.292950502,1607.7650195289123,far-field,D20171215,2017-12-15,0.7493312,0
D10136119047,-33.51174548,149.00921246,686616.2943624983,6290171.584864465,1441.1740921471321,far-field,D20171215,2017-12-15,0.8506986,1
D10136119049,-33.51172557,149.00912777,686608.4698236182,6290173.945183393,1433.7448154654799,far-field,D20171215,2017-12-15,0.77162606,1
D10136119053,-33.51168577,149.0089584,686592.8216214409,6290178.663565757,1418.912944232578,far-field,D20171215,2017-12-15,0.7262931,0
D10136119054,-33.51167582,149.00891607,686588.9107299182,6290179.843134781,1415.2110629483109,far-field,D20171215,2017-12-15,0.73424494,0
D10136119055,-33.51166587,149.00887374,686584.9998375303,6290181.022702174,1411.5112951164765,far-field,D20171215,2017-12-15,0.8454964,1
D10136119059,-33.51162682,149.00870752,686569.6426245371,6290185.652207034,1397.005491090993,far-field,D20171215,2017-12-15,0.9639566,1
D10136119061,-33.51160811,149.00862787,686562.2836811657,6290187.870346058,1390.066644516071,far-field,D20171215,2017-12-15,0.2992717,0
D10136119065,-33.51157052,149.00846782,686547.4964786265,6290192.326808071,1376.1480800760394,far-field,D20171215,2017-12-15,0.91847503,1
D10136119074,-33.51148775,149.00811536,686514.9322305651,6290202.139556358,1345.614965484921,far-field,D20171215,2017-12-15,0.63763374,0
D10136119082,-33.51140841,149.00777779,686483.7437762397,6290211.545046252,1316.5266060629538,far-field,D20171215,2017-12-15,0.7380351,0
D10136119083,-33.51139795,149.0077333,686479.6333005957,6290212.78501034,1312.7048738372341,far-field,D20171215,2017-12-15,0.65175384,0
D10136119092,-33.51130197,149.00732518,686441.9266990821,6290224.162514096,1277.7847164680209,far-field,D20171215,2017-12-15,0.7983799,1
D10136119102,-33.511202,149.00689985,686402.6298400849,6290236.013271198,1241.6809374594495,far-field,D20171215,2017-12-15,0.5075803,0
D10136119191,-33.51032933,149.0031867,686059.562622134,6290339.455870548,928.1274547081907,far-field,D20171215,2017-12-15,0.9798603,1
D10136119192,-33.51032043,149.00314879,686056.0599672893,6290340.510847915,924.8943213951343,far-field,D20171215,2017-12-15,0.9900416,1
D10136119470,-33.50762088,148.99166477,684994.981374081,6290660.419977166,498.3884409750672,near-field,D20171215,2017-12-15,0.363481,0
D10136119471,-33.50761099,148.99162272,684991.0960122899,6290661.591726938,499.54965223953434,near-field,D20171215,2017-12-15,0.33434898,0
D10136218999,-33.51230977,149.01105452,686786.1999261994,6290105.691380649,1613.4776584271078,far-field,D20171215,2017-12-15,0.42947385,0
D10136219000,-33.51229968,149.01101159,686782.23364779,6290106.8876366,1609.6464464642957,far-field,D20171215,2017-12-15,0.40361178,0
D10136219054,-33.5117997,149.00888253,686585.5289757814,6290166.16567116,1421.8672621930648,far-field,D20171215,2017-12-15,0.5688912,0
D10136219062,-33.51172415,149.00856093,686555.8160949814,6290175.122376932,1393.9341003224831,far-field,D20171215,2017-12-15,0.5833829,0
D10136219071,-33.51164214,149.00821166,686523.5466177843,6290184.845138663,1363.7525086538337,far-field,D20171215,2017-12-15,0.95511293,1
D10136219082,-33.51153477,149.00775471,686481.3285300324,6290197.573723553,1324.516621537224,far-field,D20171215,2017-12-15,0.8919441,1
D10136219083,-33.51152455,149.00771125,686477.3132274945,6290198.785219966,1320.8002883662473,far-field,D20171215,2017-12-15,0.92761594,1
D10136219107,-33.51128123,149.00667617,686381.6809376848,6290227.628957979,1233.2021309750717,far-field,D20171215,2017-12-15,0.5812277,0
D10136219110,-33.51125221,149.00655268,686370.271493169,6290231.069064133,1222.8778179985263,far-field,D20171215,2017-12-15,0.30127823,0
D10136219112,-33.51123103,149.00646263,686361.951660064,6290233.579647192,1215.3661502182413,far-field,D20171215,2017-12-15,0.75185794,0
D10136219187,-33.51049421,149.00332753,686072.2921596059,6290320.918721793,950.216749288267,far-field,D20171215,2017-12-15,0.9347503,1
D10136219471,-33.50773256,148.99157948,684986.8202421436,6290648.187271882,513.0934474134606,far-field,D20171215,2017-12-15,0.58003867,0
D10136318983,-33.51260043,149.01173042,686848.3623654816,6290072.240839924,1682.8632585112389,far-field,D20171215,2017-12-15,0.80224437,1
D10136319000,-33.51242315,149.01097635,686778.6945928028,6290093.258757332,1615.5625580881592,far-field,D20171215,2017-12-15,0.71499705,0
D10136319062,-33.51185029,149.00853693,686553.3157568093,6290161.177119289,1401.6419887075208,far-field,D20171215,2017-12-15,0.46432817,0
D10136319078,-33.51170064,149.00789977,686494.4479047556,6290178.918577179,1346.9460421746098,far-field,D20171215,2017-12-15,0.15494947,0
D10136319108,-33.51139772,149.0066111,686375.3863250656,6290214.82761428,1238.2507291295026,far-field,D20171215,2017-12-15,0.58063316,0
D10136319110,-33.51137774,149.00652612,686367.5349141643,6290217.196017195,1231.1868211527526,far-field,D20171215,2017-12-15,0.7749703,1
D10136319170,-33.51077638,149.00396788,686131.1739576347,6290288.478268471,1015.0068191615392,far-field,D20171215,2017-12-15,0.8274376,1
D10136319469,-33.5078742,148.99162156,684990.4279041596,6290632.404984526,524.2814205570465,far-field,D20171215,2017-12-15,0.917063,1
D10136418982,-33.51273616,149.01174726,686849.6347918496,6290057.15856858,1693.315459303378,far-field,D20171215,2017-12-15,0.59453034,0
D10136418983,-33.5127255,149.01170192,686845.445890706,6290058.422404472,1689.2666099406722,far-field,D20171215,2017-12-15,0.86511594,1
D10136419113,-33.51147084,149.00636168,686352.0594690633,6290207.167067084,1228.232825163222,far-field,D20171215,2017-12-15,0.24435197,0
D10136419114,-33.51146017,149.00631632,686347.8686132773,6290208.431825638,1224.5012039303224,far-field,D20171215,2017-12-15,0.21455114,0
D10136419118,-33.51141655,149.00613089,686330.7365427611,6290213.602251438,1209.291410429467,far-field,D20171215,2017-12-15,0.5014863,0
D10136419162,-33.51096627,149.00421573,686153.7914376846,6290266.975435196,1046.2142381666408,far-field,D20171215,2017-12-15,0.53032106,0
D10136518979,-33.51289315,149.01185454,686859.2628323584,6290039.555703595,1711.897587945356,far-field,D20171215,2017-12-15,0.5564061,0
D10136518980,-33.51288255,149.01180945,686855.0970345271,6290040.812439916,1707.8785176551548,far-field,D20171215,2017-12-15,0.8246136,1
D10136518981,-33.51287189,149.0117641,686850.9072122808,6290042.076296572,1703.8379959210224,far-field,D20171215,2017-12-15,0.54637337,0
D10136518982,-33.51286123,149.01171876,686846.7183179823,6290043.34013334,1699.79986587871,far-field,D20171215,2017-12-15,0.6228448,0
D10136519108,-33.51164901,149.00655895,686370.0027788524,6290187.054272649,1255.1862454583056,far-field,D20171215,2017-12-15,0.4160969,0
D10136519112,-33.51160657,149.00637851,686353.3317735867,6290192.084917146,1240.3672598018848,far-field,D20171215,2017-12-15,0.5959423,0
D10136519113,-33.5115959,149.00633313,686349.139066744,6290193.349712508,1236.6512707057516,far-field,D20171215,2017-12-15,0.2823276,0
D10136519114,-33.51158521,149.00628768,686344.9398991208,6290194.616849683,1232.9336249161556,far-field,D20171215,2017-12-15,0.33932817,0
D10136519119,-33.51152921,149.00604968,686322.9508884378,6290201.254603924,1213.5372112093605,far-field,D20171215,2017-12-15,0.514343,0
D10136519124,-33.51147589,149.00582296,686302.0039649677,6290207.574843891,1195.1800578895857,far-field,D20171215,2017-12-15,0.5876932,0
D10136519125,-33.51146537,149.00577825,686297.8731642739,6290208.8217784595,1191.5735773202903,far-field,D20171215,2017-12-15,0.30982462,0
D10136519162,-33.51109144,149.00418764,686150.9138085984,6290253.145009298,1053.7787028822274,far-field,D20171215,2017-12-15,0.3302616,0
D10136618979,-33.51301828,149.01182629,686856.3694421741,6290025.730166363,1718.459381639255,far-field,D20171215,2017-12-15,0.3570898,0
D10136618980,-33.51300762,149.01178095,686852.1805557165,6290026.994005879,1714.4302988429033,far-field,D20171215,2017-12-15,0.26746434,0
D10136618981,-33.51299696,149.01173561,686847.9916682588,6290028.257843525,1710.4029181537355,far-field,D20171215,2017-12-15,0.9131986,1
D10136618982,-33.5129863,149.01169027,686843.8027798084,6290029.521679301,1706.3772516319884,far-field,D20171215,2017-12-15,0.7306778,0
D10136619098,-33.51187363,149.00695403,686406.2219434736,6290161.434822365,1298.4538453585114,far-field,D20171215,2017-12-15,0.7211653,0
D10136619113,-33.51172097,149.00630463,686346.2232945102,6290179.531158352,1245.1769098570223,far-field,D20171215,2017-12-15,0.2098692,0
D10136718913,-33.51373252,149.01430792,687085.3599212744,6289942.049822127,1949.8045707242163,far-field,D20171215,2017-12-15,0.39439654,0
D10136718914,-33.51372509,149.01427619,687082.4284177228,6289942.931018689,1946.9389735689333,far-field,D20171215,2017-12-15,0.5834572,0
D10136718981,-33.51312202,149.01170708,686845.0724367463,6290014.440570721,1717.0553234984573,far-field,D20171215,2017-12-15,0.5624257,0
D10136718982,-33.51311136,149.01166173,686840.8826252043,6290015.704423515,1713.0415195785386,far-field,D20171215,2017-12-15,0.8946938,1
D10136719100,-33.51197867,149.00684029,686395.4306993729,6290149.990722327,1299.7833769963152,far-field,D20171215,2017-12-15,0.796522,1
D10136719105,-33.51192976,149.00663215,686376.2004571365,6290155.788688201,1282.7444093123472,far-field,D20171215,2017-12-15,0.7133621,0
D10136719121,-33.51175714,149.00589829,686308.398674164,6290176.250040226,1221.3025462290136,far-field,D20171215,2017-12-15,0.77749705,1
D10136719127,-33.51169323,149.00562653,686283.2905022703,6290183.825534956,1197.5977918666338,far-field,D20171215,2017-12-15,0.9388377,1
D10136818979,-33.51326685,149.01176267,686849.9249133646,6289998.279331598,1731.22401188076,far-field,D20171215,2017-12-15,0.8508472,1
D10136818980,-33.51325646,149.0117185,686845.8441434389,6289999.511119051,1727.323194488903,far-field,D20171215,2017-12-15,0.88250595,1
D10136818981,-33.51324608,149.01167431,686841.7614931827,6290000.741831796,1723.4233647248652,far-field,D20171215,2017-12-15,0.6925535,0
D10136819106,-33.51204535,149.00656332,686369.5585366756,6290143.093904825,1288.0332495894238,far-field,D20171215,2017-12-15,0.77348393,1
D10136819107,-33.51203543,149.00652109,686365.6568635472,6290144.269876198,1284.6099937648403,far-field,D20171215,2017-12-15,0.79615045,1
D10136819133,-33.51175574,149.005332,686255.7960501502,6290177.422387028,1181.8353636579482,far-field,D20171215,2017-12-15,0.32409334,0
D10136819478,-33.5084035,148.99107089,684938.1446671316,6290574.689923288,601.2475459349318,far-field,D20171215,2017-12-15,0.8993014,1
D10136918910,-33.51400446,149.01434406,687088.1314457137,6289911.827508468,1970.4512037187694,far-field,D20171215,2017-12-15,0.56539834,0
D10136918981,-33.51336785,149.01163191,686837.5609169239,6289987.3143925555,1729.0339180610533,far-field,D20171215,2017-12-15,0.38845125,0
D10136919106,-33.51217015,149.00653367,686366.5364941759,6290129.307363591,1295.933758311742,far-field,D20171215,2017-12-15,0.41163793,0
D10136919131,-33.51190226,149.00539471,686261.3073893728,6290161.061294728,1197.1245558987307,far-field,D20171215,2017-12-15,0.8810196,1
D10136919133,-33.51188163,149.00530695,686253.1991464095,6290163.506680276,1189.5927982945866,far-field,D20171215,2017-12-15,0.59973246,0
D10136919139,-33.51182072,149.00504787,686229.2624540478,6290170.726575512,1167.4323716587226,far-field,D20171215,2017-12-15,0.26426873,0
D10136919478,-33.50852846,148.9910419,684935.1855869192,6290560.884105806,614.4013922867978,far-field,D20171215,2017-12-15,0.89744353,1
D10137018987,-33.51342433,149.0113119,686807.712584267,6289981.627431167,1710.4416523745847,far-field,D20171215,2017-12-15,0.9396552,1
D10137019110,-33.51225564,149.00633677,686348.0621449511,6290120.180657467,1288.3481825574402,far-field,D20171215,2017-12-15,0.851739,1
D10137019131,-33.51202889,149.00537279,686258.9996546421,6290147.05790496,1205.2284408530588,far-field,D20171215,2017-12-15,0.8824316,1
D10137019133,-33.51200775,149.00528289,686250.6937214488,6290149.563688999,1197.5515841475512,far-field,D20171215,2017-12-15,0.67219085,0
D10137019134,-33.51199725,149.00523824,686246.5684718087,6290150.808276825,1193.7438183040279,far-field,D20171215,2017-12-15,0.28596908,0
D10137019139,-33.5119454,149.00501774,686226.1962770855,6290156.95416866,1174.9905362123648,far-field,D20171215,2017-12-15,0.7102408,0
D10137019140,-33.51193516,149.00497419,686222.172648923,6290158.167937723,1171.2969188398251,far-field,D20171215,2017-12-15,0.31242567,0
D10137019164,-33.51171056,149.00401809,686133.8369305751,6290184.791421939,1091.152719934781,far-field,D20171215,2017-12-15,0.62700653,0
D10137019478,-33.50865372,148.99101421,684932.3466427766,6290547.042701103,627.5187966250285,far-field,D20171215,2017-12-15,0.9574168,1
D10137019480,-33.50863392,148.99093004,684924.5695395847,6290549.388494972,629.8428166572228,far-field,D20171215,2017-12-15,0.73149526,0
D10137019489,-33.5085408,148.99053421,684887.9957767635,6290560.420705274,640.771655884683,far-field,D20171215,2017-12-15,0.5095125,0
D10137118987,-33.51354558,149.01126728,686803.3069571892,6289968.261643799,1716.134408229162,far-field,D20171215,2017-12-15,0.9528835,1
D10137118988,-33.51353514,149.01122291,686799.2077244105,6289969.4993169,1712.2711171142737,far-field,D20171215,2017-12-15,0.50029725,0
D10137118991,-33.51350402,149.0110905,686786.9746157606,6289973.188885517,1700.7567088001558,far-field,D20171215,2017-12-15,0.8964774,1
D10137119110,-33.51238098,149.00630941,686345.2517083419,6290106.330112436,1295.6973221990463,far-field,D20171215,2017-12-15,0.44545186,0
D10137119111,-33.51237146,149.00626887,686341.5061819977,6290107.458679799,1292.191619468587,far-field,D20171215,2017-12-15,0.8003864,1
D10137119129,-33.51217815,149.00544703,686265.5761690221,6290130.372247251,1221.6305080179302,far-field,D20171215,2017-12-15,0.5572979,0
D10137119131,-33.51215581,149.00535207,686256.8027769679,6290133.020199825,1213.5468501944472,far-field,D20171215,2017-12-15,0.8152497,1
D10137119136,-33.51210144,149.00512094,686235.4485557732,6290139.464660771,1193.937088368307,far-field,D20171215,2017-12-15,0.90182817,1
D10137119140,-33.51205924,149.00494151,686218.8708888523,6290144.466645002,1178.7804640587076,far-field,D20171215,2017-12-15,0.79265755,1
D10137119167,-33.51180704,149.0038679,686119.6783161132,6290174.36170952,1089.4619433434882,far-field,D20171215,2017-12-15,0.6508621,0
D10137119479,-33.50876949,148.99094612,684925.7748201543,6290534.325721264,641.752957465256,far-field,D20171215,2017-12-15,0.8624405,1
D10137119480,-33.50875935,148.99090301,684921.791563838,6290535.52705885,642.9433722664891,far-field,D20171215,2017-12-15,0.8581302,1
D10137119489,-33.50866461,148.99050041,684884.5923786426,6290546.750978776,654.0565473332574,far-field,D20171215,2017-12-15,0.7090517,0
D10137219111,-33.51249531,149.00623525,686338.1174337484,6290093.784615185,1299.1286798847593,far-field,D20171215,2017-12-15,0.35255647,0
D10137219114,-33.51246497,149.00610619,686326.1935480708,6290097.381066063,1288.0346497142,far-field,D20171215,2017-12-15,0.6265606,0
D10137219116,-33.51244493,149.00602093,686318.3163438474,6290099.756589753,1280.7196517586963,far-field,D20171215,2017-12-15,0.62641203,0
D10137219132,-33.51227126,149.00528263,686250.1046664281,6290120.341962249,1217.8529270498493,far-field,D20171215,2017-12-15,0.6682521,0
D10137219133,-33.51225971,149.00523356,686245.5710860521,6290121.71092833,1213.7068550367494,far-field,D20171215,2017-12-15,0.6601516,0
D10137219137,-33.51221587,149.00504722,686228.3550675348,6290126.907208413,1198.0038555833573,far-field,D20171215,2017-12-15,0.13897146,0
D10137219481,-33.50887618,148.99083943,684915.6364761705,6290522.684483168,657.0529146946825,far-field,D20171215,2017-12-15,0.988481,1
D10137318944,-33.51422612,149.01304186,686966.6891559716,6289889.59460151,1890.6144737946236,far-field,D20171215,2017-12-15,0.34824613,0
D10137318989,-33.51376851,149.0110948,686786.8053862711,6289943.850222202,1720.6151965475337,far-field,D20171215,2017-12-15,0.4907848,0
D10137319114,-33.51258759,149.00606736,686322.3234826804,6290083.852758773,1294.694927159615,far-field,D20171215,2017-12-15,0.50014865,0
D10137319115,-33.51257734,149.00602374,686318.2934141534,6290085.067804672,1290.969980651068,far-field,D20171215,2017-12-15,0.7496284,0
D10137319116,-33.51256714,149.00598038,686314.2873900128,6290086.276836971,1287.269347883161,far-field,D20171215,2017-12-15,0.8129459,1
D10137319117,-33.51255713,149.00593778,686310.3515572173,6290087.463432081,1283.6373324224899,far-field,D20171215,2017-12-15,0.57647145,0
D10137319138,-33.51233031,149.0049735,686221.2615753046,6290114.348642467,1202.2307039851264,far-field,D20171215,2017-12-15,0.8478746,1
D10137319146,-33.51224808,149.00462379,686188.9516384321,6290124.09546623,1173.1381200507337,far-field,D20171215,2017-12-15,0.9794144,1
D10137319481,-33.50900323,148.99081926,684913.4923494867,6290508.63116464,669.9646388305504,far-field,D20171215,2017-12-15,0.42991975,0
D10137319482,-33.50899306,148.99077601,684909.496160976,6290509.836074034,671.1591926984693,far-field,D20171215,2017-12-15,0.44939062,0
D10137319483,-33.50898289,148.99073276,684905.499971557,6290511.040981726,672.3537484869254,far-field,D20171215,2017-12-15,0.4174346,0
D10137419483,-33.50910994,148.9907126,684903.3567899445,6290496.987643644,685.2649685748863,far-field,D20171215,2017-12-15,0.30558857,0
D10137519119,-33.51278315,149.00577835,686295.0567509293,6290062.685107426,1290.5309547776023,far-field,D20171215,2017-12-15,0.06651308,0
D10137519485,-33.50921438,148.99059641,684892.3407706204,6290485.612833243,700.8257844231817,far-field,D20171215,2017-12-15,0.89811236,1
D10137619119,-33.51290531,149.00573757,686291.0065829807,6290049.211304255,1297.469644497367,far-field,D20171215,2017-12-15,0.19411415,0
D10137619120,-33.51289461,149.00569209,686286.8047082698,6290050.479581638,1293.661051399169,far-field,D20171215,2017-12-15,0.8074465,1
D10137619121,-33.51288423,149.00564795,686282.726624371,6290051.709963623,1289.9685770494496,far-field,D20171215,2017-12-15,0.54198873,0
D10137619485,-33.50933963,148.99056865,684889.4954204189,6290471.772651835,713.945694878687,far-field,D20171215,2017-12-15,0.96276754,1
D10137718900,-33.51510683,149.01454929,687104.8215709294,6289789.20857407,2060.8355614783786,far-field,D20171215,2017-12-15,0.9880351,1
D10137719119,-33.51302805,149.00569927,686287.1855579579,6290035.668725451,1304.7295686617726,far-field,D20171215,2017-12-15,0.58925384,0
D10137719120,-33.51301754,149.00565456,686283.0548097669,6290036.914548174,1301.0061844735365,far-field,D20171215,2017-12-15,0.60255647,0
D10137819123,-33.51310941,149.00548495,686267.1021111517,6290027.0311637875,1297.5424783039414,far-field,D20171215,2017-12-15,0.40390903,0
D10137819137,-33.51296689,149.00487874,686211.0944670601,6290043.924633674,1247.8750338793668,far-field,D20171215,2017-12-15,0.6349584,0
D10137918883,-33.51552105,149.01519089,687163.5285092784,6289742.115384429,2136.0679118341614,far-field,D20171215,2017-12-15,0.61972356,0
D10137919123,-33.51323316,149.0054509,686263.6737589297,6290013.368939208,1305.4519436259297,far-field,D20171215,2017-12-15,0.39989597,0
D10138018891,-33.51556895,149.01483384,687130.2584549644,6289737.447782201,2113.860929662634,far-field,D20171215,2017-12-15,0.96774673,1
D10138019491,-33.50975122,148.99007872,684843.1065800601,6290427.002363885,776.8605079275501,far-field,D20171215,2017-12-15,0.9542212,1
D10138118873,-33.51585666,149.01549826,687191.3573311355,6289704.3427135665,2181.749534930668,far-field,D20171215,2017-12-15,0.72101665,0
D10138118898,-33.51562336,149.01450465,687099.562369369,6289732.00786897,2094.394212461108,far-field,D20171215,2017-12-15,0.96083534,1
D10138119491,-33.50986452,148.99000063,684835.6112331485,6290414.577061854,791.3596947625588,far-field,D20171215,2017-12-15,0.96365935,1
D10138119496,-33.50980437,148.98974532,684812.0216696216,6290421.702362884,798.4005619258322,far-field,D20171215,2017-12-15,0.710538,0
D10138218870,-33.51600753,149.01557971,687198.5981813567,6289687.464766981,2198.2434881737136,far-field,D20171215,2017-12-15,0.54436684,0
D10138218871,-33.51599822,149.01554009,687194.9379075082,6289688.568729287,2194.7517059822953,far-field,D20171215,2017-12-15,0.44567478,0
D10138219496,-33.50992276,148.9896887,684806.5100363882,6290408.6743267765,812.3106232089885,far-field,D20171215,2017-12-15,0.8593936,1
D10138318891,-33.51594852,149.01476673,687123.2068787205,6289695.475979425,2136.3698007751404,far-field,D20171215,2017-12-15,0.9880351,1
D10138318893,-33.51592742,149.01467699,687114.9162975628,6289697.977812236,2128.5347468154205,far-field,D20171215,2017-12-15,0.88116825,1
D10138418891,-33.51607758,149.01475505,687121.843901829,6289681.184781818,2144.940980018578,far-field,D20171215,2017-12-15,0.95778835,1
D10138419503,-33.51010739,148.98935297,684774.9291581591,6290388.797821327,846.2916338767267,far-field,D20171215,2017-12-15,0.9441885,1
D10138419504,-33.51009868,148.98931588,684771.5021452414,6290389.829794043,847.3171513614917,far-field,D20171215,2017-12-15,0.19693817,0
D10138819500,-33.51064102,148.98938059,684776.3601241757,6290329.571448104,894.9434736774573,far-field,D20171215,2017-12-15,0.9496879,1
D10138819508,-33.51055453,148.98901315,684742.4103054431,6290339.817325129,905.083927730784,far-field,D20171215,2017-12-15,0.8383621,1
D10139118874,-33.51711147,149.0152302,687163.7532753368,6289565.672764076,2254.3683026297304,far-field,D20171215,2017-12-15,0.656956,0
D10139118878,-33.51706942,149.01505131,687147.2268362289,6289570.658804642,2238.9914200578887,far-field,D20171215,2017-12-15,0.86927766,1
D10139518943,-33.51691666,149.0121582,686878.8153749048,6289592.816656264,2036.1786071002514,far-field,D20171215,2017-12-15,0.74071044,0
D10139618964,-33.51683549,149.01125192,686794.8057410382,6289603.450909901,1968.4433517420916,far-field,D20171215,2017-12-15,0.55692625,0
D10139618970,-33.51678166,149.01102259,686773.6190459583,6289609.83350924,1948.9452861636703,far-field,D20171215,2017-12-15,0.3627378,0
D10139718971,-33.51689134,149.01092879,686764.6701491772,6289597.83935021,1951.1892746170188,far-field,D20171215,2017-12-15,0.92323124,1
D10139719514,-33.5116021,148.9884254,684685.5838395001,6290224.693246169,1032.474322620255,far-field,D20171215,2017-12-15,0.9704964,1
D10139719521,-33.51152618,148.98810287,684655.7837757284,6290233.686696819,1041.3753319850846,far-field,D20171215,2017-12-15,0.951843,1
D10139818904,-33.5176634,149.01365464,687016.2117097487,6289507.308291348,2192.8092884024727,far-field,D20171215,2017-12-15,0.68764865,0
D10139818950,-33.51719759,149.01167248,686833.0926836759,6289562.537780065,2024.4414285688401,far-field,D20171215,2017-12-15,0.53128713,0
D10139819515,-33.51171668,148.98835232,684678.5515213333,6290212.116966889,1046.8445883284328,far-field,D20171215,2017-12-15,0.77199763,1
D10139819521,-33.51165401,148.98808597,684653.9421693026,6290219.541013894,1054.1975858286164,far-field,D20171215,2017-12-15,0.22220571,0
D10139918970,-33.51714102,149.01087027,686758.6974196332,6289570.256182206,1966.8460147446822,far-field,D20171215,2017-12-15,0.96061236,1
D10139919508,-33.51191809,148.98864813,684705.6025672451,6290189.254748659,1051.034309915587,far-field,D20171215,2017-12-15,0.27497026,0
D10139919509,-33.51190697,148.9886009,684701.2387926171,6290190.572015444,1052.3374710072296,far-field,D20171215,2017-12-15,0.9603151,1
D10139919515,-33.51184363,148.98833171,684676.3671138502,6290198.075480556,1059.7686146608744,far-field,D20171215,2017-12-15,0.7317925,0
D10139919516,-33.51183378,148.98828984,684672.4985483201,6290199.2423528265,1060.9246491845452,far-field,D20171215,2017-12-15,0.41238108,0
D10139919517,-33.51182401,148.98824829,684668.6595382245,6290200.399782104,1062.0722926547094,far-field,D20171215,2017-12-15,0.31681034,0
D10140018972,-33.51724762,149.01076311,686748.5141937475,6289558.627630447,1968.2657958112263,far-field,D20171215,2017-12-15,0.99189955,1
D10140018979,-33.51718715,149.01050543,686724.7084319048,6289565.797529213,1946.7615558158966,far-field,D20171215,2017-12-15,0.46744946,0
D10140118979,-33.51731164,149.01047448,686721.5658970162,6289552.047792196,1954.723025542199,far-field,D20171215,2017-12-15,0.17590666,0
D10140119515,-33.51210031,148.98830224,684673.0839137196,6290169.663295517,1085.293724099334,far-field,D20171215,2017-12-15,0.8399227,1
D10140119517,-33.51207874,148.98821061,684664.6178418164,6290172.218459373,1087.8223274143713,far-field,D20171215,2017-12-15,0.90442926,1
D10140119518,-33.51206798,148.98816491,684660.3954340632,6290173.4930613,1089.0832646053334,far-field,D20171215,2017-12-15,0.10486028,0
D10140119519,-33.51205721,148.98811913,684656.1656149952,6290174.768912711,1090.3472395623612,far-field,D20171215,2017-12-15,0.29124555,0
D10140218961,-33.51758137,149.01106301,686775.6540928235,6289521.075917676,2014.217221289506,far-field,D20171215,2017-12-15,0.5419144,0
D10140218964,-33.51755823,149.01096424,686766.5291919139,6289523.819946226,2005.9823515064973,far-field,D20171215,2017-12-15,0.80781806,1
D10140219516,-33.5122163,148.98823509,684666.5995130034,6290156.920087643,1099.5016431822748,far-field,D20171215,2017-12-15,0.33271402,0
D10140219517,-33.51220542,148.98818889,684662.330920213,6290158.208888455,1100.7761579173798,far-field,D20171215,2017-12-15,0.07818074,0
D10140219518,-33.51219422,148.98814129,684657.9329544285,6290159.535666455,1102.0902056134164,far-field,D20171215,2017-12-15,0.6055291,0
D10140219519,-33.5121831,148.98809407,684653.5701173756,6290160.852894213,1103.3928830391892,far-field,D20171215,2017-12-15,0.43571642,0
D10140219520,-33.51217208,148.98804725,684649.2442244568,6290162.158318265,1104.6850717067468,far-field,D20171215,2017-12-15,0.6108799,0
D10140219525,-33.51211418,148.98780144,684626.53290035,6290169.016761012,1111.4651290970717,far-field,D20171215,2017-12-15,0.6820749,0
D10140219527,-33.51208897,148.98769445,684616.6476953111,6290172.002884005,1114.4153819155285,far-field,D20171215,2017-12-15,0.39900416,0
D10140319509,-33.51241965,148.98853906,684694.4043113992,6290133.828227295,1103.4680328893194,far-field,D20171215,2017-12-15,0.91914386,1
D10140319517,-33.51233156,148.98816488,684659.8324236271,6290144.263277767,1113.7930934807227,far-field,D20171215,2017-12-15,0.1892836,0
D10140319520,-33.51229644,148.98801578,684646.0565384764,6290148.423380075,1117.905624782105,far-field,D20171215,2017-12-15,0.7148484,0
D10140319527,-33.51221077,148.98765219,684612.4631643624,6290158.571035476,1127.9318063322567,far-field,D20171215,2017-12-15,0.6237366,0
D10140418985,-33.51762906,149.01014295,686690.0880661968,6289517.4440229535,1959.4506405379818,far-field,D20171215,2017-12-15,0.0020065398,0
D10140518984,-33.51775992,149.0101393,686689.467767055,6289502.938720641,1969.9768368425632,far-field,D20171215,2017-12-15,0.31324315,0
D10140519520,-33.5125394,148.98792853,684637.4351779222,6290121.63553654,1145.0140737236636,far-field,D20171215,2017-12-15,0.13577586,0
D10140619510,-33.51277764,148.98838062,684678.925190816,6290094.41087527,1144.8950667069898,far-field,D20171215,2017-12-15,0.6848246,0
D10140619516,-33.51270861,148.98808751,684651.8438263912,6290102.587876104,1152.980657248285,far-field,D20171215,2017-12-15,0.14707194,0
D10140619517,-33.51269669,148.98803689,684647.1668763943,6290103.999871822,1154.3771816825827,far-field,D20171215,2017-12-15,0.24420333,0
D10140619518,-33.5126847,148.987986,684642.4649925961,6290105.420108569,1155.7805557784602,far-field,D20171215,2017-12-15,0.57416767,0
D10140619519,-33.51267264,148.98793482,684637.7363170905,6290106.848621912,1157.191772836729,far-field,D20171215,2017-12-15,0.08962545,0
D10140619520,-33.51266048,148.98788322,684632.9688374173,6290108.288970102,1158.614476822068,far-field,D20171215,2017-12-15,0.08962545,0
D10140619521,-33.51264838,148.98783184,684628.2216655964,6290109.722270507,1160.0318821926278,far-field,D20171215,2017-12-15,0.18846612,0
D10140619522,-33.51263661,148.98778186,684623.60384264,6290111.116480863,1161.4106968612305,far-field,D20171215,2017-12-15,0.6551724,0
D10140619529,-33.51255917,148.98745295,684593.2146589372,6290120.289670441,1170.4860460284135,far-field,D20171215,2017-12-15,0.2540131,0
D10140619530,-33.51254867,148.98740834,684589.092969019,6290121.533469003,1171.7172398177768,far-field,D20171215,2017-12-15,0.27682817,0
D10140719509,-33.51291097,148.98838729,684679.2613704292,6290079.61329872,1157.0623721480754,far-field,D20171215,2017-12-15,0.42434603,0
D10140719516,-33.51283379,148.98805945,684648.9711739287,6290088.7559330035,1166.1087237473278,far-field,D20171215,2017-12-15,0.44359395,0
D10140719517,-33.51282218,148.98801015,684644.4161912763,6290090.131200019,1167.4687507017043,far-field,D20171215,2017-12-15,0.43274376,0
D10140719518,-33.51281051,148.9879606,684639.8381115394,6290091.51356362,1168.8355713277645,far-field,D20171215,2017-12-15,0.39068073,0
D10140719519,-33.51279865,148.98791025,684635.1861194419,6290092.918419305,1170.2243137657338,far-field,D20171215,2017-12-15,0.11013674,0
D10140719521,-33.51277369,148.98780434,684625.4007903902,6290095.874908612,1173.1443103161964,far-field,D20171215,2017-12-15,0.49472353,0
D10140719528,-33.51269329,148.98746297,684593.860489713,6290105.398533401,1182.5609532399058,far-field,D20171215,2017-12-15,0.20184304,0
D10140719529,-33.51268267,148.98741782,684589.6888986826,6290106.6566010825,1183.8077120724527,far-field,D20171215,2017-12-15,0.20630202,0
D10140719530,-33.51267209,148.98737288,684585.5367293856,6290107.909857346,1185.047793374604,far-field,D20171215,2017-12-15,0.59252375,0
D10140818973,-33.51821958,149.01041419,686714.0139128501,6289451.4692669725,2024.9990725117145,far-field,D20171215,2017-12-15,0.5483056,0
D10140819517,-33.51294786,148.98798423,684641.7412813652,6290076.239997526,1180.5374044238674,far-field,D20171215,2017-12-15,0.33501783,0
D10140819520,-33.51291147,148.98782975,684627.4684210836,6290080.550492771,1184.7980360142371,far-field,D20171215,2017-12-15,0.19366825,0
D10140819521,-33.51289864,148.98777535,684622.4422752716,6290082.0701207,1186.2969860761048,far-field,D20171215,2017-12-15,0.30395362,0
D10140819523,-33.51287318,148.98766732,684612.4610824271,6290085.085818776,1189.2754031889,far-field,D20171215,2017-12-15,0.62336504,0
D10140819524,-33.51286119,148.98761642,684607.7582750946,6290086.506056612,1190.67928488737,far-field,D20171215,2017-12-15,0.11444709,0
D10140819529,-33.51280615,148.98738262,684586.1566868236,6290093.025873097,1197.1309759869507,far-field,D20171215,2017-12-15,0.39729488,0
D10140919516,-33.51308406,148.988003,684643.1954254247,6290061.102612597,1192.3727995562886,far-field,D20171215,2017-12-15,0.14640309,0
D10140919517,-33.51307376,148.98795922,684639.1504429933,6290062.3227772955,1193.5814856039437,far-field,D20171215,2017-12-15,0.2682075,0
D10140919518,-33.51306284,148.98791283,684634.8643254599,6290063.616341855,1194.8616731508275,far-field,D20171215,2017-12-15,0.05224435,0
D10140919520,-33.51303774,148.9878063,684625.0217303743,6290066.589461303,1197.7993191000642,far-field,D20171215,2017-12-15,0.42620394,0
D10140919523,-33.51299928,148.98764313,684609.9460331346,6290071.1449539075,1202.2974913113515,far-field,D20171215,2017-12-15,0.28990784,0
D10140919524,-33.51298719,148.98759183,684605.2062875701,6290072.576992352,1203.711861104737,far-field,D20171215,2017-12-15,0.489893,0
D10140919528,-33.5129406,148.98739404,684586.931872976,6290078.095649179,1209.1672862621524,far-field,D20171215,2017-12-15,0.7928805,1
D10140919529,-33.51292968,148.98734765,684582.6457427217,6290079.38918988,1210.4475007295798,far-field,D20171215,2017-12-15,0.46499702,0
D10140919530,-33.51291968,148.98730513,684578.7171548835,6290080.573817432,1211.6217630781096,far-field,D20171215,2017-12-15,0.62143284,0
D10141019521,-33.51315214,148.98773245,684617.9184468404,6290054.034475346,1212.1908846377185,far-field,D20171215,2017-12-15,0.1719679,0
D10141019523,-33.51312711,148.98762627,684608.1082215664,6290056.999192055,1215.1177215327084,far-field,D20171215,2017-12-15,0.43995243,0
D10141019524,-33.5131145,148.98757276,684603.164293532,6290058.492829204,1216.593097260233,far-field,D20171215,2017-12-15,0.53656363,0
D10141019529,-33.5130551,148.98732058,684579.8646495127,6290065.528853522,1223.5488548241244,far-field,D20171215,2017-12-15,0.17917657,0
D10141019530,-33.51304499,148.98727762,684575.8954277848,6290066.7264617495,1224.734655080639,far-field,D20171215,2017-12-15,0.14952438,0
D10141119515,-33.51334618,148.98799682,684642.0642559659,6290032.045682324,1217.2511747092904,far-field,D20171215,2017-12-15,0.58969975,0
D10141119520,-33.51328887,148.98775345,684619.5786473146,6290038.834350809,1223.9651943928538,far-field,D20171215,2017-12-15,0.59252375,0
D10141119523,-33.51325255,148.98759931,684605.3372708673,6290043.136447585,1228.2155011980367,far-field,D20171215,2017-12-15,0.54436684,0
D10141119528,-33.51319065,148.9873366,684581.0648115993,6290050.46845815,1235.4598286100127,far-field,D20171215,2017-12-15,0.2800981,0
D10141119529,-33.51318049,148.98729344,684577.0771239139,6290051.671967881,1236.6508701735243,far-field,D20171215,2017-12-15,0.056331746,0
D10141119530,-33.5131704,148.98725054,684573.1134388617,6290052.867250529,1237.8355631497677,far-field,D20171215,2017-12-15,0.3858502,0
D10141219016,-33.51831817,149.00858972,686544.3301262996,6289443.819552695,1925.2690991931545,far-field,D20171215,2017-12-15,0.24695303,0
D10141219515,-33.51347223,148.98797243,684639.5306985797,6290018.110723702,1230.2785233801153,far-field,D20171215,2017-12-15,0.6034483,0
D10141219528,-33.51331715,148.98731413,684578.7087394361,6290036.48016751,1248.43397057035,far-field,D20171215,2017-12-15,0.47324613,0
D10141219529,-33.51330674,148.9872699,684574.6221929239,6290037.713304635,1249.654713589956,far-field,D20171215,2017-12-15,0.10344828,0
D10141319014,-33.51845972,149.0086315,686547.9069902096,6289428.047044376,1940.0847189862216,far-field,D20171215,2017-12-15,0.3608799,0
D10141319016,-33.51844254,149.00855829,686541.1435489464,6289430.083938591,1934.4420255302164,far-field,D20171215,2017-12-15,0.42129904,0
D10141319514,-33.51360823,148.98799037,684640.9081538145,6290002.996994387,1242.1363978218067,far-field,D20171215,2017-12-15,0.18214923,0
D10141319518,-33.51355947,148.98778339,684621.7848164217,6290008.7727287095,1247.844655170508,far-field,D20171215,2017-12-15,0.15346314,0
D10141319520,-33.51353375,148.98767429,684611.7048582319,6290011.81916718,1250.8517931798717,far-field,D20171215,2017-12-15,0.3709126,0
D10141319524,-33.51348802,148.9874801,684593.7631518533,6290017.236064408,1256.2089688206756,far-field,D20171215,2017-12-15,0.1504905,0
D10141319528,-33.5134436,148.98729144,684576.3323422405,6290022.497812616,1261.4143488891843,far-field,D20171215,2017-12-15,0.72599584,0
D10141319529,-33.51343296,148.98724623,684572.1552550562,6290023.758199014,1262.6621984189323,far-field,D20171215,2017-12-15,0.07929548,0
D10141419022,-33.51851154,149.00829103,686516.1701060643,6289422.9128418695,1925.634906905663,far-field,D20171215,2017-12-15,0.3111623,0
D10141419513,-33.51374465,148.98801003,684642.4444855575,6289987.83362608,1253.948229011188,far-field,D20171215,2017-12-15,0.32996434,0
D10141419514,-33.51373339,148.9879622,684638.0253594165,6289989.167461798,1255.2680364311366,far-field,D20171215,2017-12-15,0.3508472,0
D10141419515,-33.51372188,148.98791335,684633.5120129188,6289990.530835159,1256.6150662135035,far-field,D20171215,2017-12-15,0.29852855,0
D10141419517,-33.51369513,148.9877999,684623.0301826946,6289993.699252964,1259.7416577959136,far-field,D20171215,2017-12-15,0.21469976,0
D10141419518,-33.51368179,148.98774332,684617.8026603073,6289995.279318019,1261.3010384610252,far-field,D20171215,2017-12-15,0.21328776,0
D10141419519,-33.51366853,148.98768706,684612.6046920526,6289996.849938909,1262.8520297681816,far-field,D20171215,2017-12-15,0.8914982,1
D10141419521,-33.51364393,148.98758266,684602.9589605374,6289999.763799548,1265.730746432697,far-field,D20171215,2017-12-15,0.08888228,0
D10141419525,-33.51359837,148.98738918,684585.0828659681,6290005.160565485,1271.0685999789296,far-field,D20171215,2017-12-15,0.8827289,1
D10141519022,-33.51863431,149.00825287,686512.361873965,6289409.3667586185,1934.4880007697589,far-field,D20171215,2017-12-15,0.40442926,0
D10141519023,-33.51862496,149.00821306,686508.6840835859,6289410.475239517,1931.46585493578,far-field,D20171215,2017-12-15,0.33568668,0
D10141519025,-33.51860578,149.0081314,686501.1400398007,6289412.749096079,1925.275759594681,far-field,D20171215,2017-12-15,0.6601516,0
D10141519515,-33.51384369,148.98787111,684629.3293524918,6289977.097848346,1270.1314108849724,far-field,D20171215,2017-12-15,0.43868905,0
D10141519516,-33.51383027,148.98781419,684624.0704266764,6289978.687394186,1271.7001685900343,far-field,D20171215,2017-12-15,0.41238108,0
D10141519517,-33.51381681,148.9877571,684618.795792547,6289980.281675516,1273.2736225411313,far-field,D20171215,2017-12-15,0.113035075,0
D10141519518,-33.51380333,148.98769994,684613.5146968509,6289981.878296394,1274.8486813710997,far-field,D20171215,2017-12-15,0.5720868,0
D10141519519,-33.51378986,148.98764283,684608.2382229511,6289983.473716345,1276.4221978539294,far-field,D20171215,2017-12-15,0.46469977,0
D10141519521,-33.51376587,148.987541,684598.8299420581,6289986.315352572,1279.2304605335776,far-field,D20171215,2017-12-15,0.13562723,0
D10141519522,-33.5137541,148.98749103,684594.2131052123,6289987.709533685,1280.6087566450005,far-field,D20171215,2017-12-15,0.5393133,0
D10141519523,-33.5137424,148.98744134,684589.6221283693,6289989.095451491,1281.979711711028,far-field,D20171215,2017-12-15,0.5167212,0
D10141519525,-33.51371946,148.98734392,684580.6212634415,6289991.81278016,1284.667411749766,far-field,D20171215,2017-12-15,0.89618015,1
D10141619023,-33.51874774,149.00817489,686504.8749152937,6289396.928062773,1940.3942313942052,far-field,D20171215,2017-12-15,0.73617715,0
D10141619025,-33.51872892,149.00809475,686497.4712981418,6289399.159260538,1934.3465124733907,far-field,D20171215,2017-12-15,0.6371879,0
D10141619026,-33.51871946,149.00805447,686493.7500893155,6289400.280779706,1931.3112845428655,far-field,D20171215,2017-12-15,0.88354635,1
D10141619516,-33.51395131,148.98776873,684619.5903060522,6289965.345525385,1285.3042378386153,far-field,D20171215,2017-12-15,0.4054697,0
D10141619518,-33.51392435,148.98765437,684609.024414347,6289968.538837033,1288.4563346047946,far-field,D20171215,2017-12-15,0.50297266,0
D10141619519,-33.51391167,148.98760057,684604.0537428118,6289970.040755698,1289.9395226442862,far-field,D20171215,2017-12-15,0.31517538,0
D10141619521,-33.51388729,148.9874971,684594.4939593168,6289972.928556657,1292.7926685605746,far-field,D20171215,2017-12-15,0.12938467,0
D10141619523,-33.51386323,148.98739498,684585.0588956531,6289975.778458606,1295.6087783599576,far-field,D20171215,2017-12-15,0.13637039,0
D10141619524,-33.51385162,148.98734567,684580.503031542,6289977.153715372,1296.9692992154826,far-field,D20171215,2017-12-15,0.10649525,0
D10141719025,-33.51885349,149.00806415,686494.3614652973,6289385.399961725,1943.9318438727903,far-field,D20171215,2017-12-15,0.6228448,0
D10141719026,-33.51884412,149.00802426,686490.6762945848,6289386.510797899,1940.9387240404212,far-field,D20171215,2017-12-15,0.18363555,0
D10141719520,-33.51402057,148.98750357,684594.8117764055,6289958.136886724,1304.9651540879042,far-field,D20171215,2017-12-15,0.40086207,0
D10141719521,-33.51400812,148.98745075,684589.9316544569,6289959.611548016,1306.4212374708773,far-field,D20171215,2017-12-15,0.23208977,0
D10141719523,-33.51398382,148.98734762,684580.4032916599,6289962.489858525,1309.265004906266,far-field,D20171215,2017-12-15,0.039759215,0
D10141719524,-33.51397277,148.98730068,684576.0663987211,6289963.79879399,1310.5603191703692,far-field,D20171215,2017-12-15,0.015680738,0
D10141719525,-33.51396178,148.98725397,684571.750742503,6289965.1006644,1311.8498377885937,far-field,D20171215,2017-12-15,0.42122474,0
D10141719526,-33.5139508,148.98720734,684567.442495374,6289966.401281498,1313.136323060678,far-field,D20171215,2017-12-15,0.38525563,0
D10141819024,-33.51898793,149.00807553,686495.1298659374,6289370.470618506,1956.7125393800634,far-field,D20171215,2017-12-15,0.2851516,0
D10141819025,-33.51897878,149.0080366,686491.5334008049,6289371.555331614,1953.8003309771268,far-field,D20171215,2017-12-15,0.16542806,0
D10141819026,-33.51896961,149.00799754,686487.9249025017,6289372.642495057,1950.8822573744421,far-field,D20171215,2017-12-15,0.25951248,0
D10141819518,-33.51416734,148.98756724,684600.4143615745,6289941.747424595,1315.5615364823502,far-field,D20171215,2017-12-15,0.3028389,0
D10141819519,-33.51415473,148.98751376,684595.473279902,6289943.241007169,1317.035390515791,far-field,D20171215,2017-12-15,0.28336802,0
D10141819521,-33.51412952,148.98740677,684585.5883043747,6289946.227108948,1319.9855346699046,far-field,D20171215,2017-12-15,0.34653687,0
D10141819522,-33.51411717,148.98735438,684580.7479186924,6289947.689910952,1321.4296383007147,far-field,D20171215,2017-12-15,0.667286,0
D10141819523,-33.51410608,148.98730725,684576.3934680613,6289949.003620857,1322.7306345932934,far-field,D20171215,2017-12-15,0.14959869,0
D10141819529,-33.51403993,148.98702626,684550.4321904893,6289956.839403375,1330.484323154514,far-field,D20171215,2017-12-15,0.10567776,0
D10141919023,-33.51912236,149.00808691,686495.8982837455,6289355.542383767,1969.5228541341362,far-field,D20171215,2017-12-15,0.4649227,0
D10141919024,-33.5191132,149.00804787,686492.2916282497,6289356.628404223,1966.6132232831158,far-field,D20171215,2017-12-15,0.26880202,0
D10141919025,-33.51910406,149.00800895,686488.6960755594,6289357.711989562,1963.714694272007,far-field,D20171215,2017-12-15,0.40821937,0
D10141919026,-33.51909495,149.00797015,686485.1116042149,6289358.792030831,1960.8281625160514,far-field,D20171215,2017-12-15,0.6951546,0
D10141919516,-33.51431409,148.98763087,684606.0132524277,6289925.360247105,1326.158045900331,far-field,D20171215,2017-12-15,0.1021849,0
D10141919518,-33.51428901,148.98752441,684596.1772548346,6289928.331000945,1329.0940338819505,far-field,D20171215,2017-12-15,0.35552913,0
D10141919519,-33.51427642,148.98747099,684591.2417107181,6289929.822256943,1330.5667809814681,far-field,D20171215,2017-12-15,0.39447087,0
D10141919521,-33.51425126,148.98736423,684581.3780072029,6289932.802400863,1333.5101858156038,far-field,D20171215,2017-12-15,0.16431332,0
D10141919522,-33.51424036,148.98731792,684577.0993314009,6289934.093581859,1334.7882655320059,far-field,D20171215,2017-12-15,0.39855826,0
D10141919523,-33.5142296,148.98727224,684572.8788791696,6289935.368114332,1336.0481839601416,far-field,D20171215,2017-12-15,0.36793995,0
D10141919526,-33.51419716,148.98713442,684560.1454004054,6289939.210831695,1339.8516902188055,far-field,D20171215,2017-12-15,0.661415,0
D10142019023,-33.51924756,149.00805895,686493.0323316734,6289341.708471828,1979.4405152152053,far-field,D20171215,2017-12-15,0.5367122,0
D10142019024,-33.51923819,149.00801908,686489.3490356974,6289342.819272324,1976.4801554832418,far-field,D20171215,2017-12-15,0.35411713,0
D10142019025,-33.51922886,149.00797933,686485.6767995423,6289343.925419724,1973.5328297738677,far-field,D20171215,2017-12-15,0.5915577,0
D10142019026,-33.51921956,149.00793971,686482.0165735537,6289345.028005013,1970.5981379871464,far-field,D20171215,2017-12-15,0.609022,0
D10142019027,-33.51921015,149.00789968,686478.3184991926,6289346.14352476,1967.6349154225934,far-field,D20171215,2017-12-15,0.38131687,0
D10142019519,-33.5143971,148.987424,684586.6202937777,6289916.523020448,1344.2130624528593,far-field,D20171215,2017-12-15,0.35463732,0
D10142019520,-33.51438522,148.9873736,684581.9637799356,6289917.930161042,1345.6023872847657,far-field,D20171215,2017-12-15,0.35054994,0
D10142019521,-33.51437446,148.98732785,684577.7368330196,6289919.204820596,1346.8657757043395,far-field,D20171215,2017-12-15,0.21477407,0
D10142019522,-33.51436401,148.98728346,684573.6355595863,6289920.442680247,1348.0906854217578,far-field,D20171215,2017-12-15,0.5350773,0
D10142019523,-33.51435354,148.98723897,684569.5250384873,6289921.682933983,1349.318688562285,far-field,D20171215,2017-12-15,0.61206895,0
D10142019526,-33.5143219,148.98710452,684557.1029238487,6289925.430934294,1353.0298188590284,far-field,D20171215,2017-12-15,0.7144025,0
D10142019527,-33.51431128,148.98705936,684552.9304798672,6289926.689007372,1354.2770428351403,far-field,D20171215,2017-12-15,0.521849,0
D10142119020,-33.51940057,149.0081494,686501.1054337488,6289324.577578616,1998.180495528908,far-field,D20171215,2017-12-15,0.9952437,1
D10142119026,-33.51934389,149.00790812,686478.8153311058,6289331.297097311,1980.3347249489805,far-field,D20171215,2017-12-15,0.265978,0
D10142119027,-33.51933446,149.00786796,686475.1052294594,6289332.415067765,1977.3757311652373,far-field,D20171215,2017-12-15,0.289239,0
D10142119521,-33.51449829,148.98729412,684574.3404925212,6289905.532658739,1360.1488140555148,far-field,D20171215,2017-12-15,0.20043103,0
D10142119523,-33.51447789,148.98720743,684566.3310376952,6289907.949206701,1362.541707854145,far-field,D20171215,2017-12-15,0.51798457,0
D10142119524,-33.51446764,148.98716384,684562.3036566224,6289909.163458893,1363.745637840759,far-field,D20171215,2017-12-15,0.4379459,0
D10142119525,-33.51445734,148.98712008,684558.2605892341,6289910.383556653,1364.9533253139834,far-field,D20171215,2017-12-15,0.29823127,0
D10142119531,-33.51439467,148.98685376,684533.6547396219,6289917.807275925,1372.304667906224,far-field,D20171215,2017-12-15,0.398261,0
D10142219024,-33.51948704,149.00795664,686483.0148665344,6289315.335058861,1996.0108247707415,far-field,D20171215,2017-12-15,0.36192033,0
D10142219026,-33.51946847,149.00787756,686475.7092330812,6289317.5366124,1990.19992122055,far-field,D20171215,2017-12-15,0.26924792,0
D10142219027,-33.51945924,149.00783824,686472.0767322831,6289318.630892129,1987.3155241494142,far-field,D20171215,2017-12-15,0.13934304,0
D10142219521,-33.51462242,148.98726167,684571.0624241615,6289891.824949195,1373.396403701069,far-field,D20171215,2017-12-15,0.3093787,0
D10142219523,-33.51460255,148.98717719,684563.25714512,6289894.178787392,1375.7292227143553,far-field,D20171215,2017-12-15,0.010998811,0
D10142219524,-33.5145926,148.98713486,684559.3461759121,6289895.357527649,1376.8986984460232,far-field,D20171215,2017-12-15,0.054325208,0
D10142219525,-33.51458254,148.98709211,684555.3964249776,6289896.549212182,1378.0787226420068,far-field,D20171215,2017-12-15,0.33145064,0
D10142319024,-33.51961121,149.00792434,686479.7480228362,6289301.623171493,2005.7743481670361,far-field,D20171215,2017-12-15,0.14781511,0
D10142319025,-33.51960222,149.00788602,686476.2079001248,6289302.68903967,2002.9700045738014,far-field,D20171215,2017-12-15,0.39395064,0
D10142319026,-33.51959321,149.00784766,686472.6641041702,6289303.757196367,2000.1646599126232,far-field,D20171215,2017-12-15,0.7003567,0
D10142319027,-33.51958416,149.00780913,686469.104602607,6289304.830093269,1997.3498150955966,far-field,D20171215,2017-12-15,0.75059456,0
D10142319516,-33.5147978,148.98744705,684587.9100435876,6289872.046159318,1380.6303692020995,far-field,D20171215,2017-12-15,0.11348098,0
D10142319520,-33.5147562,148.98727023,684571.5733453057,6289876.974112469,1385.511953179648,far-field,D20171215,2017-12-15,0.3508472,0
D10142319525,-33.51470638,148.98705842,684552.0038163936,6289882.875863612,1391.3606967635583,far-field,D20171215,2017-12-15,0.42501485,0
D10142319527,-33.51468619,148.98697259,684544.0738171368,6289885.267575305,1393.7305734027818,far-field,D20171215,2017-12-15,0.2066736,0
D10142319531,-33.5146462,148.98680256,684528.3643929724,6289890.004829123,1398.4259585929137,far-field,D20171215,2017-12-15,0.28433412,0
D10142419018,-33.51979226,149.00813419,686498.8515699494,6289281.1680211425,2033.3067068774815,far-field,D20171215,2017-12-15,0.9800832,1
D10142419024,-33.51973585,149.00789402,686476.6640934815,6289287.8556013,2015.7340176115729,far-field,D20171215,2017-12-15,0.4082937,0
D10142419025,-33.51972686,149.00785572,686473.1258334176,6289288.921432608,2012.9427084113436,far-field,D20171215,2017-12-15,0.4662604,0
D10142419026,-33.51971787,149.00781741,686469.5866437755,6289289.987280564,2010.1538070376355,far-field,D20171215,2017-12-15,0.7905767,1
D10142419027,-33.51970887,149.00777911,686466.0484037618,6289291.054218164,2007.3674189006265,far-field,D20171215,2017-12-15,0.8344233,1
D10142419513,-33.51495809,148.98756804,684598.8083832719,6289854.055363836,1389.6475551758617,far-field,D20171215,2017-12-15,0.71908444,0
D10142419519,-33.51489057,148.98728129,684572.3152380575,6289862.053397713,1397.558657454512,far-field,D20171215,2017-12-15,0.65524673,0
D10142419520,-33.51488028,148.98723755,684568.2740284875,6289863.272356123,1398.7662730672982,far-field,D20171215,2017-12-15,0.32766053,0
D10142419522,-33.51486018,148.98715211,684560.3800854112,6289865.653407512,1401.125195403737,far-field,D20171215,2017-12-15,0.37076396,0
D10142419523,-33.51485024,148.98710985,684556.4756089338,6289866.830913614,1402.2921263610478,far-field,D20171215,2017-12-15,0.13956599,0
D10142419524,-33.51484008,148.98706665,684552.4842809632,6289868.034487847,1403.4851184776146,far-field,D20171215,2017-12-15,0.15584126,0
D10142419525,-33.51482969,148.98702251,684548.4061226795,6289869.265239054,1404.7032344762217,far-field,D20171215,2017-12-15,0.67025864,0
D10142419527,-33.51480904,148.98693473,684540.2959728825,6289871.711430038,1407.126827694115,far-field,D20171215,2017-12-15,0.55321044,0
D10142419530,-33.51477834,148.98680424,684528.2397690825,6289875.348107558,1410.7294095599084,far-field,D20171215,2017-12-15,0.32743758,0
D10142419531,-33.51476799,148.98676027,684524.1773117839,6289876.574109934,1411.9428444838072,far-field,D20171215,2017-12-15,0.46596313,0
D10142519025,-33.51985149,149.00782537,686470.0391510718,6289275.155023553,2022.9611826574776,far-field,D20171215,2017-12-15,0.61667657,0
D10142519027,-33.51983351,149.00774876,686462.9617097653,6289277.286698338,2017.410792635875,far-field,D20171215,2017-12-15,0.82780915,1
D10142519518,-33.51502898,148.98730935,684574.6276949845,6289846.654409195,1409.139828277713,far-field,D20171215,2017-12-15,0.49918252,0
D10142519519,-33.51501806,148.98726297,684570.3425977305,6289847.947931469,1410.419489341569,far-field,D20171215,2017-12-15,0.20318073,0
D10142519520,-33.51500724,148.98721702,684566.0972302408,6289849.229596984,1411.687172123371,far-field,D20171215,2017-12-15,0.41000298,0
D10142519523,-33.51497538,148.98708165,684553.5902175079,6289853.003631458,1415.423316363836,far-field,D20171215,2017-12-15,0.15851665,0
D10142519524,-33.51496494,148.98703724,684549.487091403,6289854.240408681,1416.6501497571755,far-field,D20171215,2017-12-15,0.14781511,0
D10142519531,-33.51489039,148.9867205,684520.2230315674,6289863.071259331,1425.3917589284613,far-field,D20171215,2017-12-15,0.3873365,0
D10142619024,-33.51998549,149.00783493,686470.6394575516,6289260.277748376,2035.9122381213047,far-field,D20171215,2017-12-15,0.43995243,0
D10142619025,-33.51997614,149.00779511,686466.9607928062,6289261.386233866,2033.034591197737,far-field,D20171215,2017-12-15,0.12009513,0
D10142619507,-33.51528115,148.98782054,684621.5768778247,6289817.779980599,1407.3920764870554,far-field,D20171215,2017-12-15,0.39811236,0
D10142619519,-33.5151451,148.98724276,684568.1953532641,6289833.895731373,1423.3319965561845,far-field,D20171215,2017-12-15,0.4195898,0
D10142619520,-33.51513371,148.98719438,684563.7254773264,6289835.244931189,1424.6669222742055,far-field,D20171215,2017-12-15,0.3179994,0
D10142619523,-33.5151008,148.9870546,684550.8110628326,6289839.143251348,1428.523639593195,far-field,D20171215,2017-12-15,0.40710464,0
D10142619524,-33.51509059,148.98701117,684546.798487281,6289840.352777806,1429.7233622818635,far-field,D20171215,2017-12-15,0.122101665,0
D10142619525,-33.51508034,148.98696763,684542.7757777539,6289841.566934105,1430.9248000915875,far-field,D20171215,2017-12-15,0.1436534,0
D10142619530,-33.51502711,148.98674146,684521.8796328225,6289847.87233291,1437.1670503310677,far-field,D20171215,2017-12-15,0.80090666,1
D10142619531,-33.51501575,148.98669319,684517.4198994433,6289849.217988081,1438.4993503251276,far-field,D20171215,2017-12-15,0.8978151,1
D10142719017,-33.52018007,149.00810222,686495.0492681048,6289238.218881746,2067.538151760094,far-field,D20171215,2017-12-15,0.9442628,1
D10142719025,-33.52010038,149.00776308,686463.7189131838,6289247.666093571,2043.0290001108228,far-field,D20171215,2017-12-15,0.109690845,0
D10142719026,-33.52009068,149.00772181,686459.9063189534,6289248.815997619,2040.061975119413,far-field,D20171215,2017-12-15,0.66676575,0
D10142719027,-33.52008106,149.00768085,686456.1223469224,6289249.956471003,2037.1213307799592,far-field,D20171215,2017-12-15,0.66394174,0
D10142719495,-33.51553611,148.98834387,684669.6475498843,6289788.574293915,1406.323526459405,far-field,D20171215,2017-12-15,0.9355678,1
D10142719521,-33.51525137,148.98713427,684557.8918191426,6289822.303936053,1438.681637212304,far-field,D20171215,2017-12-15,0.31963438,0
D10142719524,-33.51521739,148.98698994,684544.557039161,6289826.329003852,1442.6640104981705,far-field,D20171215,2017-12-15,0.13696492,0
D10142719525,-33.51520653,148.98694382,684540.295972197,6289827.615396634,1443.93639152269,far-field,D20171215,2017-12-15,0.25386444,0
D10142719526,-33.51519591,148.98689871,684536.1282144013,6289828.873375393,1445.1811139454044,far-field,D20171215,2017-12-15,0.3119798,0
D10142719530,-33.51515227,148.98671331,684518.9988971488,6289834.042735567,1450.2976094282658,far-field,D20171215,2017-12-15,0.6258175,0
D10142719531,-33.51514039,148.9866629,684514.3414873952,6289835.4498627605,1451.6874387492614,far-field,D20171215,2017-12-15,0.59512484,0
D10142819025,-33.52022409,149.00772885,686460.2738294438,6289234.00868329,2052.9127905108935,far-field,D20171215,2017-12-15,0.17850773,0
D10142819026,-33.52021414,149.00768653,686456.3642466156,6289235.188198309,2049.8834093597075,far-field,D20171215,2017-12-15,0.616305,0
D10142819027,-33.52020425,149.00764443,686452.4749690793,6289236.360662345,2046.8741900239136,far-field,D20171215,2017-12-15,0.3709126,0
D10142819520,-33.51539246,148.98717364,684561.2491864404,6289806.5876232255,1449.9523536452225,far-field,D20171215,2017-12-15,0.6035969,0
D10142819521,-33.51538133,148.98712635,684556.8800214264,6289807.906047802,1451.2575162887524,far-field,D20171215,2017-12-15,0.21202438,0
D10142819526,-33.51531965,148.98686458,684532.6949898377,6289815.2118934225,1458.4755460991535,far-field,D20171215,2017-12-15,0.4443371,0
D10142819530,-33.51527376,148.98666972,684514.6917260007,6289820.647594446,1463.8509195850784,far-field,D20171215,2017-12-15,0.41736028,0
D10142819531,-33.51526231,148.98662111,684510.2006129301,6289822.003832348,1465.1916636903275,far-field,D20171215,2017-12-15,0.50208086,0
D10142919024,-33.52035787,149.00773748,686460.7882313859,6289219.157477881,2065.903026508135,far-field,D20171215,2017-12-15,0.35552913,0
D10142919027,-33.52032787,149.00760984,686448.9966584387,6289222.713876667,2056.8073036863634,far-field,D20171215,2017-12-15,0.4881837,0
D10142919520,-33.51551784,148.9871464,684558.4524642273,6289792.73201846,1463.0583635700214,far-field,D20171215,2017-12-15,0.72562426,0
D10142919524,-33.51546838,148.98693653,684539.0625475581,6289798.59037633,1468.8444328161693,far-field,D20171215,2017-12-15,0.51441735,0
D10142919531,-33.51538454,148.98658065,684506.1826350604,6289808.521056604,1478.6588933726,far-field,D20171215,2017-12-15,0.24308859,0
D10142919532,-33.51537331,148.98653294,684501.774661395,6289809.851292602,1479.9755649659976,far-field,D20171215,2017-12-15,0.4763674,0
D10142919537,-33.5153157,148.98628833,684479.174957751,6289816.675128663,1486.7230506561143,far-field,D20171215,2017-12-15,0.73119795,0
D10143019014,-33.52058588,149.00814689,686498.3271025838,6289193.135769114,2107.6052523721655,far-field,D20171215,2017-12-15,0.966409,1
D10143019018,-33.52054326,149.00796565,686481.5839888032,6289198.188121335,2094.592008614909,far-field,D20171215,2017-12-15,0.75029725,0
D10143019024,-33.5204818,149.00770418,686457.429070276,6289205.473997183,2075.936578583073,far-field,D20171215,2017-12-15,0.16438763,0
D10143019025,-33.52047172,149.00766129,686453.4668331355,6289206.668953023,2072.889888465113,far-field,D20171215,2017-12-15,0.37106124,0
D10143019026,-33.52046136,149.00761724,686449.3974485156,6289207.897043899,2069.764047410647,far-field,D20171215,2017-12-15,0.44738406,0
D10143019027,-33.52045088,149.00757266,686445.2790910046,6289209.13939351,2066.605125170218,far-field,D20171215,2017-12-15,0.7907996,1
D10143019028,-33.52044036,149.00752791,686441.1450277865,6289210.386482821,2063.4383098479348,far-field,D20171215,2017-12-15,0.89030915,1
D10143019521,-33.51562953,148.98706116,684550.2971754982,6289780.497786926,1477.761426698655,far-field,D20171215,2017-12-15,0.08152497,0
D10143019525,-33.51557779,148.98684167,684530.0185148345,6289786.626088337,1483.811514250679,far-field,D20171215,2017-12-15,0.37670928,0
D10143019531,-33.51550742,148.98654293,684502.4178071442,6289794.961322714,1492.0509763036991,far-field,D20171215,2017-12-15,0.40227407,0
D10143019532,-33.51549577,148.98649345,684497.8463147567,6289796.341282235,1493.416176660417,far-field,D20171215,2017-12-15,0.5340369,0
D10143119021,-33.52063678,149.00780293,686466.2688217257,6289188.109737279,2095.381531821229,far-field,D20171215,2017-12-15,0.91617125,1
D10143119024,-33.52060567,149.00767061,686454.0449668018,6289191.797654736,2085.998262507261,far-field,D20171215,2017-12-15,0.90851665,1
D10143119025,-33.52059544,149.00762711,686450.0263967747,6289193.010340704,2082.92114166891,far-field,D20171215,2017-12-15,0.59192926,0
D10143119026,-33.52058524,149.0075837,686446.016121152,6289194.219536238,2079.855131999788,far-field,D20171215,2017-12-15,0.4275416,0
D10143119027,-33.52057499,149.00754011,686441.9892325064,6289195.434598511,2076.7796254630207,far-field,D20171215,2017-12-15,0.76709276,1
D10143119028,-33.52056471,149.00749637,686437.9484744666,6289196.653255634,2073.698027864972,far-field,D20171215,2017-12-15,0.7723692,1
D10143119521,-33.51575222,148.98702263,684546.4574544958,6289766.9605790395,1491.1759431302894,far-field,D20171215,2017-12-15,0.124405466,0
D10143119522,-33.51573949,148.9869686,684541.4656231072,6289768.468424029,1492.6658350580653,far-field,D20171215,2017-12-15,0.13785672,0
D10143119525,-33.51570118,148.98680606,684526.4485745913,6289773.006051203,1497.146627708551,far-field,D20171215,2017-12-15,0.17531213,0
D10143119526,-33.51568907,148.98675467,684521.7006516882,6289774.440433091,1498.563543859987,far-field,D20171215,2017-12-15,0.4580113,0
D10143119531,-33.51562998,148.98650384,684498.5264077978,6289781.439511385,1505.4810952108799,far-field,D20171215,2017-12-15,0.35508323,0
D10143219021,-33.52076028,149.00776783,686462.7433889298,6289174.477180194,2105.3396643191463,far-field,D20171215,2017-12-15,0.2769025,0
D10143219022,-33.52074977,149.00772314,686458.6148943927,6289175.723060958,2102.1801442777323,far-field,D20171215,2017-12-15,0.8622176,1
D10143219023,-33.52073932,149.00767868,686454.5076337757,6289176.961872561,2099.0415182369193,far-field,D20171215,2017-12-15,0.7184899,0
D10143219024,-33.52072912,149.00763529,686450.4992231512,6289178.1710343445,2095.982222018439,far-field,D20171215,2017-12-15,0.8387337,1
D10143219026,-33.52070946,149.00755161,686442.7687561847,6289180.501715706,2090.094312492792,far-field,D20171215,2017-12-15,0.44403982,0
D10143219027,-33.52069949,149.00750918,686438.8490194102,6289181.683640277,2087.114301909717,far-field,D20171215,2017-12-15,0.8652646,1
D10143219522,-33.51586319,148.98693433,684538.0194856254,6289754.811628338,1505.9634653484593,far-field,D20171215,2017-12-15,0.96232164,1
D10143219524,-33.51583763,148.98682591,684528.0026041027,6289757.8390375115,1508.9517572521477,far-field,D20171215,2017-12-15,0.06331748,0
D10143219525,-33.51582488,148.9867718,684523.0033865218,6289759.349233296,1510.4437537835465,far-field,D20171215,2017-12-15,0.69827586,0
D10143219526,-33.51581228,148.98671832,684518.0623698821,6289760.841671173,1511.9185275543396,far-field,D20171215,2017-12-15,0.14632878,0
D10143319021,-33.52088236,149.00772673,686458.6637002502,6289161.012883754,2114.921231627573,far-field,D20171215,2017-12-15,0.3709126,0
D10143319022,-33.52087163,149.00768109,686454.4474422915,6289162.284868431,2111.709594406399,far-field,D20171215,2017-12-15,0.70451844,0
D10143319023,-33.52086115,149.00763653,686450.3309629724,6289163.527185206,2108.57773983033,far-field,D20171215,2017-12-15,0.6565101,0
D10143319024,-33.52085106,149.0075936,686446.3650488533,6289164.723319806,2105.5649801697723,far-field,D20171215,2017-12-15,0.3926873,0
D10143319025,-33.52084101,149.00755083,686442.41390966,6289165.914729195,2102.5675006857136,far-field,D20171215,2017-12-15,0.21730083,0
D10143319026,-33.520831,149.00750823,686438.4784742551,6289167.101395411,2099.5857509600805,far-field,D20171215,2017-12-15,0.720868,0
D10143319524,-33.5159611,148.98679066,684524.4659446243,6289744.209487477,1522.2764867885107,far-field,D20171215,2017-12-15,0.049123067,0
D10143319525,-33.51594773,148.98673395,684519.2265360213,6289745.793063,1523.8394817921815,far-field,D20171215,2017-12-15,0.18958086,0
D10143319526,-33.51593445,148.98667762,684514.0222330072,6289747.365978908,1525.3920453281562,far-field,D20171215,2017-12-15,0.14744352,0
D10143419020,-33.52101498,149.00773044,686458.723585922,6289146.299163567,2127.696317162105,far-field,D20171215,2017-12-15,0.96685493,1
D10143419022,-33.52099319,149.00763781,686450.1663953986,6289148.882154899,2121.2024309931076,far-field,D20171215,2017-12-15,0.6154875,0
D10143419023,-33.52098283,149.00759374,686446.0951777322,6289150.110281497,2118.1197867022556,far-field,D20171215,2017-12-15,0.55306184,0
D10143419024,-33.52097252,149.00754988,686442.0433577226,6289151.332483931,2115.0559210075708,far-field,D20171215,2017-12-15,0.37418252,0
D10143419025,-33.52096225,149.0075062,686438.0081702846,6289152.549925128,2112.0084206695433,far-field,D20171215,2017-12-15,0.5590071,0
D10143419521,-33.51611754,148.98689546,684533.8685215821,6289726.674515612,1531.7367598471853,far-field,D20171215,2017-12-15,0.61704814,0
D10143419522,-33.51610491,148.98684187,684528.9173692428,6289728.170482526,1533.2141685958595,far-field,D20171215,2017-12-15,0.42352855,0
D10143419524,-33.51607952,148.98673411,684518.9614602182,6289731.177856897,1536.1856123362286,far-field,D20171215,2017-12-15,0.20934899,0
D10143419525,-33.51606668,148.98667966,684513.9308641854,6289732.698634113,1537.6860533800166,far-field,D20171215,2017-12-15,0.06733056,0
D10143419531,-33.51599261,148.98636531,684484.888144804,6289741.471911551,1546.353848850303,far-field,D20171215,2017-12-15,0.3033591,0
D10143519023,-33.52110517,149.00755375,686442.1180646904,6289136.615150188,2127.9070847923526,far-field,D20171215,2017-12-15,0.71626043,0
D10143519519,-33.51626158,148.98694764,684538.4095350093,6289710.608272852,1542.6478496848458,far-field,D20171215,2017-12-15,0.17010999,0
D10143519521,-33.51623541,148.98683662,684528.1524824406,6289713.707957201,1545.7080511060524,far-field,D20171215,2017-12-15,0.3991528,0
D10143519522,-33.51622263,148.98678241,684523.1440630434,6289715.221658951,1547.2021876624963,far-field,D20171215,2017-12-15,0.3353151,0
D10143519524,-33.51619771,148.98667666,684513.373876943,6289718.173330831,1550.1178676610862,far-field,D20171215,2017-12-15,0.14573425,0
D10143519525,-33.51618518,148.98662347,684508.4596701731,6289719.657486076,1551.5847935082813,far-field,D20171215,2017-12-15,0.7371433,0
D10143619019,-33.52126889,149.00768976,686454.3999037999,6289118.214669149,2149.966611804127,far-field,D20171215,2017-12-15,0.60701543,0
D10143619026,-33.52119803,149.00738828,686426.5490178501,6289126.614844363,2129.068690757237,far-field,D20171215,2017-12-15,0.9702735,1
D10143619028,-33.52118022,149.00731239,686419.5381931219,6289128.72634525,2123.841169974639,far-field,D20171215,2017-12-15,0.54956895,0
D10143619519,-33.51638181,148.98689875,684533.6127378467,6289697.362298511,1556.3462371405826,far-field,D20171215,2017-12-15,0.25810048,0
D10143619520,-33.5163688,148.98684355,684528.5128554557,6289698.903271073,1557.8679700720652,far-field,D20171215,2017-12-15,0.47339478,0
D10143619522,-33.51634259,148.98673235,684518.2391779171,6289702.007701432,1560.9333636815136,far-field,D20171215,2017-12-15,0.21707788,0
D10143619524,-33.51631683,148.98662307,684508.1428871749,6289705.058801578,1563.9456032697897,far-field,D20171215,2017-12-15,0.38362068,0
D10143619532,-33.51621876,148.98620688,684469.6912998039,6289716.674713146,1575.4211516764753,far-field,D20171215,2017-12-15,0.40992865,0
D10143719021,-33.52137289,149.00757163,686443.2041306857,6289106.893880611,2154.3857497754047,far-field,D20171215,2017-12-15,0.35054994,0
D10143719022,-33.52136282,149.00752877,686439.2446987565,6289108.087669576,2151.4239772774818,far-field,D20171215,2017-12-15,0.58999705,0
D10143719024,-33.52134269,149.00744315,686431.3350992678,6289110.473953731,2145.517672969399,far-field,D20171215,2017-12-15,0.39840963,0
D10143719028,-33.52130563,149.00728533,686416.7555380769,6289114.867507732,2134.6761151020855,far-field,D20171215,2017-12-15,0.7284483,0
D10143719510,-33.51660701,148.98729552,684569.9901465736,6289671.682536808,1558.1397904573587,far-field,D20171215,2017-12-15,0.98253566,1
D10143719519,-33.51650269,148.98685258,684529.0672317377,6289684.039400142,1569.9704729037014,far-field,D20171215,2017-12-15,0.44381687,0
D10143719520,-33.51648986,148.98679816,684524.0394276113,6289685.559021542,1571.4703415087713,far-field,D20171215,2017-12-15,0.19203329,0
D10143719522,-33.51646232,148.98668137,684513.249334866,6289688.820884602,1574.6886629062687,far-field,D20171215,2017-12-15,0.095868014,0
D10143719528,-33.51638512,148.98635388,684482.9928254688,6289697.964644262,1583.7155264503413,far-field,D20171215,2017-12-15,0.41260403,0
D10143819024,-33.52146816,149.00741631,686428.5727360074,6289096.608069429,2156.3616677220634,far-field,D20171215,2017-12-15,0.49806777,0
D10143819025,-33.521458,149.00737309,686424.5800616185,6289097.812480401,2153.3986373963835,far-field,D20171215,2017-12-15,0.6154875,0
D10143819026,-33.52144928,149.00733596,686421.1499642316,6289098.846250232,2150.857126770727,far-field,D20171215,2017-12-15,0.76293105,1
D10143819027,-33.52144062,149.00729904,686417.7392432116,6289099.872987491,2148.3339654117704,far-field,D20171215,2017-12-15,0.8539685,1
D10143819028,-33.52143196,149.00726212,686414.3285215353,6289100.899723509,2145.8137505092786,far-field,D20171215,2017-12-15,0.7331302,0
D10143819522,-33.5165811,148.98662637,684507.888105711,6289675.746568538,1588.554542001985,far-field,D20171215,2017-12-15,0.24390607,0
D10143819526,-33.51652767,148.98639979,684486.9546508929,6289682.074816348,1594.7982622255931,far-field,D20171215,2017-12-15,0.84185493,1
D10143819528,-33.51650309,148.98629547,684477.3166006485,6289684.986204413,1597.6748134684642,far-field,D20171215,2017-12-15,0.12931034,0
D10143819533,-33.51644652,148.98605522,684455.1199741066,6289691.68691011,1604.3031428894396,far-field,D20171215,2017-12-15,0.46514565,0
D10143919020,-33.52163311,149.00755751,686441.3339735346,6289078.061869258,2178.7519452139554,far-field,D20171215,2017-12-15,0.8403686,1
D10143919025,-33.52158429,149.00734972,686422.1382601584,6289083.849421011,2164.5300650554304,far-field,D20171215,2017-12-15,0.4895214,0
D10143919523,-33.51668717,148.98651745,684497.5452836753,6289664.177660791,1603.9067095796995,far-field,D20171215,2017-12-15,0.7864893,1
D10143919525,-33.51666167,148.98640925,684487.5487968371,6289667.197986738,1606.8896846440455,far-field,D20171215,2017-12-15,0.3092301,0
D10143919528,-33.51662382,148.98624865,684472.711118723,6289671.681073473,1611.317241316579,far-field,D20171215,2017-12-15,0.036489297,0
D10144019025,-33.52171062,149.00732656,686419.7158840217,6289069.881547638,2175.7102601650417,far-field,D20171215,2017-12-15,0.3248365,0
D10144019520,-33.51684884,148.98664428,684508.9830611107,6289646.023533009,1612.7632159424961,far-field,D20171215,2017-12-15,0.5811534,0
D10144019523,-33.5168086,148.98647361,684493.2151044109,6289650.789609954,1617.466769681092,far-field,D20171215,2017-12-15,0.6171225,0
D10144119021,-33.52187235,149.00745416,686431.2207823478,6289051.716895983,2197.1501529271186,far-field,D20171215,2017-12-15,0.4816439,0
D10144119023,-33.52185359,149.00737432,686423.8451599485,6289053.940856043,2191.72786497315,far-field,D20171215,2017-12-15,0.26545778,0
D10144119024,-33.52184509,149.00733806,686420.4954157253,6289054.948665051,2189.2717480714455,far-field,D20171215,2017-12-15,0.74487215,0
D10144119026,-33.52182813,149.00726577,686413.8172029458,6289056.95943013,2184.3822187372075,far-field,D20171215,2017-12-15,0.6675089,0
D10144119027,-33.52181961,149.00722945,686410.4619266823,6289057.969561347,2181.929999859594,far-field,D20171215,2017-12-15,0.12195303,0
D10144119039,-33.52170961,149.00676101,686367.1871769999,6289071.010190645,2150.5524414888614,far-field,D20171215,2017-12-15,0.9563763,1
D10144119523,-33.51693431,148.98644782,684490.5524963993,6289636.89481353,1630.5316498537163,far-field,D20171215,2017-12-15,0.6359245,0
D10144119529,-33.51685968,148.98613111,684461.2920262438,6289645.734332662,1639.264046397754,far-field,D20171215,2017-12-15,0.4210018,0
D10144219016,-33.52204179,149.00761471,686445.7696192873,6289032.637970811,2220.831493604786,far-field,D20171215,2017-12-15,0.9343044,1
D10144219017,-33.52203246,149.00757497,686442.0984291031,6289033.744089095,2218.1268449217932,far-field,D20171215,2017-12-15,0.8293698,1
D10144219020,-33.5220043,149.00745507,686431.022057587,6289037.0825103,2209.9858732334683,far-field,D20171215,2017-12-15,0.52876043,0
D10144219021,-33.52199499,149.00741544,686427.361038673,6289038.186207111,2207.3015731412233,far-field,D20171215,2017-12-15,0.55224437,0
D10144219022,-33.52198573,149.00737602,686423.7194173739,6289039.283980123,2204.634899860391,far-field,D20171215,2017-12-15,0.41996136,0
D10144219023,-33.52197735,149.00734029,686420.4186494559,6289040.277528914,2202.2220163611833,far-field,D20171215,2017-12-15,0.34891498,0
D10144219024,-33.52196907,149.00730497,686417.1557488408,6289041.259249806,2199.8399025511717,far-field,D20171215,2017-12-15,0.4907848,0
D10144219027,-33.52194408,149.00719842,686407.3125635782,6289044.222100774,2192.6690358862134,far-field,D20171215,2017-12-15,0.6349584,0
D10144219029,-33.52192727,149.0071268,686400.6962668146,6289046.215018081,2187.861702252804,far-field,D20171215,2017-12-15,0.8362069,1
D10144219521,-33.51708517,148.98652868,684497.7430995824,6289620.021258963,1640.6602497441693,far-field,D20171215,2017-12-15,0.53700954,0
D10144219533,-33.51694133,148.98591816,684441.337880828,6289637.058473074,1657.4933583981187,far-field,D20171215,2017-12-15,0.30358204,0
D10144319016,-33.52216379,149.00757325,686441.6567317267,6289019.183187178,2230.7802435117746,far-field,D20171215,2017-12-15,0.95489,1
D10144319020,-33.52212677,149.00741564,686427.096735529,6289023.5719502345,2220.1199219139644,far-field,D20171215,2017-12-15,0.41453627,0
D10144319021,-33.52211762,149.00737665,686423.4948239238,6289024.656751728,2217.4917170735043,far-field,D20171215,2017-12-15,0.7875297,1
D10144319022,-33.52210927,149.00734106,686420.2070005039,6289025.646722091,2215.095756796988,far-field,D20171215,2017-12-15,0.3563466,0
D10144319023,-33.52210124,149.00730681,686417.0429543819,6289026.598795405,2212.793136045988,far-field,D20171215,2017-12-15,0.57409334,0
D10144319024,-33.52209335,149.00727315,686413.9334088548,6289027.53428147,2210.5328198122565,far-field,D20171215,2017-12-15,0.33932817,0
D10144319027,-33.52206882,149.00716855,686404.270374042,6289030.442611968,2203.5234103776306,far-field,D20171215,2017-12-15,0.5134513,0
D10144319028,-33.52206059,149.00713344,686401.0268739117,6289031.418405157,2201.176367582527,far-field,D20171215,2017-12-15,0.93304104,1
D10144319029,-33.52205227,149.00709799,686397.751985715,6289032.4047890855,2198.808341284108,far-field,D20171215,2017-12-15,0.3507729,0
D10144319522,-33.51719582,148.98643908,684489.1852320299,6289607.910070654,1655.4814905603243,far-field,D20171215,2017-12-15,0.89164686,1
D10144319523,-33.51718401,148.98638893,684484.5519332071,6289609.308963244,1656.8631907960314,far-field,D20171215,2017-12-15,0.25334424,0
D10144319531,-33.51708938,148.98598723,684447.4393726608,6289620.517545212,1667.9414724971136,far-field,D20171215,2017-12-15,0.58650416,0
D10144419023,-33.52222346,149.00726629,686413.0169483286,6289013.117914166,2222.930437110415,far-field,D20171215,2017-12-15,0.5342598,0
D10144419024,-33.52221531,149.00723156,686409.8085790923,6289014.0841557635,2220.6080175132834,far-field,D20171215,2017-12-15,0.5766201,0
D10144419026,-33.52219925,149.00716304,686403.4786347579,6289015.988330722,2216.035659005391,far-field,D20171215,2017-12-15,0.6374108,0
D10144419029,-33.52217404,149.00705559,686393.5523491169,6289018.9771838,2208.8837769730644,far-field,D20171215,2017-12-15,0.5358204,0
D10144419030,-33.52216502,149.00701715,686390.0012435436,6289020.046567492,2206.331292034203,far-field,D20171215,2017-12-15,0.8003864,1
D10144419510,-33.51745269,148.98697045,684537.9979324013,6289578.478889788,1654.2354595597087,far-field,D20171215,2017-12-15,0.6938912,0
D10144419523,-33.51730628,148.98634863,684480.5488332034,6289595.82145772,1670.3271882007584,far-field,D20171215,2017-12-15,0.39001188,0
D10144419531,-33.51721258,148.98595082,684443.7956853792,6289606.919975063,1681.2984376905179,far-field,D20171215,2017-12-15,0.7508175,0
D10144419532,-33.51720238,148.98590747,684439.7906080992,6289608.128209759,1682.4951100255294,far-field,D20171215,2017-12-15,0.6374108,0
D10144419548,-33.51704246,148.98522758,684376.975795226,6289627.071619855,1701.2687295921357,far-field,D20171215,2017-12-15,0.31183115,0
D10144519023,-33.52234546,149.00722485,686408.9059710864,6288999.663082605,2233.0486879853797,far-field,D20171215,2017-12-15,0.37239894,0
D10144519024,-33.52233717,149.0071895,686405.6403185813,6289000.645963106,2230.69618224611,far-field,D20171215,2017-12-15,0.53634065,0
D10144519027,-33.52231223,149.00708318,686395.8184290126,6289003.602845881,2223.6365682763794,far-field,D20171215,2017-12-15,0.98387337,1
D10144519029,-33.5222946,149.00700806,686388.8788249799,6289005.692982968,2218.6628167764616,far-field,D20171215,2017-12-15,0.6276011,0
D10144519030,-33.52228574,149.00697033,686385.3933282412,6289006.743345497,2216.168915219772,far-field,D20171215,2017-12-15,0.55543995,0
D10144519524,-33.51741677,148.98625832,684471.9253959706,6289583.729261879,1685.1689438274273,far-field,D20171215,2017-12-15,0.43623662,0
D10144619023,-33.52246317,149.00716533,686403.1248731499,6288986.716497365,2242.0065857673167,far-field,D20171215,2017-12-15,0.8231272,1
D10144619027,-33.52243013,149.00702447,686390.1121753308,6288990.633727195,2232.696695504632,far-field,D20171215,2017-12-15,0.89632875,1
D10144619028,-33.52242197,149.00698968,686386.8982603836,6288991.601178244,2230.404111347224,far-field,D20171215,2017-12-15,0.84378713,1
D10144619029,-33.52241365,149.0069542,686383.6205983924,6288992.587611885,2228.069017556968,far-field,D20171215,2017-12-15,0.6327289,0
D10144619030,-33.52240532,149.0069187,686380.3410995784,6288993.575189291,2225.734901256903,far-field,D20171215,2017-12-15,0.92241377,1
D10144619526,-33.51751445,148.98611367,684458.2816159439,6289573.154288288,1701.5084743536513,far-field,D20171215,2017-12-15,0.2518579,0
D10144619527,-33.51750237,148.98606237,684453.5420821148,6289574.585153905,1702.923706590648,far-field,D20171215,2017-12-15,0.23758918,0
D10144719023,-33.52257885,149.00709725,686396.5530624449,6288974.010416504,2250.451898189117,far-field,D20171215,2017-12-15,0.78589475,1
D10144719029,-33.52252888,149.00688423,686376.8742264127,6288979.934819311,2236.4666427883326,far-field,D20171215,2017-12-15,0.69084424,0
D10144719030,-33.52252054,149.00684869,686373.5910375786,6288980.923575457,2234.1429391436463,far-field,D20171215,2017-12-15,0.72971165,0
D10144719516,-33.51775712,148.98658439,684501.4906997111,6289545.405883277,1701.531555844868,far-field,D20171215,2017-12-15,0.80804104,1
D10144719517,-33.51774556,148.98653534,684496.9590792762,6289546.775102384,1702.7638637767575,far-field,D20171215,2017-12-15,0.2810642,0
D10144719518,-33.51773344,148.98648389,684492.2057149733,6289548.210690571,1704.0701799765577,far-field,D20171215,2017-12-15,0.3238704,0
D10144719520,-33.51770918,148.9863809,684482.6906650328,6289551.084237735,1706.7256172340221,far-field,D20171215,2017-12-15,0.6547265,0
D10144719526,-33.51763533,148.98606749,684453.7353316243,6289559.831376927,1715.1331494566425,far-field,D20171215,2017-12-15,0.60367125,0
D10144719528,-33.51761096,148.98596406,684444.1796234928,6289562.717866155,1717.985146394054,far-field,D20171215,2017-12-15,0.5212545,0
D10144819023,-33.52269468,149.00702983,686390.0422491438,6288961.286510838,2258.999009243803,far-field,D20171215,2017-12-15,0.67367715,0
D10144819025,-33.52267786,149.00695813,686383.4185986707,6288963.2806716375,2254.306165724922,far-field,D20171215,2017-12-15,0.8541171,1
D10144819028,-33.52265263,149.00685058,686373.4831183073,6288966.2719040625,2247.28845460756,far-field,D20171215,2017-12-15,0.57602555,0
D10144819029,-33.52264429,149.00681504,686370.1999339649,6288967.260659263,2244.974896898361,far-field,D20171215,2017-12-15,0.895214,1
D10144819030,-33.52263592,149.00677934,686366.901952018,6288968.253027784,2242.654547307771,far-field,D20171215,2017-12-15,0.9312574,1
D10144819516,-33.51788179,148.98655423,684498.4243836668,6289531.634194003,1714.8562210832908,far-field,D20171215,2017-12-15,0.8984096,1
D10144819517,-33.51786957,148.98650233,684493.6294398766,6289533.081673422,1716.1484338923729,far-field,D20171215,2017-12-15,0.27110583,0
D10144819518,-33.51785702,148.98644907,684488.7088676521,6289534.568165412,1717.487754851022,far-field,D20171215,2017-12-15,0.50966114,0
D10144819520,-33.51783207,148.98634323,684478.93056453,6289537.523297638,1720.1908305967493,far-field,D20171215,2017-12-15,0.26582938,0
D10144919023,-33.52281133,149.00696582,686383.846424443,6288948.465536738,2267.828242379756,far-field,D20171215,2017-12-15,0.9904875,1
D10144919028,-33.52276968,149.00678826,686367.4434282723,6288953.403524151,2256.2905063361004,far-field,D20171215,2017-12-15,0.37373662,0
D10144919029,-33.52276167,149.0067541,686364.2877189324,6288954.353201363,2254.0792557841464,far-field,D20171215,2017-12-15,0.7272592,0
D10144919030,-33.5227536,149.00671969,686361.1089169193,6288955.309980622,2251.8543666111536,far-field,D20171215,2017-12-15,0.69277644,0
D10144919511,-33.5180603,148.98675277,684516.4872116947,6289511.484981219,1722.7177992353766,far-field,D20171215,2017-12-15,0.22540131,0
D10144919517,-33.51799084,148.98645783,684489.2383436873,6289519.712538602,1729.8261400477736,far-field,D20171215,2017-12-15,0.4060642,0
D10144919518,-33.51797834,148.9864048,684484.3390359934,6289521.1930746995,1731.1497059534306,far-field,D20171215,2017-12-15,0.3302616,0
D10144919519,-33.5179659,148.98635201,684479.461892653,6289522.666527556,1732.481624033574,far-field,D20171215,2017-12-15,0.38362068,0
D10145019024,-33.52291957,149.00686601,686374.3434423062,6288936.641546367,2274.3916220658275,far-field,D20171215,2017-12-15,0.5961653,0
D10145019029,-33.52288047,149.00669917,686358.930700119,6288941.277465801,2263.6239037219566,far-field,D20171215,2017-12-15,0.8324168,1
D10145019030,-33.52287278,149.00666634,686355.8978423397,6288942.189263197,2261.512924793249,far-field,D20171215,2017-12-15,0.8457937,1
D10145019511,-33.51818012,148.98670212,684511.527910008,6289498.287596561,1736.5947785087378,far-field,D20171215,2017-12-15,0.29020512,0
D10145019513,-33.51815817,148.98660888,684502.9136657446,6289500.887649614,1738.7824293708813,far-field,D20171215,2017-12-15,0.2941439,0
D10145019516,-33.51812257,148.98645779,684488.9548411822,6289505.104338785,1742.4172415995693,far-field,D20171215,2017-12-15,0.6929251,0
D10145019517,-33.5181097,148.98640319,684483.9104927732,6289506.6286994815,1743.758419283194,far-field,D20171215,2017-12-15,0.114298455,0
D10145019519,-33.51808413,148.98629468,684473.8855232906,6289509.657333048,1746.4686777895758,far-field,D20171215,2017-12-15,0.5075803,0
D10145019522,-33.51804852,148.98614352,684459.9201947543,6289513.875212483,1750.3426522602228,far-field,D20171215,2017-12-15,0.49539238,0
D10145119024,-33.52304099,149.0068221,686370.0043670973,6288923.255460136,2284.6427339234397,far-field,D20171215,2017-12-15,0.44381687,0
D10145119026,-33.52302488,149.00675339,686363.6569371785,6288925.165497785,2280.220720871266,far-field,D20171215,2017-12-15,0.5633918,0
D10145119030,-33.52299366,149.00662019,686351.3518917875,6288928.867079585,2271.6799202607704,far-field,D20171215,2017-12-15,0.9327437,1
D10145119511,-33.51829702,148.98663922,684505.436947792,6289485.435820252,1750.7550878925695,far-field,D20171215,2017-12-15,0.61623067,0
D10145119512,-33.51828616,148.98659307,684501.1732444103,6289486.722256079,1751.829499618409,far-field,D20171215,2017-12-15,0.2518579,0
D10145119513,-33.51827539,148.98654735,684496.9492905868,6289487.997944341,1752.9033346354208,far-field,D20171215,2017-12-15,0.3029132,0
D10145119517,-33.51822665,148.98634045,684477.8343199692,6289493.771077834,1757.892966470396,far-field,D20171215,2017-12-15,0.1806629,0
D10145219025,-33.52315508,149.00674691,686362.7756515094,6288910.738463687,2292.9297511531936,far-field,D20171215,2017-12-15,0.638154,0
D10145219026,-33.5231469,149.00671203,686359.553445137,6288911.708286466,2290.6964306433783,far-field,D20171215,2017-12-15,0.4497622,0
D10145219507,-33.51845809,148.98676392,684516.6778952221,6289467.351995936,1760.6738188762065,far-field,D20171215,2017-12-15,0.45451844,0
D10145219508,-33.51844632,148.98671398,684512.0640901864,6289468.7460956685,1761.7848962612868,far-field,D20171215,2017-12-15,0.5946046,0
D10145219512,-33.51840019,148.98651807,684493.9644576337,6289474.210271537,1766.267936612325,far-field,D20171215,2017-12-15,0.35478598,0
D10145219516,-33.51835207,148.98631385,684475.097135932,6289479.909877566,1771.1407675814974,far-field,D20171215,2017-12-15,0.064283594,0
D10145219517,-33.51833987,148.98626204,684470.3105331471,6289481.3549684435,1772.4104765147713,far-field,D20171215,2017-12-15,0.1623811,0
D10145319023,-33.52329633,149.00678744,686366.2370778891,6288895.001530839,2308.6661048807305,far-field,D20171215,2017-12-15,0.6350327,0
D10145319025,-33.52327844,149.00671121,686359.1950068378,6288897.12247817,2303.7957792973853,far-field,D20171215,2017-12-15,0.6152646,0
D10145319026,-33.52326961,149.00667361,686355.7215581767,6288898.169271175,2301.3977947431576,far-field,D20171215,2017-12-15,0.81807375,1
D10145319507,-33.51857418,148.9866976,684510.2709875028,6289454.596133418,1774.9234373660483,far-field,D20171215,2017-12-15,0.9305143,1
D10145319508,-33.51856214,148.98664652,684505.5518697642,6289456.022200466,1776.0575585759746,far-field,D20171215,2017-12-15,0.81346613,1
D10145319511,-33.51852602,148.98649317,684491.3842913236,6289460.300583055,1779.5425886048286,far-field,D20171215,2017-12-15,0.6906956,0
D10145319518,-33.51844607,148.98615369,684460.0206178117,6289469.770597907,1787.670454234483,far-field,D20171215,2017-12-15,0.61987215,0
D10145419022,-33.52343131,149.00680111,686367.2171164869,6288880.008194415,2322.696272232762,far-field,D20171215,2017-12-15,0.53046966,0
D10145419023,-33.52342162,149.00675986,686363.4064983705,6288881.156921872,2320.065175745499,far-field,D20171215,2017-12-15,0.6141498,0
D10145419507,-33.51869034,148.98663159,684503.8927419919,6289441.831952904,1789.1663197149658,far-field,D20171215,2017-12-15,0.8466112,1
D10145419511,-33.51864216,148.98642706,684484.9968221881,6289447.538786884,1793.778005516494,far-field,D20171215,2017-12-15,0.3289239,0
D10145419516,-33.51858479,148.98618347,684462.4922147158,6289454.334194295,1799.5386143344756,far-field,D20171215,2017-12-15,0.60597503,0
D10145519019,-33.52358259,149.00688427,686374.6165793685,6288863.082342515,2341.1658992213383,far-field,D20171215,2017-12-15,0.6565101,0
D10145519020,-33.52357317,149.00684418,686370.9131331608,6288864.199046216,2338.6088881558094,far-field,D20171215,2017-12-15,0.49806777,0
D10145519021,-33.52356367,149.00680372,686367.1754912966,6288865.325285202,2336.0326292851073,far-field,D20171215,2017-12-15,0.37945896,0
D10145519022,-33.52355395,149.00676236,686363.354726421,6288866.477537521,2333.4020059490504,far-field,D20171215,2017-12-15,0.45786268,0
D10145519024,-33.52353451,149.00667964,686355.7131941828,6288868.782037491,2328.152367128776,far-field,D20171215,2017-12-15,0.5238555,0
D10145519504,-33.51884654,148.98673539,684513.2026376205,6289424.3253766205,1799.7484207956086,far-field,D20171215,2017-12-15,0.8480232,1
D10145519507,-33.51880879,148.98657521,684498.4041520989,6289428.796684399,1803.2000736518585,far-field,D20171215,2017-12-15,0.43058857,0
D10145519516,-33.51870341,148.9861278,684457.0692655331,6289441.278789401,1813.5106624888779,far-field,D20171215,2017-12-15,0.38993758,0
D10145619024,-33.52365544,149.00663368,686351.1848104314,6288855.453967646,2338.4607264452497,far-field,D20171215,2017-12-15,0.6154132,0
D10145619491,-33.5191109,148.98729871,684564.9661190513,6289394.006549551,1801.6733203834963,far-field,D20171215,2017-12-15,0.9566736,1
D10145719018,-33.52383268,149.00682749,686368.8059958408,6288835.450378307,2363.9203859577933,far-field,D20171215,2017-12-15,0.735657,0
D10145719488,-33.51926535,148.98739513,684573.5940686986,6289376.707109386,1813.083770884635,far-field,D20171215,2017-12-15,0.9559304,1
D10145719495,-33.51918848,148.98706858,684543.4252205474,6289385.81283935,1818.969682818034,far-field,D20171215,2017-12-15,0.98387337,1
D10145819017,-33.52396016,149.00680955,686366.8661071651,6288821.345579429,2375.9987598508114,far-field,D20171215,2017-12-15,0.5671076,0
D10145819488,-33.51938816,148.98735712,684569.802474457,6289363.155675603,1826.8782124261777,far-field,D20171215,2017-12-15,0.9904875,1
D10145819501,-33.5192476,148.98675992,684514.6291799765,6289379.805950318,1837.950083969429,far-field,D20171215,2017-12-15,0.2531956,0
D10145819504,-33.5192143,148.98661846,684501.5601533611,6289383.750471326,1840.8268082547572,far-field,D20171215,2017-12-15,0.5853151,0
D10145919008,-33.52416122,149.00710498,686393.8747335507,6288798.517728347,2407.8997675722017,far-field,D20171215,2017-12-15,0.6464031,0
D10145919009,-33.52415218,149.00706646,686390.3163235931,6288799.589477809,2405.4548143887364,far-field,D20171215,2017-12-15,0.3535226,0
D10145919491,-33.51947589,148.98717013,684552.2471967604,6289353.759611819,1843.2519723152182,far-field,D20171215,2017-12-15,0.06799941,0
D10145919492,-33.51946408,148.98711999,684547.6149591681,6289355.158523158,1844.1426875507875,far-field,D20171215,2017-12-15,0.6116974,0
D10145919501,-33.51936893,148.98671564,684510.2584139415,6289366.429778751,1851.7813538721155,far-field,D20171215,2017-12-15,0.23617718,0
D10145919509,-33.51927824,148.98633052,684474.6785287565,6289377.17208191,1859.7827291976776,far-field,D20171215,2017-12-15,0.29310346,0
D10145919510,-33.51926553,148.98627657,684469.6942837081,6289378.677538642,1860.9596087694222,far-field,D20171215,2017-12-15,0.21380797,0
D10145919511,-33.51925351,148.98622555,684464.980730025,6289380.101262687,1862.08525835898,far-field,D20171215,2017-12-15,0.48573127,0
D10146019496,-33.51954133,148.9868885,684525.9485373924,6289347.003793784,1861.440639003923,far-field,D20171215,2017-12-15,0.5130054,0
D10146019497,-33.51953061,148.98684294,684521.7394044902,6289348.273666481,1862.2975316831987,far-field,D20171215,2017-12-15,0.39357907,0
D10146019499,-33.5195093,148.98675241,684513.3756625261,6289350.797939959,1864.0289620782805,far-field,D20171215,2017-12-15,0.18943222,0
D10146019501,-33.51948819,148.98666267,684505.0848720758,6289353.298621239,1865.7854607894112,far-field,D20171215,2017-12-15,0.28069264,0
D10146019509,-33.5193989,148.98628342,684470.0473029376,6289363.875211259,1873.6250330470698,far-field,D20171215,2017-12-15,0.3559007,0
D10146019511,-33.51937629,148.98618743,684461.1791363298,6289366.553315377,1875.7163479017338,far-field,D20171215,2017-12-15,0.27088287,0
D10146019512,-33.51936531,148.98614076,684456.867435935,6289367.853966322,1876.750071202653,far-field,D20171215,2017-12-15,0.25386444,0
D10146119006,-33.52442053,149.00708744,686391.6890053464,6288769.792767702,2433.192897509959,far-field,D20171215,2017-12-15,0.6007729,0
D10146119015,-33.52433971,149.00674314,686359.8832857131,6288779.374299698,2411.596758794917,far-field,D20171215,2017-12-15,0.9787455,1
D10146119501,-33.51960654,148.98660585,684499.5556634562,6289340.275226321,1879.8666541684481,far-field,D20171215,2017-12-15,0.44099286,0
D10146119502,-33.51959605,148.98656131,684495.4407863815,6289341.517766725,1880.7483784007998,far-field,D20171215,2017-12-15,0.258695,0
D10146119503,-33.51958541,148.98651606,684491.2602776112,6289342.778202856,1881.6554824370462,far-field,D20171215,2017-12-15,0.119872175,0
D10146119511,-33.51949744,148.98614237,684456.7363812476,6289353.198471483,1889.5060242161026,far-field,D20171215,2017-12-15,0.44589773,0
D10146119512,-33.51948646,148.98609576,684452.4302596869,6289354.499013973,1890.5304535413368,far-field,D20171215,2017-12-15,0.41096908,0
D10146219009,-33.5245147,149.00692745,686376.6267559871,6288759.637278864,2436.3831897500363,far-field,D20171215,2017-12-15,0.58501786,0
D10146219495,-33.51978963,148.98682414,684519.4428703177,6289319.582944944,1888.7242742112494,far-field,D20171215,2017-12-15,0.3845868,0
D10146219496,-33.5197776,148.98677305,684514.7228712575,6289321.007928531,1889.6666801309543,far-field,D20171215,2017-12-15,0.5273484,0
D10146219497,-33.51976609,148.98672417,684510.2070448097,6289322.371311711,1890.5798811671957,far-field,D20171215,2017-12-15,0.99464923,1
D10146219501,-33.51972133,148.98653406,684492.6435231998,6289327.673251083,1894.2397426662021,far-field,D20171215,2017-12-15,0.3203032,0
D10146219502,-33.51971086,148.98648958,684488.5341816227,6289328.913464098,1895.120908287472,far-field,D20171215,2017-12-15,0.23729192,0
D10146219503,-33.51970045,148.98644534,684484.4470043483,6289330.146594597,1896.0068987606849,far-field,D20171215,2017-12-15,0.26122177,0
D10146219507,-33.51965886,148.98626857,684468.1158279788,6289335.073216005,1899.6392279682657,far-field,D20171215,2017-12-15,0.6848246,0
D10146319007,-33.52465459,149.00696222,686379.556007219,6288744.061507389,2451.8275766449433,far-field,D20171215,2017-12-15,0.6591112,0
D10146319009,-33.52463564,149.00688154,686372.103003999,6288746.30801893,2446.7943314821246,far-field,D20171215,2017-12-15,0.13696492,0
D10146319367,-33.52120153,148.99226719,685022.0195936125,6289153.310458992,1876.0521184237755,far-field,D20171215,2017-12-15,0.94218194,1
D10146319491,-33.51996003,148.98698814,684534.3141714267,6289300.39449788,1898.9118944884356,far-field,D20171215,2017-12-15,0.8321195,1
D10146319493,-33.51993309,148.98687388,684523.7582500337,6289303.5853537535,1900.9069653079885,far-field,D20171215,2017-12-15,0.2751932,0
D10146319494,-33.51991935,148.98681561,684518.3749704608,6289305.212747584,1901.9481034795933,far-field,D20171215,2017-12-15,0.3964031,0
D10146319495,-33.51990664,148.98676166,684513.3907689244,6289306.718228988,1902.927492822624,far-field,D20171215,2017-12-15,0.35367122,0
D10146319496,-33.51989421,148.98670891,684508.5174344531,6289308.19052179,1903.898112650337,far-field,D20171215,2017-12-15,0.3914982,0
D10146319497,-33.51988174,148.986656,684503.6293218278,6289309.667532567,1904.88462296305,far-field,D20171215,2017-12-15,0.49799347,0
D10146419364,-33.52134512,148.99231791,685026.4248066777,6289137.296434185,1890.8704420390145,far-field,D20171215,2017-12-15,0.57364744,0
D10146419368,-33.52131261,148.99217934,685013.6230362605,6289141.148909913,1889.6608147466177,far-field,D20171215,2017-12-15,0.8330856,1
D10146419383,-33.52117993,148.99161437,684961.4285454855,6289156.87047125,1885.688086708773,far-field,D20171215,2017-12-15,0.9759215,1
D10146419434,-33.52077041,148.98986886,684800.1685822466,6289205.396674359,1883.3993984778365,far-field,D20171215,2017-12-15,0.9959126,1
D10146419487,-33.52012694,148.98713745,684547.8283343189,6289281.619194534,1909.5881929795323,far-field,D20171215,2017-12-15,0.30120394,0
D10146419492,-33.52006407,148.98687066,684523.1808907666,6289289.0659789,1914.0725279429726,far-field,D20171215,2017-12-15,0.63295186,0
D10146419493,-33.52005117,148.98681594,684518.1255798708,6289290.59390354,1915.0332821477248,far-field,D20171215,2017-12-15,0.7803954,1
D10146419495,-33.52002696,148.98671317,684508.6311252073,6289293.461552533,1916.8774564765527,far-field,D20171215,2017-12-15,0.35790727,0
D10146419506,-33.51990039,148.98617572,684458.9783872787,6289308.45377793,1927.3286821644078,far-field,D20171215,2017-12-15,0.17456897,0
D10146519355,-33.52154141,148.99259301,685051.5591376084,6289115.0377835985,1907.9654239854594,far-field,D20171215,2017-12-15,0.7933264,1
D10146519364,-33.52146363,148.99226175,685020.9559378687,6289124.254388083,1904.7360175442209,far-field,D20171215,2017-12-15,0.44351962,0
D10146519457,-33.52060876,148.98862348,684684.8349564889,6289225.541754311,1904.4734527719088,far-field,D20171215,2017-12-15,0.86704814,1
D10146519461,-33.52055638,148.98840126,684664.3053429235,6289231.74623323,1906.5364743506113,far-field,D20171215,2017-12-15,0.85017836,1
D10146519471,-33.52043283,148.98787691,684615.8635032042,6289246.381058658,1912.354004326627,far-field,D20171215,2017-12-15,0.9725773,1
D10146519479,-33.52034191,148.98749077,684580.1899104583,6289257.151099612,1917.48758082485,far-field,D20171215,2017-12-15,0.66030025,0
D10146519486,-33.520255,148.9871219,684546.1118610615,6289267.4455781365,1923.047722518081,far-field,D20171215,2017-12-15,0.09794887,0
D10146519489,-33.5202191,148.98696954,684532.0360702263,6289271.697875563,1925.531518888946,far-field,D20171215,2017-12-15,0.7552021,0
D10146619294,-33.52229477,148.99523588,685295.4333775458,6289026.773573279,1967.093546505279,far-field,D20171215,2017-12-15,0.9942033,1
D10146619296,-33.5222751,148.99515219,685287.7019071776,6289029.104448443,1965.1875028452703,far-field,D20171215,2017-12-15,0.59148335,0
D10146619303,-33.5222076,148.99486501,685261.1715535208,6289037.103059702,1958.8857064203976,far-field,D20171215,2017-12-15,0.62886447,0
D10146619304,-33.522198,148.99482413,685257.394942813,6289038.240699304,1958.0198425974743,far-field,D20171215,2017-12-15,0.26924792,0
D10146619308,-33.52215885,148.9946576,685242.0105112998,6289042.879791791,1954.5661622260002,far-field,D20171215,2017-12-15,0.64380205,0
D10146619315,-33.52208794,148.99435608,685214.1554061213,6289051.282043323,1948.6318347792362,far-field,D20171215,2017-12-15,0.7442033,0
D10146619316,-33.52207808,148.9943141,685210.277167518,6289052.450461728,1947.8400484813671,far-field,D20171215,2017-12-15,0.50557375,0
D10146619317,-33.52206817,148.99427197,685206.3851021021,6289053.624691245,1947.0519493516922,far-field,D20171215,2017-12-15,0.93764865,1
D10146619325,-33.52198838,148.9939326,685175.0332155087,6289063.079187143,1941.0067321178753,far-field,D20171215,2017-12-15,0.74985135,0
D10146619327,-33.52196831,148.99384727,685167.1502153659,6289065.457250046,1939.56991090557,far-field,D20171215,2017-12-15,0.68675685,0
D10146619329,-33.52194791,148.9937605,685159.1341622467,6289067.874473347,1938.1445874550745,far-field,D20171215,2017-12-15,0.36325803,0
D10146619331,-33.52192674,148.99367052,685150.821589225,6289070.382811417,1936.7019754896257,far-field,D20171215,2017-12-15,0.2596611,0
D10146619336,-33.52187247,148.99343989,685129.5154248414,6289076.812920362,1933.1766373265004,far-field,D20171215,2017-12-15,0.25743163,0
D10146619346,-33.52175366,148.9929354,685082.9095205693,6289090.889057266,1926.3287154966054,far-field,D20171215,2017-12-15,0.38518134,0
D10146619347,-33.52174296,148.99288991,685078.7070195021,6289092.156838909,1925.771987928933,far-field,D20171215,2017-12-15,0.20288347,0
D10146619351,-33.52170243,148.99271759,685062.7875725644,6289096.959008191,1923.7527244521916,far-field,D20171215,2017-12-15,0.3002378,0
D10146619353,-33.52168285,148.99263426,685055.0892466668,6289099.279068435,1922.8292075583086,far-field,D20171215,2017-12-15,0.19649227,0
D10146619354,-33.52167351,148.99259452,685051.4179259152,6289100.38575764,1922.4002186040045,far-field,D20171215,2017-12-15,0.5984691,0
D10146619360,-33.52161774,148.99235721,685029.494369418,6289106.993904426,1919.9964154923805,far-field,D20171215,2017-12-15,0.8166617,1
D10146619362,-33.52160045,148.99228353,685022.6874846097,6289109.042766927,1919.3078373689536,far-field,D20171215,2017-12-15,0.60746133,0
D10146619367,-33.52155824,148.99210371,685006.0749326905,6289114.044527557,1917.7355420650836,far-field,D20171215,2017-12-15,0.5885107,0
D10146619368,-33.52154963,148.99206706,685002.6890595823,6289115.064730579,1917.4334287882486,far-field,D20171215,2017-12-15,0.5525416,0
D10146619385,-33.52139935,148.99142718,684943.5741962396,6289132.8716153335,1913.2095652785483,far-field,D20171215,2017-12-15,0.99576396,1
D10146619390,-33.52135295,148.99122969,684925.3292203238,6289138.369402056,1912.3047299102393,far-field,D20171215,2017-12-15,0.8667509,1
D10146619393,-33.52132318,148.99110312,684913.6361985295,6289141.896487789,1911.8209819286742,far-field,D20171215,2017-12-15,0.96388227,1
D10146619399,-33.52126909,148.99087283,684892.360944795,6289148.3054903615,1911.1488759081371,far-field,D20171215,2017-12-15,0.83382875,1
D10146619400,-33.52126131,148.99083967,684889.2974505465,6289149.227385992,1911.0742790572433,far-field,D20171215,2017-12-15,0.9181778,1
D10146619404,-33.52123094,148.99071011,684877.3279567049,6289152.826295247,1910.8370865442864,far-field,D20171215,2017-12-15,0.8836207,1
D10146619405,-33.52122368,148.99067915,684874.4676993787,6289153.686597774,1910.79221733327,far-field,D20171215,2017-12-15,0.8887485,1
D10146619406,-33.52121638,148.99064798,684871.5880209382,6289154.551709665,1910.7527510341545,far-field,D20171215,2017-12-15,0.9858056,1
D10146619407,-33.52120929,148.99061774,684868.7942778495,6289155.391874507,1910.7181482233552,far-field,D20171215,2017-12-15,0.9939804,1
D10146619414,-33.52116086,148.99041092,684849.686929963,6289161.131266457,1910.6073841867587,far-field,D20171215,2017-12-15,0.5666617,0
D10146619422,-33.52110709,148.99018119,684828.4629336768,6289167.503639151,1910.7312466520134,far-field,D20171215,2017-12-15,0.9663347,1
D10146619425,-33.52108584,148.99009047,684820.0816400854,6289170.021874733,1910.8492186517649,far-field,D20171215,2017-12-15,0.5691885,0
D10146619428,-33.52106374,148.98999618,684811.370552163,6289172.640726994,1911.012845827767,far-field,D20171215,2017-12-15,0.86816293,1
D10146619429,-33.52105616,148.98996383,684808.3818550723,6289173.538973389,1911.079203005683,far-field,D20171215,2017-12-15,0.94039834,1
D10146619431,-33.52104069,148.98989785,684802.2862262978,6289175.372122224,1911.2292657194055,far-field,D20171215,2017-12-15,0.5781064,0
D10146619433,-33.52102398,148.98982667,684795.7102321457,6289177.352044944,1911.4127153359352,far-field,D20171215,2017-12-15,0.37336504,0
D10146619436,-33.52099703,148.98971194,684785.1108825703,6289180.545143867,1911.758581414616,far-field,D20171215,2017-12-15,0.7550535,0
D10146619438,-33.52097907,148.98963549,684778.048037582,6289182.673065182,1912.024397596511,far-field,D20171215,2017-12-15,0.32282996,0
D10146619446,-33.52089358,148.98927221,684744.4866320053,6289192.800833903,1913.660328454521,far-field,D20171215,2017-12-15,0.6212842,0
D10146619448,-33.52086458,148.98914924,684733.1262388229,6289196.235890961,1914.3527776801182,far-field,D20171215,2017-12-15,0.5076546,0
D10146619460,-33.52069011,148.98840964,684664.7993889493,6289216.901235209,1920.0554862587142,far-field,D20171215,2017-12-15,0.9713882,1
D10146619466,-33.52061593,148.9880948,684635.7130900149,6289225.688118454,1923.2914920293915,far-field,D20171215,2017-12-15,0.5160523,0
D10146619477,-33.52048513,148.98753948,684584.4099926832,6289241.181922628,1930.1564927417508,far-field,D20171215,2017-12-15,0.9181778,1
D10146619479,-33.5204598,148.98743199,684574.4795641261,6289244.18224475,1931.6530933043155,far-field,D20171215,2017-12-15,0.90546966,1
D10146619480,-33.52044735,148.98737918,684569.6007387963,6289245.656895069,1932.4078175993682,far-field,D20171215,2017-12-15,0.06272295,0
D10146619484,-33.52039579,148.98716041,684549.3897354607,6289251.764048716,1935.6757103192913,far-field,D20171215,2017-12-15,0.3809453,0
D10146619486,-33.52037123,148.98705617,684539.7595291927,6289254.673160289,1937.312568186279,far-field,D20171215,2017-12-15,0.22361772,0
D10146619489,-33.52033782,148.98691428,684526.6509773893,6289258.63068763,1939.624356849003,far-field,D20171215,2017-12-15,0.24479786,0
D10146619497,-33.52024665,148.98652708,684490.8793315899,6289269.430001654,1946.409405486719,far-field,D20171215,2017-12-15,0.366305,0
D10146619505,-33.52015383,148.98613298,684454.4702052805,6289280.424430786,1954.022731365815,far-field,D20171215,2017-12-15,0.13741082,0
D10146619506,-33.52014273,148.98608584,684450.1151421487,6289281.7392240185,1954.9812197183915,far-field,D20171215,2017-12-15,0.42367718,0
D10146719003,-33.52518178,149.00696328,686378.5229609753,6288685.596232694,2505.1157517054194,far-field,D20171215,2017-12-15,0.2728151,0
D10146719294,-33.5224114,148.9951718,685289.232558781,6289013.95430174,1980.2284182230565,far-field,D20171215,2017-12-15,0.6623811,0
D10146719297,-33.52238245,148.99504865,685277.8557093226,6289017.384796396,1977.4659362698617,far-field,D20171215,2017-12-15,0.45288348,0
D10146719304,-33.52231664,148.99476854,685251.9784648297,6289025.183336411,1971.4391458704572,far-field,D20171215,2017-12-15,0.19976218,0
D10146719306,-33.52229812,148.99468971,685244.6959491979,6289027.3779635,1969.806674257795,far-field,D20171215,2017-12-15,0.4219679,0
D10146719307,-33.52228868,148.99464955,685240.9858758398,6289028.496567123,1968.9852387662327,far-field,D20171215,2017-12-15,0.10017836,0
D10146719308,-33.52227916,148.99460904,685237.2434630406,6289029.624666211,1968.1642793929216,far-field,D20171215,2017-12-15,0.47837394,0
D10146719309,-33.52226915,148.99456649,685233.3126117915,6289030.810747091,1967.3088011329344,far-field,D20171215,2017-12-15,0.14573425,0
D10146719310,-33.52225892,148.99452298,685229.2930605182,6289032.022938345,1966.4431507014344,far-field,D20171215,2017-12-15,0.35107017,0
D10146719311,-33.52224869,148.99447948,685225.2744371645,6289033.235110011,1965.586024084651,far-field,D20171215,2017-12-15,0.14684899,0
D10146719312,-33.52223846,148.99443597,685221.2548840594,6289034.447297819,1964.7375589200014,far-field,D20171215,2017-12-15,0.87745243,1
D10146719315,-33.52220783,148.99430574,685209.2239564061,6289038.076661298,1962.248346939685,far-field,D20171215,2017-12-15,0.64662606,0
D10146719319,-33.52216745,148.99413399,685193.3572762443,6289042.861400893,1959.0856774259848,far-field,D20171215,2017-12-15,0.53032106,0
D10146719321,-33.52214703,148.99404718,685185.3375748595,6289045.280936539,1957.5374477046446,far-field,D20171215,2017-12-15,0.78373957,1
D10146719322,-33.52213707,148.99400481,685181.4233245021,6289046.461129403,1956.7950943100686,far-field,D20171215,2017-12-15,0.45043105,0
D10146719325,-33.5221076,148.99387945,685169.8422408038,6289049.953105733,1954.6469803474686,far-field,D20171215,2017-12-15,0.3498068,0
D10146719326,-33.52209785,148.99383797,685166.0102059139,6289051.108414667,1953.9523056192259,far-field,D20171215,2017-12-15,0.43400714,0
D10146719328,-33.52207834,148.99375499,685158.3442972798,6289053.420172511,1952.5859222620347,far-field,D20171215,2017-12-15,0.82543105,1
D10146719329,-33.52206805,148.99371123,685154.3016358425,6289054.639431793,1951.8780554945752,far-field,D20171215,2017-12-15,0.24977705,0
D10146719331,-33.52204734,148.99362318,685146.1673588429,6289057.093307944,1950.4800846685973,far-field,D20171215,2017-12-15,0.29681927,0
D10146719333,-33.52202645,148.99353438,685137.9637988452,6289059.568477409,1949.1063134228611,far-field,D20171215,2017-12-15,0.25289834,0
D10146719335,-33.5220052,148.99344407,685129.6207476358,6289062.086258171,1947.7463346445911,far-field,D20171215,2017-12-15,0.37277052,0
D10146719336,-33.52199435,148.99339797,685125.3619247999,6289063.371784506,1947.0664978678985,far-field,D20171215,2017-12-15,0.27667955,0
D10146719337,-33.52198341,148.99335145,685121.0642815032,6289064.668039372,1946.391509859903,far-field,D20171215,2017-12-15,0.31584424,0
D10146719341,-33.52193794,148.9931583,685103.2206523415,6289070.055292055,1943.6921645079365,far-field,D20171215,2017-12-15,0.18467598,0
D10146719345,-33.52188982,148.99295399,685084.346066286,6289075.756305024,1941.025112976817,far-field,D20171215,2017-12-15,0.07862663,0
D10146719347,-33.52186774,148.99286017,685075.6787352192,6289078.372346561,1939.8681741776138,far-field,D20171215,2017-12-15,0.19946492,0
D10146719350,-33.52183584,148.99272458,685063.1525553854,6289082.151927288,1938.2707989083563,far-field,D20171215,2017-12-15,0.69760704,0
D10146719351,-33.52182521,148.9926794,685058.9787010924,6289083.411384415,1937.7578071378032,far-field,D20171215,2017-12-15,0.34282103,0
D10146719353,-33.52180559,148.99259598,685051.2721112142,6289085.736038543,1936.8368421202479,far-field,D20171215,2017-12-15,0.5706748,0
D10146719354,-33.52179626,148.99255627,685047.6035606151,6289086.841564026,1936.411095538231,far-field,D20171215,2017-12-15,0.5746879,0
D10146719359,-33.52174966,148.99235796,685029.2829818586,6289092.363196864,1934.3964470551664,far-field,D20171215,2017-12-15,0.2828478,0
D10146719364,-33.52170502,148.99216787,685011.7217173473,6289097.652771563,1932.6443094495146,far-field,D20171215,2017-12-15,0.5766201,0
D10146719367,-33.52167857,148.99205525,685001.3174348401,6289100.786902923,1931.6873588737208,far-field,D20171215,2017-12-15,0.43645957,0
D10146719369,-33.52166086,148.99197984,684994.3507545791,6289102.885408178,1931.080598742169,far-field,D20171215,2017-12-15,0.1738258,0
D10146719372,-33.52163449,148.99186757,684983.9788009478,6289106.010024206,1930.2273510722644,far-field,D20171215,2017-12-15,0.45318073,0
D10146719375,-33.52160801,148.99175481,684973.5615621606,6289109.147701404,1929.4317812186935,far-field,D20171215,2017-12-15,0.18482462,0
D10146719376,-33.52159901,148.99171648,684970.0204729852,6289110.214139165,1929.175380987925,far-field,D20171215,2017-12-15,0.36095423,0
D10146719378,-33.521581,148.99163982,684962.9383137969,6289112.348119632,1928.682671160557,far-field,D20171215,2017-12-15,0.41475922,0
D10146719381,-33.52155399,148.99152482,684952.3141301927,6289115.548543664,1927.9973285992685,far-field,D20171215,2017-12-15,0.6915874,0
D10146719385,-33.52151952,148.99137801,684938.7511718707,6289119.632973192,1927.2161261125345,far-field,D20171215,2017-12-15,0.3385107,0
D10146719390,-33.52147478,148.99118754,684921.1547340421,6289124.934145626,1926.355344271122,far-field,D20171215,2017-12-15,0.6892093,0
D10146719392,-33.52145643,148.99110945,684913.9404543003,6289127.108343873,1926.0522388186484,far-field,D20171215,2017-12-15,0.925981,1
D10146719394,-33.52143756,148.99102914,684906.5210750699,6289129.344161145,1925.7714026910962,far-field,D20171215,2017-12-15,0.8170333,1
D10146719399,-33.52139473,148.99084672,684889.6682597294,6289134.419108553,1925.2527186106333,far-field,D20171215,2017-12-15,0.15153092,0
D10146719401,-33.52137833,148.99077684,684883.2123984052,6289136.362397434,1925.0973738807872,far-field,D20171215,2017-12-15,0.58605826,0
D10146719402,-33.52137029,148.99074258,684880.0472877799,6289137.315084467,1925.0298806414364,far-field,D20171215,2017-12-15,0.8864447,1
D10146719403,-33.52136231,148.99070856,684876.9043411679,6289138.260688778,1924.9688699431504,far-field,D20171215,2017-12-15,0.85991377,1
D10146719406,-33.52133946,148.99061112,684867.9023047441,6289140.968382254,1924.8257646380823,far-field,D20171215,2017-12-15,0.96239597,1
D10146719412,-33.52129477,148.99042044,684850.2861840453,6289146.264251332,1924.6812406127417,far-field,D20171215,2017-12-15,0.8409631,1
D10146719415,-33.5212745,148.99033386,684842.2873707202,6289148.666449228,1924.6760032755253,far-field,D20171215,2017-12-15,0.86058265,1
D10146719420,-33.52124103,148.99019085,684829.0751616157,6289152.633050511,1924.7479428984234,far-field,D20171215,2017-12-15,0.78656363,1
D10146719421,-33.52123436,148.99016234,684826.4412129314,6289153.423543047,1924.7743691734463,far-field,D20171215,2017-12-15,0.863481,1
D10146719426,-33.52120109,148.9900202,684813.3093761422,6289157.366392242,1924.9630558690442,far-field,D20171215,2017-12-15,0.8708383,1
D10146719428,-33.52118731,148.98996135,684807.8724308382,6289158.999423398,1925.0692039356625,far-field,D20171215,2017-12-15,0.9296225,1
D10146719430,-33.5211734,148.98990194,684802.3837450108,6289160.647865888,1925.1934587055835,far-field,D20171215,2017-12-15,0.6048603,0
D10146719433,-33.52114984,148.9898015,684793.1045269135,6289163.4395701755,1925.4377137356353,far-field,D20171215,2017-12-15,0.5935642,0
D10146719434,-33.52114147,148.98976583,684789.8091346992,6289164.431335136,1925.5358733274848,far-field,D20171215,2017-12-15,0.37373662,0
D10146719437,-33.52111588,148.98965686,684779.741921312,6289167.463345721,1925.8716894898853,far-field,D20171215,2017-12-15,0.8549346,1
D10146719438,-33.52110736,148.98962054,684776.3864705813,6289168.472898618,1925.9973342111311,far-field,D20171215,2017-12-15,0.68318963,0
D10146719441,-33.52107732,148.98949283,684764.5880539478,6289172.031772645,1926.4810817423922,far-field,D20171215,2017-12-15,0.3559007,0
D10146719442,-33.52106693,148.98944866,684760.5074321323,6289173.262682296,1926.666679761201,far-field,D20171215,2017-12-15,0.375,0
D10146719445,-33.5210336,148.98930707,684747.4267607002,6289177.21111299,1927.3225206856682,far-field,D20171215,2017-12-15,0.7740785,1
D10146719446,-33.52101846,148.9892429,684741.4985401698,6289179.004402335,1927.6479582793243,far-field,D20171215,2017-12-15,0.2978597,0
D10146719447,-33.52100314,148.98917798,684735.5010367923,6289180.818985332,1927.9970746483311,far-field,D20171215,2017-12-15,0.6087247,0
D10146719448,-33.52098778,148.9891129,684729.4887548531,6289182.638285359,1928.3671934772103,far-field,D20171215,2017-12-15,0.57959276,0
D10146719451,-33.52094486,148.98893092,684712.6768312459,6289187.722111463,1929.5135010200534,far-field,D20171215,2017-12-15,0.4334869,0
D10146719453,-33.52091582,148.98880778,684701.3007298418,6289191.16186945,1930.3797280756735,far-field,D20171215,2017-12-15,0.5984691,0
D10146719460,-33.52081422,148.98837708,684661.5111685332,6289203.195961455,1933.9781643261358,far-field,D20171215,2017-12-15,0.414239,0
D10146719463,-33.5207739,148.98820607,684645.712602608,6289207.971802903,1935.6548446211443,far-field,D20171215,2017-12-15,0.42063022,0
D10146719464,-33.52076253,148.98815778,684641.2513496843,6289209.318674829,1936.1551300059639,far-field,D20171215,2017-12-15,0.3521106,0
D10146719472,-33.52067023,148.98776581,684605.0393319629,6289220.252232641,1940.6243865715437,far-field,D20171215,2017-12-15,0.28128716,0
D10146719473,-33.52065784,148.98771323,684600.1817588224,6289221.719836019,1941.2783258234506,far-field,D20171215,2017-12-15,0.6149673,0
D10146719474,-33.52064538,148.98766034,684595.2955386792,6289223.195751433,1941.9495890918877,far-field,D20171215,2017-12-15,0.3375446,0
D10146719475,-33.5206319,148.98760316,684590.0130070491,6289224.792414676,1942.6891780921815,far-field,D20171215,2017-12-15,0.4174346,0
D10146719477,-33.52060433,148.98748628,684579.2151643578,6289228.057864264,1944.2472041911597,far-field,D20171215,2017-12-15,0.39298454,0
D10146719478,-33.5205909,148.98742932,684573.9529564093,6289229.648582068,1945.0303504854169,far-field,D20171215,2017-12-15,0.6058264,0
D10146719480,-33.5205649,148.98731899,684563.7601667605,6289232.728248794,1946.5919278384824,far-field,D20171215,2017-12-15,0.30217004,0
D10146719484,-33.52051357,148.98710121,684543.6406561368,6289238.808123441,1949.8404849341168,far-field,D20171215,2017-12-15,0.4991082,0
D10146719486,-33.52049096,148.98700518,684534.7689081486,6289241.486372845,1951.3455583984849,far-field,D20171215,2017-12-15,0.16981272,0
D10146719489,-33.52045802,148.98686527,684521.8432878109,6289245.388249863,1953.615126768302,far-field,D20171215,2017-12-15,0.31027052,0
D10146719490,-33.52044705,148.98681867,684517.5381301403,6289246.687697375,1954.391318358178,far-field,D20171215,2017-12-15,0.44351962,0
D10146719491,-33.52043609,148.98677207,684513.2329501766,6289247.986033954,1955.1785456752725,far-field,D20171215,2017-12-15,0.27028835,0
D10146719493,-33.52041406,148.98667852,684504.5903108341,6289250.59552246,1956.786400843631,far-field,D20171215,2017-12-15,0.74383175,0
D10146719505,-33.52027734,148.98609791,684450.9504053018,6289266.790100705,1967.6634776394824,far-field,D20171215,2017-12-15,0.37670928,0
D10146719506,-33.52026525,148.98604658,684446.2082595734,6289268.222132171,1968.6986446739347,far-field,D20171215,2017-12-15,0.47458383,0
D10146819002,-33.52531395,149.0069651,686378.4083267787,6288670.935809172,2518.5702542324298,far-field,D20171215,2017-12-15,0.4292509,0
D10146819003,-33.52530296,149.00691837,686374.0915981503,6288672.238560982,2515.693351417852,far-field,D20171215,2017-12-15,0.3434899,0
D10146819006,-33.52527056,149.0067806,686361.3649540821,6288676.079243787,2507.239707621265,far-field,D20171215,2017-12-15,0.15249702,0
D10146819288,-33.52259062,148.99537386,685307.6182037598,6288993.718450576,1999.511608310093,far-field,D20171215,2017-12-15,0.4369798,0
D10146819292,-33.52255024,148.99520213,685291.7534946452,6288998.503322076,1995.5192246008373,far-field,D20171215,2017-12-15,0.59973246,0
D10146819295,-33.5225212,148.99507854,685280.3359878756,6289001.944587486,1992.7286119935573,far-field,D20171215,2017-12-15,0.6662455,0
D10146819296,-33.52251183,148.99503868,685276.6536435097,6289003.054906712,1991.8425322919281,far-field,D20171215,2017-12-15,0.45124853,0
D10146819297,-33.52250243,148.99499867,685272.9574298598,6289004.168819391,1990.960777819575,far-field,D20171215,2017-12-15,0.44730976,0
D10146819302,-33.52245583,148.99480034,685254.6352563646,6289009.690929566,1986.6944572528141,far-field,D20171215,2017-12-15,0.9684899,1
D10146819307,-33.52240999,148.99460519,685236.6068125182,6289015.123042128,1982.6693247773026,far-field,D20171215,2017-12-15,0.06562129,0
D10146819308,-33.52239993,148.99456243,685232.6565683617,6289016.315042969,1981.8084174141595,far-field,D20171215,2017-12-15,0.119649224,0
D10146819309,-33.52238958,148.99451843,685228.5917662029,6289017.54141707,1980.9313193699131,far-field,D20171215,2017-12-15,0.30217004,0
D10146819310,-33.5223792,148.99447427,685224.5121657164,6289018.771402098,1980.0606418836053,far-field,D20171215,2017-12-15,0.382283,0
D10146819311,-33.52236888,148.9944304,685220.459372562,6289019.994213571,1979.2034845407272,far-field,D20171215,2017-12-15,0.04503567,0
D10146819312,-33.52235865,148.99438692,685216.4426111421,6289021.20634602,1978.3623274945726,far-field,D20171215,2017-12-15,0.42375147,0
D10146819313,-33.52234843,148.99434345,685212.426756315,6289022.417349931,1977.5307526194968,far-field,D20171215,2017-12-15,0.5527646,0
D10146819314,-33.52233839,148.99430076,685208.4829659325,6289023.606997635,1976.722048649828,far-field,D20171215,2017-12-15,0.4976962,0
D10146819317,-33.5223089,148.99417533,685196.8954589015,6289027.101351172,1974.394772328223,far-field,D20171215,2017-12-15,0.47101665,0
D10146819318,-33.522299,148.9941332,685193.0033813601,6289028.274466746,1973.629693657751,far-field,D20171215,2017-12-15,0.19307372,0
D10146819320,-33.52227907,148.99404844,685185.1730590565,6289030.636002485,1972.1135671057518,far-field,D20171215,2017-12-15,0.6450654,0
D10146819322,-33.52225884,148.9939624,685177.2244817973,6289033.033086376,1970.608183516388,far-field,D20171215,2017-12-15,0.06012188,0
D10146819325,-33.52222874,148.99383438,685165.3976859123,6289036.599672897,1968.431050094055,far-field,D20171215,2017-12-15,0.24353448,0
D10146819333,-33.52214802,148.99349115,685133.689275274,6289046.164061338,1962.963611820028,far-field,D20171215,2017-12-15,0.30648038,0
D10146819335,-33.52212732,148.99340312,685125.5568378184,6289048.616775537,1961.6493076093445,far-field,D20171215,2017-12-15,0.3535226,0
D10146819336,-33.52211695,148.99335906,685121.4864805398,6289049.845428249,1961.0039353251664,far-field,D20171215,2017-12-15,0.37076396,0
D10146819337,-33.52210658,148.99331497,685117.4133358079,6289051.074132752,1960.367920767006,far-field,D20171215,2017-12-15,0.36846018,0
D10146819338,-33.52209619,148.9932708,685113.3328020512,6289052.305196221,1959.7396780449428,far-field,D20171215,2017-12-15,0.20972057,0
D10146819339,-33.52208554,148.99322551,685109.148791582,6289053.5670902785,1959.1053064512325,far-field,D20171215,2017-12-15,0.783591,1
D10146819341,-33.52206223,148.99312651,685100.0029692176,6289056.328804219,1957.748584565241,far-field,D20171215,2017-12-15,0.07855232,0
D10146819343,-33.52203806,148.99302391,685090.5245928288,6289059.192305785,1956.3894165409117,far-field,D20171215,2017-12-15,0.22978596,0
D10146819344,-33.52202608,148.99297302,685085.8232613581,6289060.611677067,1955.734439813604,far-field,D20171215,2017-12-15,0.28931332,0
D10146819345,-33.52201414,148.99292232,685081.1394913364,6289062.026271021,1955.093440393797,far-field,D20171215,2017-12-15,0.084869206,0
D10146819350,-33.5219608,148.9926956,685060.1945038874,6289068.346113317,1952.3803275698417,far-field,D20171215,2017-12-15,0.28136146,0
D10146819351,-33.52195019,148.99265054,685056.0317588792,6289069.603137352,1951.868906049938,far-field,D20171215,2017-12-15,0.30737218,0
D10146819352,-33.52193995,148.992607,685052.0094082099,6289070.816415406,1951.3851403537142,far-field,D20171215,2017-12-15,0.6861623,0
D10146819354,-33.52191985,148.99252151,685044.1115800831,6289073.197988445,1950.4619235637663,far-field,D20171215,2017-12-15,0.9242717,1
D10146819359,-33.52187184,148.99231725,685025.2413699535,6289078.886596061,1948.3973674870908,far-field,D20171215,2017-12-15,0.568148,0
D10146819360,-33.52186261,148.99227797,685021.6125467864,6289079.980254773,1948.0232337711354,far-field,D20171215,2017-12-15,0.19872177,0
D10146819363,-33.52183493,148.99216014,685010.7269803435,6289083.260095683,1946.9456018935564,far-field,D20171215,2017-12-15,0.49806777,0
D10146819364,-33.52182569,148.99212085,685007.0972466479,6289084.354875577,1946.5997889613466,far-field,D20171215,2017-12-15,0.23231272,0
D10146819365,-33.52181649,148.99208168,685003.4785730994,6289085.4450041335,1946.2636080969685,far-field,D20171215,2017-12-15,0.6564358,0
D10146819366,-33.52180739,148.99204294,684999.8996259718,6289086.52327453,1945.9381732049637,far-field,D20171215,2017-12-15,0.30633175,0
D10146819367,-33.52179832,148.99200432,684996.3317603146,6289087.598002592,1945.6210387709225,far-field,D20171215,2017-12-15,0.17813614,0
D10146819369,-33.52178026,148.99192746,684989.2311524169,6289089.737905044,1945.0099753352408,far-field,D20171215,2017-12-15,0.30038646,0
D10146819372,-33.52175358,148.99181385,684978.7354074075,6289092.899284347,1944.1598657247239,far-field,D20171215,2017-12-15,0.1683264,0
D10146819374,-33.52173557,148.99173717,684971.6514050947,6289095.03330759,1943.6205521548181,far-field,D20171215,2017-12-15,0.43400714,0
D10146819376,-33.52171756,148.99166052,684964.5701864641,6289097.167271966,1943.1086943879768,far-field,D20171215,2017-12-15,0.25988406,0
D10146819381,-33.52167351,148.99147293,684947.2398392067,6289102.386839174,1941.9771878824115,far-field,D20171215,2017-12-15,0.5299495,0
D10146819385,-33.52163979,148.99132928,684933.96881555,6289106.382454647,1941.2256862277702,far-field,D20171215,2017-12-15,0.1505648,0
D10146819386,-33.52163126,148.99129295,684930.6124918046,6289107.393189759,1941.0510464485392,far-field,D20171215,2017-12-15,0.27757135,0
D10146819389,-33.52160572,148.99118416,684920.5619871495,6289110.419486424,1940.5661977768323,far-field,D20171215,2017-12-15,0.15264566,0
D10146819391,-33.52158852,148.99111091,684913.7948302316,6289112.457523411,1940.2712872811273,far-field,D20171215,2017-12-15,0.5379013,0
D10146819392,-33.52157985,148.99107399,684910.3839989454,6289113.484828842,1940.132308763661,far-field,D20171215,2017-12-15,0.41988704,0
D10146819393,-33.52157113,148.99103686,684906.9537677364,6289114.518052302,1939.99905390734,far-field,D20171215,2017-12-15,0.62708086,0
D10146819399,-33.52151972,148.99081789,684886.7243189026,6289120.6096581835,1939.3492742972571,far-field,D20171215,2017-12-15,0.78269917,1
D10146819400,-33.52151127,148.99078189,684883.3984677336,6289121.610916333,1939.2646882223285,far-field,D20171215,2017-12-15,0.8771552,1
D10146819401,-33.52150287,148.99074611,684880.0929440793,6289122.6062362585,1939.1866048047575,far-field,D20171215,2017-12-15,0.4247176,0
D10146819402,-33.52149453,148.99071056,684876.8086555058,6289123.5944912,1939.1157526403185,far-field,D20171215,2017-12-15,0.84386146,1
D10146819403,-33.52148636,148.99067575,684873.5927389476,6289124.562573352,1939.051865675627,far-field,D20171215,2017-12-15,0.8859988,1
D10146819413,-33.5214113,148.99035557,684844.0127454712,6289133.457215918,1938.7463813314032,far-field,D20171215,2017-12-15,0.85166466,1
D10146819415,-33.52139798,148.99029865,684838.754106268,6289135.035812857,1938.7461404918731,far-field,D20171215,2017-12-15,0.89030915,1
D10146819416,-33.5213913,148.9902701,684836.1164690353,6289135.827488566,1938.7519896021558,far-field,D20171215,2017-12-15,0.9533294,1
D10146819417,-33.52138461,148.9902415,684833.4742084615,6289136.620361619,1938.7619530193417,far-field,D20171215,2017-12-15,0.9574911,1
D10146819421,-33.52135793,148.9901275,684822.9421458214,6289139.782261752,1938.8392348734471,far-field,D20171215,2017-12-15,0.90442926,1
D10146819423,-33.52134488,148.99007174,684817.7906719286,6289141.3288374785,1938.8997300096462,far-field,D20171215,2017-12-15,0.54852855,0
D10146819424,-33.52133833,148.99004376,684815.2056991605,6289142.105074911,1938.9355386400625,far-field,D20171215,2017-12-15,0.2759364,0
D10146819426,-33.52132538,148.98998838,684810.0893063814,6289143.639879547,1939.0190029349164,far-field,D20171215,2017-12-15,0.8307075,1
D10146819428,-33.52131222,148.98993218,684804.8971935792,6289145.199430935,1939.1168067986432,far-field,D20171215,2017-12-15,0.8810939,1
D10146819433,-33.52127597,148.98977747,684790.6041416285,6289149.495121311,1939.4619276249766,far-field,D20171215,2017-12-15,0.42999405,0
D10146819434,-33.52126819,148.98974429,684787.5387816122,6289150.417019793,1939.5503007764253,far-field,D20171215,2017-12-15,0.71195006,0
D10146819441,-33.52120599,148.98947948,684763.0743146276,6289157.786613183,1940.4333945879098,far-field,D20171215,2017-12-15,0.36519024,0
D10146819442,-33.52119561,148.98943534,684758.9964641046,6289159.016360064,1940.611989908856,far-field,D20171215,2017-12-15,0.52400416,0
D10146819444,-33.52117448,148.98934557,684750.7031490009,6289161.519534672,1941.0019339190042,far-field,D20171215,2017-12-15,0.29748812,0
D10146819447,-33.52113306,148.98916987,684734.471398012,6289166.425868319,1941.870080769333,far-field,D20171215,2017-12-15,0.4252378,0
D10146819450,-33.5210879,148.98897847,684716.789294284,6289171.774891622,1942.9797586974803,far-field,D20171215,2017-12-15,0.6751635,0
D10146819451,-33.52107268,148.98891396,684710.829661955,6289173.577639338,1943.3932903728155,far-field,D20171215,2017-12-15,0.51010704,0
D10146819452,-33.52105764,148.98885021,684704.9402373094,6289175.359068278,1943.8215328892793,far-field,D20171215,2017-12-15,0.5260107,0
D10146819453,-33.52104265,148.98878671,684699.0739255773,6289177.1345034335,1944.2664280701076,far-field,D20171215,2017-12-15,0.46618608,0
D10146819464,-33.52089019,148.98814017,684639.344249362,6289195.193094554,1949.904588023714,far-field,D20171215,2017-12-15,0.54050237,0
D10146819475,-33.52075235,148.98755521,684585.3031684791,6289211.520394004,1956.7175852393989,far-field,D20171215,2017-12-15,0.36296076,0
D10146819476,-33.52073757,148.98749257,684579.5162517371,6289213.270935394,1957.5402904377918,far-field,D20171215,2017-12-15,0.21217301,0
D10146819477,-33.52072279,148.9874299,684573.72654653,6289215.021526613,1958.3824443952599,far-field,D20171215,2017-12-15,0.5904429,0
D10146819489,-33.52057918,148.98682028,684517.4069696704,6289232.032196894,1967.5424819478299,far-field,D20171215,2017-12-15,0.4210018,0
D10146819490,-33.52056821,148.98677368,684513.1018176421,6289233.331642683,1968.3140661973955,far-field,D20171215,2017-12-15,0.24516945,0
D10146819491,-33.52055725,148.98672709,684508.7975721674,6289234.629959744,1969.0962154344547,far-field,D20171215,2017-12-15,0.092895366,0
D10146819503,-33.52042615,148.98617018,684457.3472139591,6289250.159174161,1979.203670079648,far-field,D20171215,2017-12-15,0.76166767,1
D10146919000,-33.52545749,149.00701526,686382.7591340223,6288654.927596466,2535.0110947498733,far-field,D20171215,2017-12-15,0.4808264,0
D10146919002,-33.52543521,149.00692055,686374.010234471,6288657.568618603,2529.1908252017474,far-field,D20171215,2017-12-15,0.4620987,0
D10146919003,-33.52542416,149.00687357,686369.6704201343,6288658.878471868,2526.311210020081,far-field,D20171215,2017-12-15,0.7415279,0
D10146919288,-33.52271076,148.99532456,685302.7827111039,6288980.483528414,2012.9575436218954,far-field,D20171215,2017-12-15,0.77355826,1
D10146919289,-33.5227004,148.99528051,685298.7133086445,6288981.711131521,2011.9295113291412,far-field,D20171215,2017-12-15,0.27630797,0
D10146919292,-33.52266943,148.99514882,685286.5475872572,6288985.380909698,2008.9068576948625,far-field,D20171215,2017-12-15,0.6549495,0
D10146919297,-33.52262309,148.9949516,685268.3280023437,6288990.872231509,2004.5268059564746,far-field,D20171215,2017-12-15,0.25512782,0
D10146919307,-33.52253226,148.99456493,685232.606534412,6289001.635731023,1996.4406441751707,far-field,D20171215,2017-12-15,0.3516647,0
D10146919308,-33.52252218,148.99452204,685228.644263337,6289002.830180615,1995.5841252769212,far-field,D20171215,2017-12-15,0.25661415,0
D10146919310,-33.52250189,148.99443576,685220.6735540427,6289005.234384402,1993.884630497063,far-field,D20171215,2017-12-15,0.4065844,0
D10146919311,-33.52249169,148.99439237,685216.6650944792,6289006.443029596,1993.0429755740092,far-field,D20171215,2017-12-15,0.09965815,0
D10146919312,-33.52248145,148.99434884,685212.6437156182,6289007.656358983,1992.2063065890784,far-field,D20171215,2017-12-15,0.17947385,0
D10146919313,-33.52247127,148.99430557,685208.6463575901,6289008.862568485,1991.3829405879421,far-field,D20171215,2017-12-15,0.45199168,0
D10146919315,-33.52245138,148.99422097,685200.8308305286,6289011.219396246,1989.79895821443,far-field,D20171215,2017-12-15,0.19121581,0
D10146919316,-33.52244144,148.99417867,685196.9230550376,6289012.397253204,1989.0196127269792,far-field,D20171215,2017-12-15,0.5415428,0
D10146919318,-33.52242154,148.99409405,685189.1056864299,6289014.755215873,1987.4831050080895,far-field,D20171215,2017-12-15,0.09527349,0
D10146919322,-33.52238023,148.99391838,685172.8769170345,6289019.6500574155,1984.3970699648437,far-field,D20171215,2017-12-15,0.29533294,0
D10146919324,-33.52235958,148.99383061,685164.7685535041,6289022.0967971,1982.9065572337984,far-field,D20171215,2017-12-15,0.30960166,0
D10146919335,-33.52224905,148.99336057,685121.3451552995,6289035.193397354,1975.529728724456,far-field,D20171215,2017-12-15,0.52132875,0
D10146919337,-33.52222832,148.99327242,685113.2016427442,6289037.649642546,1974.2591172706013,far-field,D20171215,2017-12-15,0.28797564,0
D10146919338,-33.52221794,148.99322828,685109.1238795832,6289038.879541967,1973.6363754565434,far-field,D20171215,2017-12-15,0.34334126,0
D10146919343,-33.52216177,148.99298968,685087.0815300329,6289045.534489449,1970.4194899267648,far-field,D20171215,2017-12-15,0.28314507,0
D10146919344,-33.52215018,148.99294042,685082.5307744398,6289046.907700488,1969.788939609599,far-field,D20171215,2017-12-15,0.19500594,0
D10146919345,-33.52213905,148.99289316,685078.1648049969,6289048.226327399,1969.19342803416,far-field,D20171215,2017-12-15,0.15257135,0
D10146919351,-33.52207501,148.99262096,685053.0182880637,6289055.813917783,1965.9730878642627,far-field,D20171215,2017-12-15,0.39246434,0
D10146919358,-33.52200239,148.99231222,685024.4960354668,6289064.418129211,1962.741467995093,far-field,D20171215,2017-12-15,0.27615935,0
D10146919359,-33.52199316,148.99227294,685020.8672178129,6289065.511787899,1962.3633827709932,far-field,D20171215,2017-12-15,0.8689061,1
D10146919360,-33.52198393,148.99223367,685017.2393282512,6289066.60542734,1961.9923844620562,far-field,D20171215,2017-12-15,0.14068073,0
D10146919362,-33.52196547,148.99215511,685009.981689211,6289068.792737694,1961.2724769391807,far-field,D20171215,2017-12-15,0.124331154,0
D10146919363,-33.52195623,148.99211577,685006.3473168329,6289069.887606777,1960.9233338377146,far-field,D20171215,2017-12-15,0.5688169,0
D10146919364,-33.52194688,148.99207599,685002.6723090657,6289070.99545803,1960.5769707319862,far-field,D20171215,2017-12-15,0.22294886,0
D10146919365,-33.52193745,148.99203587,684998.9658903842,6289072.112786116,1960.23519013126,far-field,D20171215,2017-12-15,0.4839477,0
D10146919366,-33.52192824,148.99199665,684995.3425979154,6289073.204109961,1959.9093331876747,far-field,D20171215,2017-12-15,0.3782699,0
D10146919367,-33.52191888,148.99195685,684991.6657514748,6289074.313101542,1959.5845707083156,far-field,D20171215,2017-12-15,0.34646255,0
D10146919369,-33.52190028,148.99187767,684984.3508119951,6289076.5170236,1958.963016639501,far-field,D20171215,2017-12-15,0.64662606,0
D10146919370,-33.52189103,148.99183831,684980.7145979509,6289077.613027386,1958.6646237858217,far-field,D20171215,2017-12-15,0.24301428,0
D10146919373,-33.52186381,148.99172244,684970.010096337,6289080.838313182,1957.829865514513,far-field,D20171215,2017-12-15,0.8053656,1
D10146919376,-33.52183647,148.99160608,684959.2603305775,6289084.077768296,1957.0549740068595,far-field,D20171215,2017-12-15,0.5210315,0
D10146919379,-33.52181001,148.99149339,684948.8495690159,6289087.2130767815,1956.367577541265,far-field,D20171215,2017-12-15,0.71455115,0
D10146919380,-33.52180176,148.99145825,684945.6031892037,6289088.190644131,1956.1656485381518,far-field,D20171215,2017-12-15,0.87514865,1
D10146919383,-33.52177689,148.99135228,684935.8132154185,6289091.137627874,1955.5931600867316,far-field,D20171215,2017-12-15,0.24152794,0
D10146919384,-33.52176856,148.99131679,684932.534494098,6289092.124686598,1955.4132487147247,far-field,D20171215,2017-12-15,0.09772592,0
D10146919385,-33.52176021,148.99128121,684929.2474551762,6289093.114122602,1955.239006540823,far-field,D20171215,2017-12-15,0.114298455,0
D10146919386,-33.52175197,148.99124607,684926.0010504628,6289094.090574209,1955.0735496979269,far-field,D20171215,2017-12-15,0.1683264,0
D10146919389,-33.52172759,148.99114218,684916.4032216722,6289096.979489215,1954.616669572189,far-field,D20171215,2017-12-15,0.27861178,0
D10146919391,-33.52171102,148.9910716,684909.8827332782,6289098.942898013,1954.3348036108837,far-field,D20171215,2017-12-15,0.49241975,0
D10146919392,-33.52170268,148.99103603,684906.596597692,6289099.93119929,1954.2028896185207,far-field,D20171215,2017-12-15,0.47971165,0
D10146919393,-33.52169428,148.99100028,684903.2938700714,6289100.926474136,1954.0744536897812,far-field,D20171215,2017-12-15,0.5839774,0
D10146919397,-33.52166101,148.99085852,684890.197427374,6289104.868755273,1953.629212497294,far-field,D20171215,2017-12-15,0.69106716,0
D10146919398,-33.52165266,148.99082293,684886.9094517282,6289105.858194269,1953.5327468448745,far-field,D20171215,2017-12-15,0.67367715,0
D10146919399,-33.52164429,148.99078725,684883.6131584595,6289106.850010499,1953.442212003682,far-field,D20171215,2017-12-15,0.71752375,0
D10146919404,-33.52160336,148.99061287,684867.5031195843,6289111.699883081,1953.084509944009,far-field,D20171215,2017-12-15,0.31963438,0
D10146919407,-33.52157906,148.99050927,684857.9320251655,6289114.579349557,1952.9424053606142,far-field,D20171215,2017-12-15,0.70362663,0
D10146919409,-33.52156262,148.99043922,684851.4604671965,6289116.5273564225,1952.8743069898023,far-field,D20171215,2017-12-15,0.51070154,0
D10146919412,-33.52154143,148.99034876,684843.1032459902,6289119.038497159,1952.825254249068,far-field,D20171215,2017-12-15,0.77445006,1
D10146919414,-33.52152829,148.99029262,684837.9166814771,6289120.595742332,1952.8155613442068,far-field,D20171215,2017-12-15,0.3613258,0
D10146919415,-33.52152172,148.99026454,684835.3224698046,6289121.374381667,1952.8165983659944,far-field,D20171215,2017-12-15,0.69582343,0
D10146919418,-33.52150195,148.99018005,684827.5167390924,6289123.717394736,1952.842220227524,far-field,D20171215,2017-12-15,0.79986626,1
D10146919419,-33.52149536,148.99015186,684824.9123511733,6289124.498445177,1952.8590028078308,far-field,D20171215,2017-12-15,0.7011742,0
D10146919420,-33.52148894,148.99012443,684822.378193275,6289125.259287983,1952.8781504223907,far-field,D20171215,2017-12-15,0.68868905,0
D10146919421,-33.52148253,148.99009704,684819.8477291118,6289126.01894985,1952.900915666695,far-field,D20171215,2017-12-15,0.3828032,0
D10146919423,-33.52146968,148.99004211,684814.7729308709,6289127.54186576,1952.957887422183,far-field,D20171215,2017-12-15,0.6779132,0
D10146919427,-33.52144398,148.98993225,684804.623330027,6289130.587689344,1953.1149557163278,far-field,D20171215,2017-12-15,0.4809007,0
D10146919428,-33.52143749,148.9899045,684802.0595951342,6289131.356859681,1953.1639029638527,far-field,D20171215,2017-12-15,0.6950803,0
D10146919429,-33.52143093,148.98987644,684799.4672146225,6289132.134344498,1953.2173918298083,far-field,D20171215,2017-12-15,0.5373068,0
D10146919432,-33.52140804,148.98977881,684790.447603931,6289134.846739391,1953.4257564394647,far-field,D20171215,2017-12-15,0.8370244,1
D10146919433,-33.52140027,148.98974569,684787.3878004737,6289135.767422162,1953.506246437149,far-field,D20171215,2017-12-15,0.12916172,0
D10146919434,-33.5213925,148.98971255,684784.3261387919,6289136.688139576,1953.592510940138,far-field,D20171215,2017-12-15,0.60203624,0
D10146919438,-33.52136092,148.98957796,684771.8919948256,6289140.430064413,1953.994046512661,far-field,D20171215,2017-12-15,0.319783,0
D10146919442,-33.52132232,148.98941372,684756.718747383,6289145.003290865,1954.594178985744,far-field,D20171215,2017-12-15,0.3955113,0
D10146919443,-33.52131239,148.98937153,684752.8210694978,6289146.179657809,1954.7675363851085,far-field,D20171215,2017-12-15,0.5090666,0
D10146919444,-33.52130212,148.98932784,684748.7847870593,6289147.396400234,1954.9573529818351,far-field,D20171215,2017-12-15,0.19649227,0
D10146919445,-33.52128952,148.98927437,684743.8450482149,6289148.888952548,1955.1987392134956,far-field,D20171215,2017-12-15,0.18497324,0
D10146919447,-33.52126332,148.98916322,684733.5766489552,6289151.992445428,1955.7431684650073,far-field,D20171215,2017-12-15,0.2239893,0
D10146919449,-33.52123451,148.98904108,684722.2929921556,6289155.404942973,1956.407058417856,far-field,D20171215,2017-12-15,0.07699168,0
D10146919450,-33.52121794,148.9889709,684715.8095859285,6289157.367504259,1956.8188598270788,far-field,D20171215,2017-12-15,0.9357164,1
D10146919451,-33.52120163,148.98890181,684709.4268686988,6289159.299286544,1957.2473629872716,far-field,D20171215,2017-12-15,0.5705262,0
D10146919452,-33.52118558,148.98883381,684703.1448405822,6289161.200290034,1957.6914807473513,far-field,D20171215,2017-12-15,0.43898633,0
D10146919458,-33.52109119,148.98843385,684666.195357595,6289172.380093476,1960.7477044138825,far-field,D20171215,2017-12-15,0.5994352,0
D10146919459,-33.52107836,148.9883794,684661.1650573942,6289173.899853524,1961.2242682004028,far-field,D20171215,2017-12-15,0.62708086,0
D10146919465,-33.5210044,148.98806552,684632.1675905986,6289182.660625464,1964.2432873280202,far-field,D20171215,2017-12-15,0.31041914,0
D10146919468,-33.52096818,148.98791174,684617.9607402011,6289186.951070968,1965.8926960617366,far-field,D20171215,2017-12-15,0.2162604,0
D10146919470,-33.52094259,148.98780316,684607.9296851569,6289189.9822042165,1967.122278382605,far-field,D20171215,2017-12-15,0.2842598,0
D10146919475,-33.52087471,148.9875153,684581.3360780635,6289198.022248942,1970.644297595172,far-field,D20171215,2017-12-15,0.37076396,0
D10146919476,-33.52085992,148.9874526,684575.5436172021,6289199.774004063,1971.4620623604842,far-field,D20171215,2017-12-15,0.34824613,0
D10146919489,-33.52070036,148.98677538,684512.9789796062,6289218.673764108,1981.4703092293944,far-field,D20171215,2017-12-15,0.52251786,0
D10146919491,-33.52067842,148.98668216,684504.366828067,6289221.272685856,1983.0150625346082,far-field,D20171215,2017-12-15,0.08293698,0
D10147019000,-33.52558038,149.00697758,686378.9956310798,6288641.367296955,2546.0621136887385,far-field,D20171215,2017-12-15,0.43229786,0
D10147019268,-33.52303581,148.99614662,685378.444474204,6288942.96739387,2048.286489703151,far-field,D20171215,2017-12-15,0.5151605,0
D10147019269,-33.52302598,148.99610483,685374.5838796911,6288944.13221479,2047.1636058055537,far-field,D20171215,2017-12-15,0.5674792,0
D10147019284,-33.52287425,148.99545953,685314.9703006282,6288962.111947084,2030.7693048685856,far-field,D20171215,2017-12-15,0.4282848,0
D10147019285,-33.5228638,148.9954151,685310.8658038126,6288963.350215545,2029.7056111562044,far-field,D20171215,2017-12-15,0.36385256,0
D10147019294,-33.52277225,148.9950258,685274.9017311635,6288974.198424167,2020.752139596363,far-field,D20171215,2017-12-15,0.35500893,0
D10147019297,-33.5227435,148.99490348,685263.601592164,6288977.605241759,2018.0768266517844,far-field,D20171215,2017-12-15,0.30120394,0
D10147019301,-33.52270822,148.99475323,685249.7211463006,6288981.786096057,2014.8842583984913,far-field,D20171215,2017-12-15,0.08732164,0
D10147019302,-33.52269954,148.99471623,685246.3029813295,6288982.814776054,2014.1141828181292,far-field,D20171215,2017-12-15,0.28217897,0
D10147019303,-33.52269084,148.99467921,685242.8830006907,6288983.84570845,2013.3480363710369,far-field,D20171215,2017-12-15,0.38220868,0
D10147019305,-33.52267342,148.99460497,685236.024503431,6288985.910144716,2011.832830195762,far-field,D20171215,2017-12-15,0.89268726,1
D10147019307,-33.52265468,148.99452525,685228.6598184237,6288988.130747995,2010.229149421783,far-field,D20171215,2017-12-15,0.30090666,0
D10147019308,-33.52264487,148.99448352,685224.8047214216,6288989.293182148,2009.4008788672852,far-field,D20171215,2017-12-15,0.10121879,0
D10147019310,-33.52262503,148.99439911,685217.0067549344,6288991.644139759,2007.749498042962,far-field,D20171215,2017-12-15,0.5130054,0
D10147019366,-33.52204859,148.99194825,684990.5906610929,6289059.944155831,1973.8643589720953,far-field,D20171215,2017-12-15,0.46105826,0
D10147019370,-33.52201095,148.99178811,684975.7964048155,6289064.403963168,1972.619987195547,far-field,D20171215,2017-12-15,0.21061237,0
D10147019373,-33.52198454,148.99167563,684965.4050684121,6289067.53337138,1971.820918029094,far-field,D20171215,2017-12-15,0.6180886,0
D10147019389,-33.52184988,148.99110196,684912.4070480921,6289083.489775619,1968.6754058118195,far-field,D20171215,2017-12-15,0.19054697,0
D10147019391,-33.52183394,148.99103401,684906.1295122637,6289085.378627844,1968.406704389909,far-field,D20171215,2017-12-15,0.24903388,0
D10147019395,-33.52180185,148.99089723,684893.4931429569,6289089.181176953,1967.931563579655,far-field,D20171215,2017-12-15,0.42947385,0
D10147019398,-33.52177733,148.99079274,684883.8398790185,6289092.086654614,1967.6275559020578,far-field,D20171215,2017-12-15,0.76114744,1
D10147019401,-33.52175295,148.99068883,684874.24018461,6289094.975562831,1967.376846156893,far-field,D20171215,2017-12-15,0.2372176,0
D10147019402,-33.52174549,148.99065699,684871.2986323036,6289095.859613359,1967.31137197993,far-field,D20171215,2017-12-15,0.23900118,0
D10147019408,-33.52169968,148.99046163,684853.2502832089,6289101.28803909,1967.0105620318564,far-field,D20171215,2017-12-15,0.66542804,0
D10147019410,-33.52168473,148.99039784,684847.3570177082,6289103.059649023,1966.952319433557,far-field,D20171215,2017-12-15,0.5593044,0
D10147019412,-33.52167053,148.99033724,684841.7584547808,6289104.742396899,1966.9150795285702,far-field,D20171215,2017-12-15,0.54496133,0
D10147019415,-33.52164944,148.99024718,684833.4381829357,6289107.24172701,1966.8932472992176,far-field,D20171215,2017-12-15,0.86117715,1
D10147019417,-33.52163535,148.99018701,684827.8793217498,6289108.911501579,1966.9000951556911,far-field,D20171215,2017-12-15,0.6000297,0
D10147019418,-33.52162844,148.99015752,684825.1548693648,6289109.730356142,1966.9092450338426,far-field,D20171215,2017-12-15,0.6446195,0
D10147019419,-33.52162174,148.99012888,684822.5089213152,6289110.524406744,1966.9232255801983,far-field,D20171215,2017-12-15,0.5876932,0
D10147019420,-33.52161511,148.99010057,684819.8934757333,6289111.310105706,1966.9400912954525,far-field,D20171215,2017-12-15,0.8084126,1
D10147019421,-33.52160851,148.99007234,684817.2853966678,6289112.092334475,1966.9618859906748,far-field,D20171215,2017-12-15,0.12173008,0
D10147019422,-33.52160192,148.9900442,684814.6856555252,6289112.873293148,1966.9861867538589,far-field,D20171215,2017-12-15,0.31168252,0
D10147019423,-33.52159534,148.99001608,684812.0877504093,6289113.6531065,1967.0147789092036,far-field,D20171215,2017-12-15,0.68460166,0
D10147019424,-33.52158879,148.98998806,684809.4990695071,6289114.429414027,1967.0476926242743,far-field,D20171215,2017-12-15,0.38020214,0
D10147019426,-33.52157593,148.9899331,684804.4215109731,6289115.953487134,1967.1217106627607,far-field,D20171215,2017-12-15,0.6802913,0
D10147019427,-33.52156944,148.98990536,684801.8587088975,6289116.722639779,1967.164584214764,far-field,D20171215,2017-12-15,0.10374554,0
D10147019428,-33.52156292,148.98987751,684799.2857530111,6289117.495314638,1967.2108355404343,far-field,D20171215,2017-12-15,0.21953031,0
D10147019433,-33.52152454,148.98971383,684784.1641000034,6289122.043191507,1967.5503575666864,far-field,D20171215,2017-12-15,0.23208977,0
D10147019434,-33.52151676,148.98968065,684781.0987484431,6289122.965088331,1967.6346388880627,far-field,D20171215,2017-12-15,0.19091855,0
D10147019435,-33.52150897,148.98964745,684778.0315599416,6289123.888128748,1967.7236180024338,far-field,D20171215,2017-12-15,0.2683561,0
D10147019436,-33.52150136,148.98961496,684775.0299358886,6289124.789941737,1967.8171582419109,far-field,D20171215,2017-12-15,0.251412,0
D10147019437,-33.52149323,148.98958034,684771.8315737899,6289125.753215064,1967.9200881248382,far-field,D20171215,2017-12-15,0.092895366,0
D10147019438,-33.52148416,148.98954172,684768.2636731716,6289126.827856881,1968.0415256948447,far-field,D20171215,2017-12-15,0.39588287,0
D10147019442,-33.52144714,148.98938419,684753.7103400265,6289131.213907767,1968.607365661767,far-field,D20171215,2017-12-15,0.55863553,0
D10147019443,-33.52143754,148.98934336,684749.9382884714,6289132.351255022,1968.7726429665115,far-field,D20171215,2017-12-15,0.2676873,0
D10147019444,-33.5214261,148.98929474,684745.4465799326,6289133.706528158,1968.978835372495,far-field,D20171215,2017-12-15,0.2778686,0
D10147019445,-33.52141322,148.9892401,684740.3987685877,6289135.232214376,1969.2213990868554,far-field,D20171215,2017-12-15,0.45414686,0
D10147019447,-33.52138735,148.98913032,684730.2569332528,6289138.296667956,1969.7521676733516,far-field,D20171215,2017-12-15,0.21209869,0
D10147019448,-33.52137415,148.98907436,684725.0871905668,6289139.860184176,1970.0432510108078,far-field,D20171215,2017-12-15,0.22681332,0
D10147019449,-33.52135962,148.98901275,684719.3954773607,6289141.581253879,1970.3810868505313,far-field,D20171215,2017-12-15,0.17754161,0
D10147019450,-33.52134417,148.98894726,684713.3453268264,6289143.411255869,1970.7592928498657,far-field,D20171215,2017-12-15,0.75393873,0
D10147019451,-33.52132847,148.98888074,684707.2000347625,6289145.270812619,1971.1633938967343,far-field,D20171215,2017-12-15,0.5794441,0
D10147019453,-33.52129618,148.98874393,684694.5611618242,6289149.095326263,1972.0599368784037,far-field,D20171215,2017-12-15,0.71908444,0
D10147019454,-33.5212797,148.98867413,684688.112860254,6289151.047211412,1972.550656323733,far-field,D20171215,2017-12-15,0.18096016,0
D10147019458,-33.5212178,148.98841184,684663.8817631388,6289158.378792471,1974.6019536580686,far-field,D20171215,2017-12-15,0.4986623,0
D10147019459,-33.5212042,148.98835414,684658.5512319758,6289159.989729013,1975.0982486063983,far-field,D20171215,2017-12-15,0.21403092,0
D10147019461,-33.52117752,148.98824098,684648.0971210615,6289163.149938429,1976.115961373891,far-field,D20171215,2017-12-15,0.35463732,0
D10147019463,-33.52115218,148.98813345,684638.1630964049,6289166.151511066,1977.139767885022,far-field,D20171215,2017-12-15,0.7096462,0
D10147019465,-33.52112733,148.988028,684628.4212248403,6289169.095030793,1978.196122569431,far-field,D20171215,2017-12-15,0.31264862,0
D10147119000,-33.52570328,149.00693993,686375.2349021694,6288627.805833287,2557.1449577089356,far-field,D20171215,2017-12-15,0.70258623,0
D10147119001,-33.52569214,149.00689257,686370.8600003375,6288629.126351496,2554.2562972381475,far-field,D20171215,2017-12-15,0.5442182,0
D10147119268,-33.52315564,148.99609607,685373.4934599949,6288929.769115665,2061.5387691875017,far-field,D20171215,2017-12-15,0.87247324,1
D10147119269,-33.52314561,148.99605341,685369.5524892914,6288930.957669385,2060.4023286517895,far-field,D20171215,2017-12-15,0.662827,0
D10147119284,-33.5229959,148.99541661,685310.724181048,6288948.698173094,2044.3501107061534,far-field,D20171215,2017-12-15,0.44002676,0
D10147119285,-33.52298542,148.99537206,685306.6086077106,6288949.939981333,2043.2908504987165,far-field,D20171215,2017-12-15,0.29369798,0
D10147119291,-33.52292323,148.99510765,685282.1821073076,6288957.309110453,2037.1805333366372,far-field,D20171215,2017-12-15,0.082193814,0
D10147119293,-33.52290282,148.99502088,685274.1661904464,6288959.727543975,2035.240903968918,far-field,D20171215,2017-12-15,0.6253716,0
D10147119294,-33.52289274,148.994978,685270.2048699174,6288960.9219938405,2034.295109225763,far-field,D20171215,2017-12-15,0.24568966,0
D10147119301,-33.5228287,148.99470537,685245.0187660116,6288968.510871109,2028.4742645559702,far-field,D20171215,2017-12-15,0.4629905,0
D10147119302,-33.52282001,148.99466836,685241.5996979643,6288969.540676463,2027.7094904021826,far-field,D20171215,2017-12-15,0.38191143,0
D10147119303,-33.52281132,148.99463134,685238.1797004258,6288970.570498435,2026.9507752563175,far-field,D20171215,2017-12-15,0.3417063,0
D10147119305,-33.52279349,148.99455543,685231.1669716751,6288972.68338241,2025.412611711717,far-field,D20171215,2017-12-15,0.45949763,0
D10147119395,-33.5219251,148.99086104,684889.8692831188,6289075.577809457,1982.009342813322,far-field,D20171215,2017-12-15,0.6924792,0
D10147119398,-33.52190128,148.9907595,684880.4885499855,6289078.400397204,1981.7139188480653,far-field,D20171215,2017-12-15,0.52348393,0
D10147119401,-33.52187837,148.99066178,684871.4606918113,6289081.115249706,1981.4768012718519,far-field,D20171215,2017-12-15,0.28307074,0
D10147119402,-33.52187113,148.9906309,684868.6078440232,6289081.973190941,1981.411158311465,far-field,D20171215,2017-12-15,0.29778537,0
D10147119410,-33.52181404,148.99038718,684846.0916537942,6289088.738727653,1981.0557685937256,far-field,D20171215,2017-12-15,0.27170035,0
D10147119412,-33.52179933,148.9903244,684840.2916972764,6289090.481918104,1981.0089737610606,far-field,D20171215,2017-12-15,0.29808265,0
D10147119416,-33.52177027,148.99020039,684828.8349828208,6289093.925602905,1980.9706174662617,far-field,D20171215,2017-12-15,0.46878716,0
D10147119417,-33.52176308,148.99016972,684826.0015274171,6289094.777612067,1980.9719653740913,far-field,D20171215,2017-12-15,0.3672711,0
D10147119418,-33.52175601,148.99013953,684823.2124005808,6289095.615457313,1980.9784067527821,far-field,D20171215,2017-12-15,0.40413198,0
D10147119419,-33.52174914,148.99011019,684820.5017992315,6289096.429607528,1980.9888705469975,far-field,D20171215,2017-12-15,0.7284483,0
D10147119422,-33.52172867,148.99002278,684812.4263541317,6289098.85544084,1981.0437147457606,far-field,D20171215,2017-12-15,0.6510107,0
D10147119425,-33.52170842,148.98993626,684804.4331041554,6289101.255283929,1981.1345800506208,far-field,D20171215,2017-12-15,0.7467301,0
D10147119428,-33.5216879,148.98984862,684796.3363947391,6289103.687058095,1981.2616300956033,far-field,D20171215,2017-12-15,0.42494056,0
D10147119432,-33.52165786,148.98972046,684784.4962672486,6289107.246762592,1981.508894359381,far-field,D20171215,2017-12-15,0.26880202,0
D10147119433,-33.52165025,148.98968799,684781.4965066656,6289108.148542229,1981.583869295254,far-field,D20171215,2017-12-15,0.46588883,0
D10147119436,-33.5216273,148.98959014,684772.4566080803,6289110.867966926,1981.837952894097,far-field,D20171215,2017-12-15,0.3960315,0
D10147119437,-33.52161809,148.98955094,684768.8351381142,6289111.959168149,1981.9506648236002,far-field,D20171215,2017-12-15,0.27437574,0
D10147119440,-33.52159061,148.98943399,684758.030779468,6289115.2149709,1982.3294983732355,far-field,D20171215,2017-12-15,0.56539834,0
D10147119441,-33.52158147,148.98939509,684754.4370229281,6289116.297869322,1982.469772860706,far-field,D20171215,2017-12-15,0.23216408,0
D10147119442,-33.5215723,148.98935604,684750.8293968231,6289117.384360498,1982.6182798973075,far-field,D20171215,2017-12-15,0.24011594,0
D10147119443,-33.52156231,148.98931356,684746.9049209824,6289118.567895999,1982.7864172986478,far-field,D20171215,2017-12-15,0.27229488,0
D10147119444,-33.52154963,148.98925975,684741.9337865302,6289120.069925461,1983.0088564665916,far-field,D20171215,2017-12-15,0.19597206,0
D10147119448,-33.52149767,148.9890393,684721.5679442595,6289126.224808995,1984.0605456944963,far-field,D20171215,2017-12-15,0.21254459,0
D10147119449,-33.52148338,148.98897874,684715.9732570038,6289127.917391544,1984.387625817528,far-field,D20171215,2017-12-15,0.26634958,0
D10147119454,-33.52140621,148.98865169,684685.7595085233,6289137.05776952,1986.4506235631275,far-field,D20171215,2017-12-15,0.14744352,0
D10147119457,-33.52135792,148.98844712,684666.8608043786,6289142.777263068,1987.992730964786,far-field,D20171215,2017-12-15,0.28767836,0
D10147119458,-33.52134302,148.98838395,684661.0249679622,6289144.542107387,1988.5095217380713,far-field,D20171215,2017-12-15,0.61563617,0
D10147119459,-33.52132845,148.98832217,684655.317537541,6289146.267877188,1989.0331128389216,far-field,D20171215,2017-12-15,0.15725327,0
D10147219281,-33.52314789,148.99550272,685318.3979986258,6288931.689209406,2061.0301092965965,far-field,D20171215,2017-12-15,0.28849584,0
D10147219282,-33.52313794,148.99546042,685314.4902888507,6288932.868225172,2060.0080711443493,far-field,D20171215,2017-12-15,0.4484245,0
D10147219283,-33.52312795,148.99541793,685310.5650158259,6288934.052014718,2058.9895996543855,far-field,D20171215,2017-12-15,0.31762782,0
D10147219287,-33.52308518,148.99523611,685293.7683199532,6288939.119968396,2054.715765178598,far-field,D20171215,2017-12-15,0.40115935,0
D10147219291,-33.52304347,148.99505881,685277.3891772699,6288944.062265616,2050.6838252007583,far-field,D20171215,2017-12-15,0.071046375,0
D10147219292,-33.52303325,148.99501532,685273.3715037585,6288945.273332534,2049.71665824463,far-field,D20171215,2017-12-15,0.12284483,0
D10147219293,-33.52302302,148.99497185,685269.3557083266,6288946.485470953,2048.7564414415506,far-field,D20171215,2017-12-15,0.6232907,0
D10147219294,-33.52301281,148.99492842,685265.3435846271,6288947.695318265,2047.806414064784,far-field,D20171215,2017-12-15,0.43133175,0
D10147219295,-33.52300263,148.99488512,685261.3434707931,6288948.901604708,2046.867271903716,far-field,D20171215,2017-12-15,0.14261296,0
D10147219296,-33.52299323,148.9948451,685257.6463481893,6288950.015530299,2046.007456767939,far-field,D20171215,2017-12-15,0.72406363,0
D10147219400,-33.52200997,148.99066118,684871.1248294609,6289066.522442229,1995.6360370426573,far-field,D20171215,2017-12-15,0.25059453,0
D10147219402,-33.52199498,148.99059723,684865.2168120437,6289068.29878534,1995.4943610163843,far-field,D20171215,2017-12-15,0.497176,0
D10147219405,-33.52197274,148.99050235,684856.4513244448,6289070.93426057,1995.3193009869735,far-field,D20171215,2017-12-15,0.5352259,0
D10147219410,-33.5219366,148.99034812,684842.2027536209,6289075.216979481,1995.1255882217008,far-field,D20171215,2017-12-15,0.67672414,0
D10147219413,-33.52191531,148.99025723,684833.8058399088,6289077.739969868,1995.0642321140476,far-field,D20171215,2017-12-15,0.6683264,0
D10147219417,-33.52188714,148.99013695,684822.6937025101,6289081.078301862,1995.0427413518612,far-field,D20171215,2017-12-15,0.17583235,0
D10147219418,-33.52188047,148.99010846,684820.06163112,6289081.86875792,1995.0478001537276,far-field,D20171215,2017-12-15,0.45132282,0
D10147219422,-33.52185389,148.98999487,684809.5674959514,6289085.018825736,1995.1070385462288,far-field,D20171215,2017-12-15,0.4453032,0
D10147219427,-33.52181996,148.98984994,684796.1780069224,6289089.039819568,1995.2682469546917,far-field,D20171215,2017-12-15,0.505648,0
D10147219432,-33.52178392,148.98969611,684781.9663284279,6289093.310644519,1995.5437137907034,far-field,D20171215,2017-12-15,0.31643876,0
D10147219433,-33.52177657,148.98966476,684779.0700491483,6289094.181594817,1995.6128378232854,far-field,D20171215,2017-12-15,0.51880205,0
D10147219434,-33.52176915,148.98963308,684776.1432665569,6289095.060894977,1995.6881253041836,far-field,D20171215,2017-12-15,0.71388227,0
D10147219437,-33.52174366,148.98952454,684766.1158514345,6289098.081038774,1995.974329348752,far-field,D20171215,2017-12-15,0.20548454,0
D10147219438,-33.52173427,148.98948457,684762.4232479485,6289099.193571072,1996.0932124728174,far-field,D20171215,2017-12-15,0.4967301,0
D10147219444,-33.52167056,148.9892138,684737.408520902,6289106.741177015,1997.0841100567811,far-field,D20171215,2017-12-15,0.18229786,0
D10147219448,-33.52161838,148.98899245,684716.9595772569,6289112.92205253,1998.1373776450698,far-field,D20171215,2017-12-15,0.41825208,0
D10147219453,-33.52154882,148.98869746,684689.7075671002,6289121.16141661,1999.8928593271944,far-field,D20171215,2017-12-15,0.39855826,0
D10147219458,-33.52146622,148.98834758,684657.3848143158,6289130.944532288,2002.4879016054351,far-field,D20171215,2017-12-15,0.375,0
D10147319001,-33.52593783,149.00681681,686363.296092833,6288602.016442951,2576.505335481334,far-field,D20171215,2017-12-15,0.49204814,0
D10147319282,-33.52325933,148.99541642,685310.1444209744,6288919.485214135,2073.561060386656,far-field,D20171215,2017-12-15,0.5974287,0
D10147319284,-33.52323768,148.99532438,685301.641695963,6288922.050601844,2071.379100989154,far-field,D20171215,2017-12-15,0.3379905,0
D10147319285,-33.52322685,148.99527836,685297.3903425836,6288923.333847288,2070.30099492317,far-field,D20171215,2017-12-15,0.39387634,0
D10147319292,-33.52315344,148.99496625,685268.5573343465,6288932.03243964,2063.2310464869474,far-field,D20171215,2017-12-15,0.028983353,0
D10147319295,-33.52312362,148.99483944,685256.8424829949,6288935.56593292,2060.4781011697482,far-field,D20171215,2017-12-15,0.16988704,0
D10147319296,-33.52311457,148.99480091,685253.2830139962,6288936.6383813275,2059.656483809122,far-field,D20171215,2017-12-15,0.4365339,0
D10147319297,-33.52310555,148.9947625,685249.7346262194,6288937.70728711,2058.8439824933544,far-field,D20171215,2017-12-15,0.2344679,0
D10147319299,-33.52308759,148.99468604,685242.6711157021,6288939.835579818,2057.245012389567,far-field,D20171215,2017-12-15,0.36117718,0
D10147319300,-33.52307866,148.994648,685239.1569004747,6288940.893839944,2056.459492718626,far-field,D20171215,2017-12-15,0.29117122,0
D10147319301,-33.52306975,148.99461008,685235.6537878267,6288941.949666457,2055.681770481536,far-field,D20171215,2017-12-15,0.38525563,0
D10147319413,-33.52203697,148.99021436,684829.5649883181,6289064.32481504,2009.131197253554,far-field,D20171215,2017-12-15,0.33932817,0
D10147319415,-33.5220225,148.9901526,684823.859275287,6289066.039563026,2009.1118688393035,far-field,D20171215,2017-12-15,0.17263675,0
D10147319419,-33.5219962,148.99004021,684813.4760235844,6289069.1564462185,2009.1254813426642,far-field,D20171215,2017-12-15,0.24420333,0
D10147319420,-33.52198961,148.99001204,684810.8735075468,6289069.937457874,2009.138273246239,far-field,D20171215,2017-12-15,0.29852855,0
D10147319421,-33.52198301,148.98998382,684808.2663682061,6289070.7196668815,2009.1549540095018,far-field,D20171215,2017-12-15,0.6319114,0
D10147319422,-33.52197657,148.98995632,684805.725764438,6289071.482848603,2009.1738631289288,far-field,D20171215,2017-12-15,0.40992865,0
D10147319427,-33.52194308,148.98981322,684792.5053348208,6289075.45178246,2009.3310762874428,far-field,D20171215,2017-12-15,0.6901011,0
D10147319433,-33.52190176,148.98963673,684776.2001580277,6289080.348512588,2009.6538984102438,far-field,D20171215,2017-12-15,0.29488704,0
D10147319434,-33.52189484,148.98960722,684773.4738740401,6289081.16849733,2009.7207705061346,far-field,D20171215,2017-12-15,0.23662306,0
D10147319437,-33.52186839,148.98949457,684763.0667620511,6289084.302422383,2010.009515623227,far-field,D20171215,2017-12-15,0.66267836,0
D10147319438,-33.52185909,148.989455,684759.4111258427,6289085.404260401,2010.1239252375588,far-field,D20171215,2017-12-15,0.5557372,0
D10147319462,-33.52153319,148.98807275,684631.7150189352,6289124.007243989,2018.54759754995,far-field,D20171215,2017-12-15,0.47339478,0
D10147419000,-33.52607064,149.00682132,686363.4299455899,6288587.280209655,2590.2256470478073,far-field,D20171215,2017-12-15,0.65353745,0
D10147419001,-33.526059,149.00677188,686358.8629441771,6288588.659910188,2587.2469470638457,far-field,D20171215,2017-12-15,0.5896254,0
D10147419275,-33.52344367,148.99564041,685330.5558142908,6288898.642325563,2093.6211822431565,far-field,D20171215,2017-12-15,0.39580855,0
D10147419276,-33.52343488,148.99560298,685327.0979816125,6288899.684003148,2092.695549938057,far-field,D20171215,2017-12-15,0.2600327,0
D10147419285,-33.52334636,148.99522644,685292.312883449,6288910.173467314,2083.698822342204,far-field,D20171215,2017-12-15,0.5432521,0
D10147419287,-33.52332476,148.99513464,685283.8323482471,6288912.732865809,2081.593607039719,far-field,D20171215,2017-12-15,0.77199763,1
D10147419292,-33.52327363,148.99491721,685263.745963279,6288918.791491065,2076.7529447641964,far-field,D20171215,2017-12-15,0.30811533,0
D10147419296,-33.52323546,148.9947548,685248.7423156642,6288923.314564116,2073.27078011483,far-field,D20171215,2017-12-15,0.44002676,0
D10147419419,-33.52211845,148.98999981,684809.463371028,6289055.671452849,2023.1945424368084,far-field,D20171215,2017-12-15,0.71522,0
D10147419420,-33.52211208,148.98997257,684806.9467722219,6289056.426408978,2023.2069852549644,far-field,D20171215,2017-12-15,0.23379906,0
D10147419422,-33.52209932,148.98991803,684801.9080430705,6289057.938644061,2023.2415187893519,far-field,D20171215,2017-12-15,0.6324316,0
D10147419430,-33.52204674,148.98969331,684781.147070727,6289064.170027018,2023.5275510302893,far-field,D20171215,2017-12-15,0.35842746,0
D10147419434,-33.5220191,148.98957527,684770.2418672282,6289067.445531953,2023.7685806060022,far-field,D20171215,2017-12-15,0.27861178,0
D10147419462,-33.52165687,148.98803836,684628.25780302,6289110.352904137,2032.4924382604595,far-field,D20171215,2017-12-15,0.55224437,0
D10147519001,-33.52617952,149.00672418,686354.173924344,6288575.380437134,2597.8546055617503,far-field,D20171215,2017-12-15,0.8142836,1
D10147519003,-33.52615617,149.00662495,686345.0075720825,6288578.148219435,2591.9204352387956,far-field,D20171215,2017-12-15,0.702066,0
D10147519270,-33.52360917,148.99578429,685343.5665282363,6288880.031872256,2111.842009434063,far-field,D20171215,2017-12-15,0.2928805,0
D10147519284,-33.5234767,148.99522053,685291.4858505798,6288895.729861438,2098.16581859874,far-field,D20171215,2017-12-15,0.07721463,0
D10147519285,-33.52346588,148.99517456,685287.2391308123,6288897.011904588,2097.1069201473233,far-field,D20171215,2017-12-15,0.56368905,0
D10147519286,-33.52345517,148.99512904,685283.0339724342,6288898.280943133,2096.0675654738366,far-field,D20171215,2017-12-15,0.21878716,0
D10147519292,-33.52339391,148.9948685,685258.9650633037,6288905.539970171,2090.290831784103,far-field,D20171215,2017-12-15,0.16981272,0
D10147519294,-33.52337491,148.99478768,685251.4988292282,6288907.791392406,2088.55746695276,far-field,D20171215,2017-12-15,0.5158294,0
D10147519295,-33.52336547,148.99474748,685247.7850883483,6288908.910072353,2087.7067802365086,far-field,D20171215,2017-12-15,0.4120095,0
D10147519296,-33.52335605,148.99470742,685244.0843075814,6288910.02628279,2086.864457667048,far-field,D20171215,2017-12-15,0.6749405,0
D10147519430,-33.52217151,148.98966353,684778.1155290845,6289050.386639835,2037.5789670641595,far-field,D20171215,2017-12-15,0.3316736,0
D10147519457,-33.52184844,148.98829195,684651.4050122394,6289088.657060955,2044.0095272921537,far-field,D20171215,2017-12-15,0.38859987,0
D10147519458,-33.52183411,148.98823121,684645.7937034972,6289090.354359634,2044.4896563458149,far-field,D20171215,2017-12-15,0.28136146,0
D10147519463,-33.52176631,148.98794364,684619.2271692953,6289098.385135362,2046.99384930874,far-field,D20171215,2017-12-15,0.43549347,0
D10147619003,-33.5262765,149.0065765,686340.2493236375,6288564.891158767,2602.541704094991,far-field,D20171215,2017-12-15,0.46878716,0
D10147619270,-33.52372853,148.99573171,685338.4280403466,6288866.889328189,2125.119678947205,far-field,D20171215,2017-12-15,0.5151605,0
D10147619283,-33.52360703,148.99521461,685290.6579109123,6288881.287382133,2112.6317398130773,far-field,D20171215,2017-12-15,0.15428062,0
D10147619284,-33.52359622,148.99516864,685286.4111762438,6288882.568316259,2111.574100248142,far-field,D20171215,2017-12-15,0.13436386,0
D10147619285,-33.52358575,148.99512415,685282.3011809656,6288883.808899154,2110.5579958264493,far-field,D20171215,2017-12-15,0.3530767,0
D10147619286,-33.52357535,148.9950799,685278.2133271375,6288885.041288674,2109.5570540247627,far-field,D20171215,2017-12-15,0.13176279,0
D10147619288,-33.52355488,148.99499287,685270.1734496574,6288887.466840062,2107.610558189017,far-field,D20171215,2017-12-15,0.56591856,0
D10147619295,-33.52348558,148.99469811,685242.9432748184,6288895.67857597,2101.257271882878,far-field,D20171215,2017-12-15,0.47837394,0
D10147619297,-33.52346626,148.9946159,685235.3486215961,6288897.967955917,2099.551507333176,far-field,D20171215,2017-12-15,0.8231272,1
D10147619438,-33.52223615,148.98937727,684751.3891330375,6289043.728430687,2052.1948917944487,far-field,D20171215,2017-12-15,0.38027647,0
D10147619463,-33.52188866,148.98790366,684615.253583372,6289084.8882356435,2060.9875209639395,far-field,D20171215,2017-12-15,0.3307075,0
D10147719004,-33.52638473,149.00647661,686330.7393276114,6288553.068390718,2610.156310481908,far-field,D20171215,2017-12-15,0.32446492,0
D10147719266,-33.52388612,148.99584184,685348.320807034,6288849.216380093,2142.5300299834694,far-field,D20171215,2017-12-15,0.86206895,1
D10147719284,-33.52371617,148.99511856,685281.5037137464,6288869.355849135,2125.033029776219,far-field,D20171215,2017-12-15,0.28069264,0
D10147719438,-33.52236366,148.98935902,684749.4227564032,6289029.6206379635,2066.2043239605673,far-field,D20171215,2017-12-15,0.40063912,0
D10147719439,-33.52235466,148.98932072,684745.8844640746,6289030.686940223,2066.307239926273,far-field,D20171215,2017-12-15,0.48156956,0
D10147819266,-33.52400545,148.99578913,685343.1703148275,6288836.077397686,2155.7919697870634,far-field,D20171215,2017-12-15,0.28069264,0
D10147819267,-33.52399588,148.99574841,685339.4085895276,6288837.2114607375,2154.7585496322927,far-field,D20171215,2017-12-15,0.70236325,0
D10147819272,-33.52395082,148.99555655,685321.6844309138,6288842.551370225,2149.9827686707426,far-field,D20171215,2017-12-15,0.46135554,0
D10147819274,-33.52393345,148.99548255,685314.8482349381,6288844.609894386,2148.181617381287,far-field,D20171215,2017-12-15,0.43868905,0
D10147819281,-33.52386587,148.99519504,685288.2879389424,6288852.618067087,2141.384940705379,far-field,D20171215,2017-12-15,0.1469233,0
D10147819438,-33.52248919,148.98933247,684746.6896640259,6289015.7472068155,2080.2345590521027,far-field,D20171215,2017-12-15,0.6263377,0
D10147819439,-33.52247923,148.98929011,684742.7763123603,6289016.92720191,2080.344646689539,far-field,D20171215,2017-12-15,0.43824315,0
D10147819454,-33.52226013,148.98836129,684656.9702523248,6289042.878942221,2084.6987742468796,far-field,D20171215,2017-12-15,0.755648,1
D10147919271,-33.52407811,148.99553782,685319.6731155146,6288828.468910209,2164.1287777263947,far-field,D20171215,2017-12-15,0.5283888,0
D10147919276,-33.52403245,148.99534344,685301.7161827938,6288833.879824907,2159.4535956122977,far-field,D20171215,2017-12-15,0.5429548,0
D10147919278,-33.5240134,148.99526236,685294.2259708758,6288836.137292803,2157.5482062434035,far-field,D20171215,2017-12-15,0.54414386,0
D10147919280,-33.52399406,148.99518009,685286.625845097,6288838.42904109,2155.6410016144278,far-field,D20171215,2017-12-15,0.6226962,0
D10148019011,-33.52667237,149.00601918,686287.6363383704,6288521.99221766,2624.2954822589772,far-field,D20171215,2017-12-15,0.49561533,0
D10148019263,-33.52426893,148.99578953,685342.6451282764,6288806.857832536,2185.015377378179,far-field,D20171215,2017-12-15,0.71559155,0
D10148019270,-33.52420525,148.99551845,685317.6026801547,6288814.40422803,2178.260255715686,far-field,D20171215,2017-12-15,0.41572532,0
D10148019271,-33.5241965,148.99548118,685314.1596530408,6288815.441180549,2177.355021543156,far-field,D20171215,2017-12-15,0.47740784,0
D10148019272,-33.52418771,148.99544371,685310.6981342732,6288816.482925095,2176.451311271635,far-field,D20171215,2017-12-15,0.30306184,0
D10148019273,-33.52417871,148.9954054,685307.1590423328,6288817.549457776,2175.531729327864,far-field,D20171215,2017-12-15,0.44255352,0
D10148019278,-33.52413136,148.99520392,685288.5462705404,6288823.160451967,2170.790762194845,far-field,D20171215,2017-12-15,0.14603151,0
D10148019279,-33.52412189,148.99516359,685284.8205558435,6288824.282707129,2169.8623355165,far-field,D20171215,2017-12-15,0.6058264,0
D10148119257,-33.52444667,148.99598537,685360.455673516,6288786.797097161,2204.6885257213557,far-field,D20171215,2017-12-15,0.60835314,0
D10148119258,-33.52443648,148.99594201,685356.4500859552,6288788.004643032,2203.5543630744255,far-field,D20171215,2017-12-15,0.46291617,0
D10148119262,-33.5243953,148.9957669,685340.2735109734,6288792.884370912,2199.0460226061336,far-field,D20171215,2017-12-15,0.4380202,0
D10148119272,-33.52430606,148.9953869,685305.1689852526,6288803.459930572,2189.6929732484255,far-field,D20171215,2017-12-15,0.28708383,0
D10148119273,-33.52429659,148.99534662,685301.4479239627,6288804.5821032515,2188.734043533197,far-field,D20171215,2017-12-15,0.35285375,0
D10148119278,-33.5242493,148.99514536,685282.8554811388,6288810.186040571,2184.043060814943,far-field,D20171215,2017-12-15,0.50379014,0
D10148219241,-33.52473134,148.99663572,685420.2532698428,6288754.065492418,2237.1916372355226,far-field,D20171215,2017-12-15,0.99710166,1
D10148219257,-33.52456207,148.99591611,685353.7763938855,6288774.123528365,2217.485520047798,far-field,D20171215,2017-12-15,0.7415279,0
D10148219258,-33.5245521,148.99587373,685349.861365159,6288775.304922661,2216.3872192731455,far-field,D20171215,2017-12-15,0.7487366,0
D10148219259,-33.5245421,148.99583119,685345.9315385828,6288776.48992822,2215.292665278782,far-field,D20171215,2017-12-15,0.6432818,0
D10148219267,-33.52446896,148.99551982,685317.167171014,6288785.1574242525,2207.5030875140274,far-field,D20171215,2017-12-15,0.23335315,0
D10148219268,-33.52446037,148.99548321,685313.7851148398,6288786.175454146,2206.6133462809707,far-field,D20171215,2017-12-15,0.60746133,0
D10148219269,-33.52445177,148.99544657,685310.4002929146,6288787.1946453955,2205.7278520582713,far-field,D20171215,2017-12-15,0.2650862,0
D10148219270,-33.52444303,148.99540933,685306.9600402481,6288788.230433196,2204.8333936782547,far-field,D20171215,2017-12-15,0.49695304,0
D10148219272,-33.52442526,148.99533367,685299.9705516391,6288790.336273691,2203.0316171051427,far-field,D20171215,2017-12-15,0.3266201,0
D10148319254,-33.52471034,148.99598657,685360.0043241807,6288757.555028297,2233.934024240167,far-field,D20171215,2017-12-15,0.5026011,0
D10148319255,-33.52470053,148.99594484,685356.1493341684,6288758.7175201075,2232.841881351231,far-field,D20171215,2017-12-15,0.9065101,1
D10148319263,-33.52462326,148.99561607,685325.7777091716,6288767.874151196,2224.4756558428157,far-field,D20171215,2017-12-15,0.3823573,0
D10148319267,-33.52458815,148.99546651,685311.9613193048,6288772.035025165,2220.813865024695,far-field,D20171215,2017-12-15,0.3886742,0
D10148319269,-33.52457123,148.99539444,685305.3034735139,6288774.040192213,2219.0805389444,far-field,D20171215,2017-12-15,0.31547266,0
D10148319270,-33.52456285,148.99535874,685302.0054941911,6288775.033303579,2218.229655149967,far-field,D20171215,2017-12-15,0.5209572,0
D10148319271,-33.5245544,148.99532273,685298.6788704238,6288776.034730523,2217.3767798902654,far-field,D20171215,2017-12-15,0.55543995,0
D10148419250,-33.5248711,148.99611002,685371.1273314147,6288739.506694036,2251.8158995901645,far-field,D20171215,2017-12-15,0.6055291,0
D10148419253,-33.52483926,148.99597468,685358.6247864398,6288743.279584281,2248.231518422818,far-field,D20171215,2017-12-15,0.76070154,1
D10148419254,-33.52482999,148.99593522,685354.9794893902,6288744.378133872,2247.2011444498785,far-field,D20171215,2017-12-15,0.5779578,0
D10148419255,-33.52482066,148.99589551,685351.3110994003,6288745.483782723,2246.1701406469406,far-field,D20171215,2017-12-15,0.4497622,0
D10148419263,-33.52474575,148.99557667,685321.8567861575,6288754.360937145,2238.1128745486194,far-field,D20171215,2017-12-15,0.45191735,0
D10148419266,-33.52471871,148.99546155,685311.2220191837,6288757.565322342,2235.301410533941,far-field,D20171215,2017-12-15,0.584349,0
D10148419269,-33.52469278,148.99535109,685301.0177032916,6288760.638272688,2232.6540941472736,far-field,D20171215,2017-12-15,0.2896106,0
D10148519066,-33.52673536,149.00348435,686052.068348625,6288519.558627884,2556.4903970112864,far-field,D20171215,2017-12-15,0.6890606,0
D10148519248,-33.52501297,148.99615314,685374.8295065549,6288723.696795866,2267.5825895157427,far-field,D20171215,2017-12-15,0.29637337,0
D10148519249,-33.52500236,148.99610804,685370.6632312307,6288724.95403626,2266.3731698783135,far-field,D20171215,2017-12-15,0.41988704,0
D10148519251,-33.52498087,148.99601668,685362.2235121917,6288727.500527244,2263.947207057362,far-field,D20171215,2017-12-15,0.26746434,0
D10148519252,-33.52497057,148.99597285,685358.1745308507,6288728.721113839,2262.7957115522145,far-field,D20171215,2017-12-15,0.46046373,0
D10148519259,-33.52490525,148.99569486,685332.493993382,6288736.461780991,2255.6641844132587,far-field,D20171215,2017-12-15,0.6391944,0
D10148519260,-33.5248959,148.99565504,685328.8154302258,6288737.569835853,2254.6676636747848,far-field,D20171215,2017-12-15,0.7868609,1
D10148519263,-33.52486801,148.99553635,685317.8509130356,6288740.87487216,2251.7313432690153,far-field,D20171215,2017-12-15,0.6195006,0
D10148619135,-33.52618679,149.00058919,685784.3422193577,6288585.584630748,2436.2809465327814,far-field,D20171215,2017-12-15,0.60969085,0
D10148619245,-33.52516447,148.9962372,685382.3136431051,6288706.745767325,2284.466671341396,far-field,D20171215,2017-12-15,0.6564358,0
D10148619246,-33.52515422,148.9961936,685378.2859285203,6288707.960406863,2283.2845596026827,far-field,D20171215,2017-12-15,0.34133473,0
D10148619248,-33.5251336,148.99610591,685370.1852412223,6288710.403864324,2280.9281638169477,far-field,D20171215,2017-12-15,0.18772295,0
D10148619251,-33.5251025,148.99597368,685357.9700140668,6288714.089132199,2277.4290093727104,far-field,D20171215,2017-12-15,0.47228003,0
D10148619252,-33.52509334,148.99593468,685354.3672186034,6288715.17466116,2276.411002518627,far-field,D20171215,2017-12-15,0.88770807,1
D10148619260,-33.52501814,148.99561464,685324.8021644384,6288724.086134234,2268.2721606060313,far-field,D20171215,2017-12-15,0.2947384,0
D10148619261,-33.52500862,148.99557413,685321.0598804703,6288725.214271964,2267.269723497432,far-field,D20171215,2017-12-15,0.658368,0
D10148719241,-33.52532702,148.99636819,685394.1330409021,6288688.485415418,2302.6726696610876,far-field,D20171215,2017-12-15,0.5027497,0
D10148719245,-33.52528468,148.99618819,685377.5049427479,6288693.502597848,2297.748871854122,far-field,D20171215,2017-12-15,0.58955115,0
D10148719246,-33.52527444,148.99614465,685373.482784838,6288694.71601938,2296.576182968083,far-field,D20171215,2017-12-15,0.5455559,0
D10148719248,-33.52525397,148.99605759,685365.4403025277,6288697.14171255,2294.253209844731,far-field,D20171215,2017-12-15,0.36474437,0
D10148719249,-33.52524375,148.99601413,685361.4255296155,6288698.352767963,2293.104066422568,far-field,D20171215,2017-12-15,0.2676873,0
D10148819240,-33.52545727,148.99636192,685393.2726017011,6288674.052432254,2317.107488058773,far-field,D20171215,2017-12-15,0.83234245,1
D10148819241,-33.52544652,148.99631623,685389.0518497484,6288675.326262157,2315.8474392120766,far-field,D20171215,2017-12-15,0.3233502,0
D10148819242,-33.52543574,148.99627041,685384.8190863855,6288676.603649485,2314.5916169215075,far-field,D20171215,2017-12-15,0.6035226,0
D10148919133,-33.52655554,149.00047726,685773.1572887358,6288544.892277239,2474.7517171265677,far-field,D20171215,2017-12-15,0.6547265,0
D10148919236,-33.52561807,148.99648555,685404.4120728506,6288655.999292782,2335.1611535857805,far-field,D20171215,2017-12-15,0.42731866,0
D10148919237,-33.52560773,148.99644158,685400.3502086852,6288657.224584964,2333.92949628828,far-field,D20171215,2017-12-15,0.2148484,0
D10148919241,-33.52556611,148.99626464,685384.0048446886,6288662.15646437,2329.0435457678573,far-field,D20171215,2017-12-15,0.37648633,0
D10148919242,-33.52555584,148.99622095,685379.968832841,6288663.3734843545,2327.8555649623745,far-field,D20171215,2017-12-15,0.93653387,1
D10148919246,-33.52551486,148.9960467,685363.8719316672,6288668.229545531,2323.1853700877205,far-field,D20171215,2017-12-15,0.7285969,0
D10149019133,-33.52667645,149.0004312,685768.6205973232,6288531.566366715,2487.246296996691,far-field,D20171215,2017-12-15,0.49606124,0
D10149019134,-33.52666744,149.00039287,685765.0798163789,6288532.634219628,2485.6659877526527,far-field,D20171215,2017-12-15,0.53173304,0
D10149019232,-33.52577913,148.99661029,685415.6540419282,6288637.915320116,2353.2991093021083,far-field,D20171215,2017-12-15,0.45972058,0
D10149019236,-33.52573736,148.99643273,685399.2514523074,6288642.86497047,2348.288602375947,far-field,D20171215,2017-12-15,0.35114446,0
D10149019237,-33.52572711,148.99638914,685395.2246955582,6288644.079600578,2347.0765176401537,far-field,D20171215,2017-12-15,0.26857907,0
D10149019239,-33.52570662,148.99630197,685387.172086751,6288646.5077287685,2344.6742304539807,far-field,D20171215,2017-12-15,0.34185493,0
D10149019241,-33.52568612,148.9962148,685379.1194956118,6288648.936959002,2342.2985786915065,far-field,D20171215,2017-12-15,0.15063912,0
D10149019243,-33.52566562,148.99612761,685371.0650431891,6288651.366218077,2339.950742062399,far-field,D20171215,2017-12-15,0.5995838,0
D10149119134,-33.52678935,149.00035102,685760.9320219858,6288519.189866532,2498.359582601231,far-field,D20171215,2017-12-15,0.7369946,0
D10149119232,-33.52589859,148.99655815,685410.5562086502,6288624.760934876,2366.4221707785473,far-field,D20171215,2017-12-15,0.70600474,0
D10149119233,-33.52588829,148.99651435,685406.5100627631,6288625.981490469,2365.1848459540925,far-field,D20171215,2017-12-15,0.56591856,0
D10149119234,-33.52587806,148.99647086,685402.4925592468,6288627.193727248,2363.9627934076666,far-field,D20171215,2017-12-15,0.62113553,0
D10149119235,-33.52586782,148.99642733,685398.471360973,6288628.407142792,2362.746383554646,far-field,D20171215,2017-12-15,0.2964477,0
D10149119237,-33.52584732,148.99634013,685390.4160011811,6288630.836436962,2360.331689423616,far-field,D20171215,2017-12-15,0.3508472,0
D10149119241,-33.52580676,148.99616762,685374.4798743525,6288635.642831078,2355.6354212929905,far-field,D20171215,2017-12-15,0.33910522,0
D10149219208,-33.52625376,148.99750882,685498.0955936519,6288583.673509054,2409.530067284682,far-field,D20171215,2017-12-15,0.49851367,0
D10149219227,-33.52606954,148.99672499,685425.687241489,6288605.504897392,2385.801009983644,far-field,D20171215,2017-12-15,0.5794441,0
D10149219228,-33.52605963,148.99668283,685421.792595308,6288606.679277363,2384.585844147,far-field,D20171215,2017-12-15,0.8965517,1
D10149219229,-33.52604964,148.99664034,685417.8674687903,6288607.863117564,2383.367296650087,far-field,D20171215,2017-12-15,0.5241528,0
D10149219231,-33.52602943,148.99655438,685409.9266820934,6288610.258051651,2380.921827870365,far-field,D20171215,2017-12-15,0.8285523,1
D10149219234,-33.52599845,148.99642263,685397.7559230556,6288613.92921081,2377.2244984470267,far-field,D20171215,2017-12-15,0.4134215,0
D10149219241,-33.52592794,148.99612275,685370.0536641411,6288622.284687321,2369.04228933191,far-field,D20171215,2017-12-15,0.9725773,1
D10149319200,-33.52645201,148.99779189,685523.9634252188,6288561.181881942,2433.196996482402,far-field,D20171215,2017-12-15,0.29124555,0
D10149319202,-33.52643257,148.99770917,685516.3219826592,6288563.485719033,2430.5145031870443,far-field,D20171215,2017-12-15,0.50795186,0
D10149319205,-33.52640314,148.99758396,685504.7554357521,6288566.973426756,2426.497939207219,far-field,D20171215,2017-12-15,0.4269471,0
D10149319210,-33.52635336,148.9973722,685485.1936411257,6288572.872699654,2419.8263353422,far-field,D20171215,2017-12-15,0.56539834,0
D10149319211,-33.5263435,148.99733028,685481.3211984342,6288574.0411304645,2418.52329969834,far-field,D20171215,2017-12-15,0.43779728,0
D10149319213,-33.52632392,148.99724695,685473.6233799679,6288576.361549491,2415.9533299650498,far-field,D20171215,2017-12-15,0.5455559,0
D10149319216,-33.52629481,148.99712311,685462.1833664144,6288579.811267128,2412.1771935703423,far-field,D20171215,2017-12-15,0.39283592,0
D10149319219,-33.52626587,148.99699993,685450.804282824,6288583.240937937,2408.475776794215,far-field,D20171215,2017-12-15,0.351739,0
D10149319220,-33.52625631,148.99695926,685447.0472912405,6288584.373849902,2407.26477814973,far-field,D20171215,2017-12-15,0.64313316,0
D10149319223,-33.52622754,148.99683683,685435.7374944771,6288587.783308597,2403.655239542345,far-field,D20171215,2017-12-15,0.5032699,0
D10149319225,-33.52620878,148.99675699,685428.3620546263,6288590.006513648,2401.3299367033096,far-field,D20171215,2017-12-15,0.6934453,0
D10149319227,-33.52619013,148.99667759,685421.0272438069,6288592.21672743,2399.040483170929,far-field,D20171215,2017-12-15,0.9796373,1
D10149319229,-33.52617103,148.99659634,685413.5215635935,6288594.480147115,2396.719061510048,far-field,D20171215,2017-12-15,0.54674494,0
D10149319230,-33.52616138,148.99655524,685409.7248180077,6288595.623793753,2395.554989000887,far-field,D20171215,2017-12-15,0.42806184,0
D10149419174,-33.52680612,148.99873898,685611.1715517594,6288520.217334589,2480.052529188899,far-field,D20171215,2017-12-15,0.54042804,0
D10149419176,-33.52678693,148.99865728,685603.6243610951,6288522.491693286,2477.1508412954286,far-field,D20171215,2017-12-15,0.67910224,0
D10149419180,-33.52674964,148.99849855,685588.9613852983,6288526.911156147,2471.574708639826,far-field,D20171215,2017-12-15,0.33932817,0
D10149419182,-33.5267322,148.99842426,685582.0986784365,6288528.978164991,2468.994647515614,far-field,D20171215,2017-12-15,0.45377526,0
D10149419186,-33.52669774,148.99827743,685568.5348974544,6288533.062459001,2463.949707289012,far-field,D20171215,2017-12-15,0.27608502,0
D10149419188,-33.52668069,148.99820479,685561.8245996641,6288535.083250263,2461.4799815034403,far-field,D20171215,2017-12-15,0.5245987,0
D10149419191,-33.52665416,148.99809179,685551.3859574131,6288538.227564268,2457.672088162639,far-field,D20171215,2017-12-15,0.53723246,0
D10149419192,-33.52664526,148.99805389,685547.8848579219,6288539.282368052,2456.4042351427684,far-field,D20171215,2017-12-15,0.53938764,0
D10149419197,-33.5265999,148.99786077,685530.0449650594,6288544.658215918,2450.0173560780204,far-field,D20171215,2017-12-15,0.5212545,0
D10149419199,-33.52658089,148.99777987,685522.5716584254,6288546.911116488,2447.3781300104283,far-field,D20171215,2017-12-15,0.25475624,0
D10149419201,-33.52656162,148.99769784,685514.9939506322,6288549.194866028,2444.725194287799,far-field,D20171215,2017-12-15,0.34884065,0
D10149419203,-33.52654207,148.99761467,685507.3109554775,6288551.511700101,2442.0572898868695,far-field,D20171215,2017-12-15,0.5265309,0
D10149419205,-33.52652278,148.99753257,685499.7267823028,6288553.797780473,2439.4476831085826,far-field,D20171215,2017-12-15,0.4205559,0
D10149419208,-33.5264936,148.99740844,685488.260018116,6288557.2558123525,2435.544114194483,far-field,D20171215,2017-12-15,0.31428358,0
D10149419209,-33.52648376,148.99736654,685484.3893970116,6288558.421991013,2434.239432915502,far-field,D20171215,2017-12-15,0.4707937,0
D10149419210,-33.52647366,148.9973236,685480.4227359938,6288559.618861608,2432.9068671854875,far-field,D20171215,2017-12-15,0.32178953,0
D10149419211,-33.5264636,148.99728083,685476.4717781222,6288560.810990561,2431.585872437632,far-field,D20171215,2017-12-15,0.21618609,0
D10149419212,-33.52645359,148.99723822,685472.5355732528,6288561.997286817,2430.277445667477,far-field,D20171215,2017-12-15,0.41899523,0
D10149419213,-33.52644362,148.99719581,685468.6178579216,6288563.178787801,2428.9805974412975,far-field,D20171215,2017-12-15,0.3613258,0
D10149419219,-33.52638599,148.99695057,685445.9632182056,6288570.008405577,2421.605953668367,far-field,D20171215,2017-12-15,0.53113854,0
D10149419225,-33.52633006,148.99671253,685423.9736509267,6288576.6365685575,2414.648988489231,far-field,D20171215,2017-12-15,0.85731274,1
D10149419227,-33.52631167,148.99663424,685416.7413907165,6288578.815961378,2412.404852729437,far-field,D20171215,2017-12-15,0.91892093,1
D10149419229,-33.52629333,148.99655615,685409.5275966686,6288580.989446158,2410.1882908643224,far-field,D20171215,2017-12-15,0.45697087,0
D10149519148,-33.52715557,148.99966645,685696.5666609672,6288479.803880855,2528.9501003066566,far-field,D20171215,2017-12-15,0.6491528,0
D10149519159,-33.52705804,148.99925101,685658.1897172276,6288491.3636037065,2513.219698910131,far-field,D20171215,2017-12-15,0.73840666,0
D10149519165,-33.52700856,148.99904013,685638.7092458828,6288497.228355093,2505.445414879352,far-field,D20171215,2017-12-15,0.47696194,0
D10149519171,-33.52695384,148.99880712,685617.1845470842,6288503.713782061,2497.0147058306316,far-field,D20171215,2017-12-15,0.52675384,0
D10149519172,-33.52694473,148.99876833,685613.6012528958,6288504.793492228,2495.628054319243,far-field,D20171215,2017-12-15,0.29674494,0
D10149519173,-33.52693542,148.99872867,685609.9375809446,6288505.896937778,2494.2157892281634,far-field,D20171215,2017-12-15,0.25624257,0
D10149519174,-33.52692603,148.99868872,685606.247144379,6288507.009772755,2492.7970118483736,far-field,D20171215,2017-12-15,0.41572532,0
D10149519176,-33.52690717,148.99860844,685598.831145972,6288509.2449902985,2489.9625931127152,far-field,D20171215,2017-12-15,0.6941885,0
D10149519180,-33.52686971,148.998449,685584.1026084322,6288513.684569983,2484.394987480831,far-field,D20171215,2017-12-15,0.3896403,0
D10149519182,-33.52685229,148.99837479,685577.2472979646,6288515.749214655,2481.8335637329906,far-field,D20171215,2017-12-15,0.24450059,0
D10149519183,-33.52684348,148.99833726,685573.7803819169,6288516.793385435,2480.545019046252,far-field,D20171215,2017-12-15,0.80804104,1
D10149519186,-33.52681695,148.99822428,685563.3436206175,6288519.937677719,2476.6929743767,far-field,D20171215,2017-12-15,0.23595423,0
D10149519188,-33.52679985,148.99815138,685556.6092896567,6288521.964475894,2474.231799903351,far-field,D20171215,2017-12-15,0.6007729,0
D10149519189,-33.52679119,148.99811449,685553.2014915427,6288522.990859212,2472.9922966140007,far-field,D20171215,2017-12-15,0.4475327,0
D10149519192,-33.52676506,148.99800317,685542.9180424341,6288526.0877993945,2469.279563891913,far-field,D20171215,2017-12-15,0.45607907,0
D10149519194,-33.5267475,148.99792839,685536.0100740818,6288528.168959446,2466.8078594556987,far-field,D20171215,2017-12-15,0.72599584,0
D10149519197,-33.52672052,148.9978135,685525.3968529947,6288531.366530758,2463.04660911462,far-field,D20171215,2017-12-15,0.571195,0
D10149519199,-33.52670242,148.99773642,685518.2764097303,6288533.511677342,2460.5480541837287,far-field,D20171215,2017-12-15,0.36786562,0
D10149519201,-33.52668388,148.9976575,685510.9860061735,6288535.708905106,2458.009662814025,far-field,D20171215,2017-12-15,0.3247622,0
D10149519202,-33.52667394,148.9976152,685507.0784581213,6288536.886898743,2456.657445864036,far-field,D20171215,2017-12-15,0.73097503,0
D10149519203,-33.5266639,148.9975725,685503.1339712056,6288538.076696049,2455.2979040206824,far-field,D20171215,2017-12-15,0.42129904,0
D10149519204,-33.5266539,148.99752997,685499.2051873989,6288539.261751693,2453.9499068795694,far-field,D20171215,2017-12-15,0.7061534,0
D10149519208,-33.52661423,148.99736122,685483.6165828884,6288543.96291112,2448.6626936797716,far-field,D20171215,2017-12-15,0.48573127,0
D10149519209,-33.52660423,148.99731867,685479.6859371471,6288545.147994363,2447.3451348483786,far-field,D20171215,2017-12-15,0.42887932,0
D10149519210,-33.52659415,148.9972758,685475.7257400883,6288546.342520109,2446.023388508567,far-field,D20171215,2017-12-15,0.3914239,0
D10149519211,-33.52658399,148.99723259,685471.7341341052,6288547.546524101,2444.6975141166035,far-field,D20171215,2017-12-15,0.5633918,0
D10149519213,-33.52656346,148.9971453,685463.6705630848,6288549.979371447,2442.0379906191392,far-field,D20171215,2017-12-15,0.6359988,0
D10149519227,-33.52643423,148.99659514,685412.848107131,6288565.294479279,2425.900164462542,far-field,D20171215,2017-12-15,0.49137932,0
D10149619148,-33.52728017,148.99963596,685693.4683270627,6288466.040845094,2542.2567875486316,far-field,D20171215,2017-12-15,0.7881986,1
D10149619151,-33.52725317,148.99952097,685682.8459722208,6288469.240992449,2537.867092055588,far-field,D20171215,2017-12-15,0.42731866,0
D10149619152,-33.52724415,148.99948255,685679.2968695585,6288470.310084669,2536.4096730086007,far-field,D20171215,2017-12-15,0.8521849,1
D10149619159,-33.52718172,148.99921665,685654.7339636337,6288477.709512573,2526.4487001871917,far-field,D20171215,2017-12-15,0.7326843,0
D10149619160,-33.52717304,148.99917968,685651.3188022748,6288478.738292983,2525.081294920354,far-field,D20171215,2017-12-15,0.45124853,0
D10149619162,-33.52715576,148.99910609,685644.5208140308,6288480.786351666,2522.3719989235888,far-field,D20171215,2017-12-15,0.6612663,0
D10149619165,-33.52712934,148.99899353,685634.1228847407,6288483.917772874,2518.2622551376717,far-field,D20171215,2017-12-15,0.54399526,0
D10149619170,-33.52708294,148.99879602,685615.877620769,6288489.416978972,2511.143641865455,far-field,D20171215,2017-12-15,0.539462,0
D10149619172,-33.52706469,148.99871828,685608.6962458745,6288491.580010785,2508.3773665510403,far-field,D20171215,2017-12-15,0.15390904,0
D10149619173,-33.52705551,148.9986792,685605.0861703756,6288492.667999862,2506.9934511206857,far-field,D20171215,2017-12-15,0.22138824,0
D10149619186,-33.52694027,148.99818839,685559.7466613944,6288506.326219526,2490.03930178924,far-field,D20171215,2017-12-15,0.6944114,0
D10149619191,-33.52689705,148.99800427,685542.7381729427,6288511.448668416,2483.8834247640543,far-field,D20171215,2017-12-15,0.5500892,0
D10149719148,-33.52740474,148.99960536,685690.3598479781,6288452.281332358,2555.5674072323,far-field,D20171215,2017-12-15,0.90331453,1
D10149719149,-33.5273958,148.99956727,685686.8412311374,6288453.340964951,2554.115386393099,far-field,D20171215,2017-12-15,0.9045036,1
