Trend p-values (Spearman approximation):
- core_mean_risk_p: 0.00012299960718831215
- auc_core_vs_near_p: 1.2575634001921188e-05