Trend p-values (Spearman approximation):
- core_mean_risk_p: 2.886579864025407e-14
- auc_core_vs_near_p: 1.7631333504297686e-08