Trend p-values (Spearman approximation):
- core_mean_risk_p: 0.0003388897924176959
- auc_core_vs_near_p: 8.305737147029646e-05