Trend p-values (Spearman approximation):
- core_mean_risk_p: 2.606401983129558e-09
- auc_core_vs_near_p: 0.004844226312575861