Trend p-values (Spearman approximation):
- core_mean_risk_p: 8.881784197001252e-16
- auc_core_vs_near_p: 3.958056022934642e-06