Trend p-values (Spearman approximation):
- core_mean_risk_p: 6.8353239131013765e-06
- auc_core_vs_near_p: 0.00026671069352524057