Trend p-values (Spearman approximation):
- core_mean_risk_p: 1.113091840920788e-10
- auc_core_vs_near_p: 0.0008491612390826297