Trend p-values (Spearman approximation):
- core_mean_risk_p: 2.7181180883184552e-05
- auc_core_vs_near_p: 5.374871460350761e-06