Trend p-values (Spearman approximation):
- core_mean_risk_p: 1.3145040611561853e-13
- auc_core_vs_near_p: 0.0004946810143988678