Trend p-values (Spearman approximation):
- core_mean_risk_p: 9.675645060713833e-07
- auc_core_vs_near_p: 2.883344189186232e-06