Trend p-values (Spearman approximation):
- core_mean_risk_p: 1.2575634001921188e-05
- auc_core_vs_near_p: 0.0014092503211964313