Trend p-values (Spearman approximation):
- core_mean_risk_p: 1.2265490845209115e-09
- auc_core_vs_near_p: 1.286407750766827e-06