Trend p-values (Spearman approximation):
- core_mean_risk_p: 2.824407374646398e-13
- auc_core_vs_near_p: 0.0005207828406423864