Trend p-values (Spearman approximation):
- core_mean_risk_p: 7.355800413222369e-10
- auc_core_vs_near_p: 1.569200347439903e-08