Trend p-values (Spearman approximation):
- core_mean_risk_p: 2.443540703112035e-09
- auc_core_vs_near_p: 7.821979997046924e-08