Trend p-values (Spearman approximation):
- core_mean_risk_p: 0.00025396824410384156
- auc_core_vs_near_p: 0.0002417475530049895