Trend p-values (Spearman approximation):
- core_mean_risk_p: 1.3865128156709261e-08
- auc_core_vs_near_p: 4.522139751550469e-08