Trend p-values (Spearman approximation):
- core_mean_risk_p: 1.359350410012894e-09
- auc_core_vs_near_p: 1.569200347439903e-08