Trend p-values (Spearman approximation):
- core_mean_risk_p: 0.0007200857440219366
- auc_core_vs_near_p: 0.003034075117110291