Trend p-values (Spearman approximation):
- core_mean_risk_p: 1.0035403619212957e-09
- auc_core_vs_near_p: 1.7736770940857127e-08