Trend p-values (Spearman approximation):
- core_mean_risk_p: 1.2234950164113911e-08
- auc_core_vs_near_p: 8.700178133480563e-08