Trend p-values (Spearman approximation):
- core_mean_risk_p: 2.3087753930894905e-11
- auc_core_vs_near_p: 3.9258004624898035e-07