Trend p-values (Spearman approximation):
- core_mean_risk_p: 4.440892098500626e-16
- auc_core_vs_near_p: 0.00016048071707874811