Trend p-values (Spearman approximation):
- core_mean_risk_p: 0.038790119375406995
- auc_core_vs_near_p: 0.4545402770148419