Trend p-values (Spearman approximation):
- core_mean_risk_p: 4.440892098500626e-15
- auc_core_vs_near_p: 4.440892098500626e-16