Trend p-values (Spearman approximation):
- core_mean_risk_p: 3.630618028438448e-10
- auc_core_vs_near_p: 1.3795783440073706e-06